Time (seconds), Duration (seconds),pred_unlabelled,pred_sirens
0.00000,1.01194,0.10482,0.89518
0.12000,1.01194,0.13477,0.86523
0.24000,1.01194,0.06029,0.93971
0.36000,1.01194,0.00892,0.99108
0.48000,1.01194,0.01645,0.98355
0.60000,1.01194,0.00400,0.99600
0.72000,1.01194,0.00516,0.99484
0.84000,1.01194,0.00591,0.99409
0.96000,1.01194,0.00466,0.99534
1.08000,1.01194,0.00247,0.99753
1.20000,1.01194,0.00444,0.99556
1.32000,1.01194,0.00277,0.99723
1.44000,1.01194,0.00271,0.99729
1.56000,1.01194,0.00865,0.99135
1.68000,1.01194,0.00487,0.99513
1.80000,1.01194,0.00572,0.99428
1.92000,1.01194,0.00780,0.99220
2.04000,1.01194,0.00743,0.99257
2.16000,1.01194,0.00468,0.99532
2.28000,1.01194,0.00708,0.99292
2.40000,1.01194,0.00485,0.99515
2.52000,1.01194,0.00191,0.99809
2.64000,1.01194,0.00134,0.99866
2.76000,1.01194,0.00065,0.99935
2.88000,1.01194,0.00041,0.99959
3.00000,1.01194,0.00017,0.99983
3.12000,1.01194,0.00007,0.99993
3.24000,1.01194,0.00020,0.99980
3.36000,1.01194,0.00008,0.99992
3.48000,1.01194,0.00022,0.99978
3.60000,1.01194,0.00040,0.99960
3.72000,1.01194,0.00105,0.99895
3.84000,1.01194,0.00523,0.99477
3.96000,1.01194,0.00366,0.99634
4.08000,1.01194,0.00431,0.99569
4.20000,1.01194,0.00606,0.99394
4.32000,1.01194,0.00603,0.99397
4.44000,1.01194,0.00694,0.99306
4.56000,1.01194,0.00750,0.99250
4.68000,1.01194,0.00991,0.99009
4.80000,1.01194,0.00892,0.99108
4.92000,1.01194,0.01850,0.98150
5.04000,1.01194,0.01499,0.98501
5.16000,1.01194,0.02744,0.97256
5.28000,1.01194,0.07084,0.92916
5.40000,1.01194,0.02084,0.97916
5.52000,1.01194,0.02693,0.97307
5.64000,1.01194,0.02972,0.97028
5.76000,1.01194,0.01432,0.98568
5.88000,1.01194,0.00745,0.99255
6.00000,1.01194,0.00422,0.99578
6.12000,1.01194,0.00381,0.99619
6.24000,1.01194,0.00691,0.99309
6.36000,1.01194,0.01475,0.98525
6.48000,1.01194,0.00690,0.99310
6.60000,1.01194,0.00786,0.99214
6.72000,1.01194,0.00526,0.99474
6.84000,1.01194,0.00194,0.99806
6.96000,1.01194,0.00159,0.99841
7.08000,1.01194,0.00073,0.99927
7.20000,1.01194,0.00062,0.99938
7.32000,1.01194,0.00045,0.99955
7.44000,1.01194,0.00078,0.99922
7.56000,1.01194,0.00070,0.99930
7.68000,1.01194,0.00183,0.99817
7.80000,1.01194,0.00311,0.99689
7.92000,1.01194,0.01343,0.98657
8.04000,1.01194,0.01094,0.98906
8.16000,1.01194,0.01682,0.98318
8.28000,1.01194,0.01426,0.98574
8.40000,1.01194,0.01694,0.98306
8.52000,1.01194,0.01912,0.98088
8.64000,1.01194,0.02125,0.97875
8.76000,1.01194,0.04902,0.95098
8.88000,1.01194,0.11614,0.88386
9.00000,1.01194,0.09829,0.90171
9.12000,1.01194,0.07750,0.92250
9.24000,1.01194,0.02078,0.97922
9.36000,1.01194,0.04438,0.95562
9.48000,1.01194,0.12640,0.87360
9.60000,1.01194,0.17413,0.82587
9.72000,1.01194,0.20924,0.79076
9.84000,1.01194,0.26291,0.73709
9.96000,1.01194,0.21448,0.78552
10.08000,1.01194,0.26691,0.73309
10.20000,1.01194,0.46596,0.53404
10.32000,1.01194,0.28650,0.71350
10.44000,1.01194,0.20445,0.79555
10.56000,1.01194,0.18308,0.81692
10.68000,1.01194,0.10077,0.89923
10.80000,1.01194,0.14314,0.85686
10.92000,1.01194,0.14609,0.85391
11.04000,1.01194,0.10141,0.89859
11.16000,1.01194,0.08495,0.91505
11.28000,1.01194,0.07539,0.92461
11.40000,1.01194,0.07358,0.92642
11.52000,1.01194,0.07186,0.92814
11.64000,1.01194,0.17947,0.82053
11.76000,1.01194,0.18425,0.81575
11.88000,1.01194,0.19340,0.80660
12.00000,1.01194,0.14912,0.85088
12.12000,1.01194,0.23416,0.76584
12.24000,1.01194,0.18736,0.81264
12.36000,1.01194,0.33950,0.66050
12.48000,1.01194,0.31551,0.68449
12.60000,1.01194,0.38459,0.61541
12.72000,1.01194,0.22670,0.77330
12.84000,1.01194,0.37881,0.62119
12.96000,1.01194,0.09707,0.90293
13.08000,1.01194,0.28377,0.71623
13.20000,1.01194,0.18650,0.81350
13.32000,1.01194,0.27145,0.72855
13.44000,1.01194,0.21530,0.78470
13.56000,1.01194,0.38785,0.61215
13.68000,1.01194,0.46003,0.53997
13.80000,1.01194,0.61733,0.38267
13.92000,1.01194,0.39120,0.60880
14.04000,1.01194,0.34519,0.65481
14.16000,1.01194,0.29245,0.70755
14.28000,1.01194,0.17622,0.82378
14.40000,1.01194,0.15095,0.84905
14.52000,1.01194,0.07259,0.92741
14.64000,1.01194,0.03304,0.96696
14.76000,1.01194,0.03083,0.96917
14.88000,1.01194,0.08557,0.91443
15.00000,1.01194,0.10028,0.89972
15.12000,1.01194,0.13443,0.86557
15.24000,1.01194,0.10727,0.89273
15.36000,1.01194,0.16361,0.83639
15.48000,1.01194,0.31289,0.68711
15.60000,1.01194,0.29772,0.70228
15.72000,1.01194,0.37774,0.62226
15.84000,1.01194,0.19727,0.80273
15.96000,1.01194,0.26782,0.73218
16.08000,1.01194,0.16375,0.83625
16.20000,1.01194,0.46369,0.53631
16.32000,1.01194,0.18409,0.81591
16.44000,1.01194,0.26729,0.73271
16.56000,1.01194,0.41187,0.58813
16.68000,1.01194,0.24111,0.75889
16.80000,1.01194,0.21234,0.78766
16.92000,1.01194,0.52976,0.47024
17.04000,1.01194,0.26715,0.73285
17.16000,1.01194,0.18697,0.81303
17.28000,1.01194,0.19828,0.80172
17.40000,1.01194,0.09609,0.90391
17.52000,1.01194,0.27233,0.72767
17.64000,1.01194,0.22370,0.77630
17.76000,1.01194,0.47247,0.52753
17.88000,1.01194,0.16916,0.83084
18.00000,1.01194,0.58312,0.41688
18.12000,1.01194,0.61367,0.38633
18.24000,1.01194,0.57815,0.42185
18.36000,1.01194,0.49908,0.50092
18.48000,1.01194,0.44109,0.55891
18.60000,1.01194,0.57585,0.42415
18.72000,1.01194,0.64826,0.35174
18.84000,1.01194,0.66138,0.33862
18.96000,1.01194,0.31320,0.68680
19.08000,1.01194,0.55518,0.44482
