Time (seconds), Duration (seconds),pred_unlabelled,pred_touch
0.00000,0.11000,0.99999,0.00001
0.05400,0.10900,0.99999,0.00001
0.10100,0.11700,0.99999,0.00001
0.15200,0.11700,0.99999,0.00001
0.20600,0.10300,0.99999,0.00001
0.26000,0.08800,0.99999,0.00001
0.30200,0.08700,0.99999,0.00001
0.34000,0.09400,0.99999,0.00001
0.38100,0.10000,0.99999,0.00001
0.42600,0.10700,0.99999,0.00001
0.47100,0.12000,0.99999,0.00001
0.52300,0.11500,0.99999,0.00001
0.57900,0.10900,0.99999,0.00001
0.62800,0.10700,0.99999,0.00001
0.67700,0.11100,0.99999,0.00001
0.72500,0.10300,0.99999,0.00001
0.77900,0.09000,0.99998,0.00002
0.82000,0.08800,0.99999,0.00001
0.86100,0.08800,0.99999,0.00001
0.90000,0.08700,0.99998,0.00002
0.94100,0.08300,0.99999,0.00001
0.98000,0.08100,0.99998,0.00002
1.01700,0.08800,0.99998,0.00002
1.05400,0.10200,0.99999,0.00001
1.09400,0.11500,0.99999,0.00001
1.14700,0.11300,0.99999,0.00001
1.19800,0.11300,0.99999,0.00001
1.25100,0.11000,0.99998,0.00002
1.30200,0.10700,0.99997,0.00003
1.35000,0.11600,0.99940,0.00060
1.39800,0.11500,0.99849,0.00151
1.45400,0.11200,0.99927,0.00073
1.50300,0.10700,0.99998,0.00002
1.55600,0.10100,0.99999,0.00001
1.60000,0.10400,0.99998,0.00002
1.64800,0.11100,0.99999,0.00001
1.69300,0.12100,0.99998,0.00002
1.74700,0.11800,0.99878,0.00122
1.80500,0.11300,0.98691,0.01309
1.85400,0.11700,0.32648,0.67352
1.90900,0.11200,0.99986,0.00014
1.95800,0.11300,0.99995,0.00005
2.01200,0.11500,0.99999,0.00001
2.06000,0.11400,0.99998,0.00002
2.11500,0.10600,0.99989,0.00011
2.16500,0.10900,0.99548,0.00452
2.21200,0.11900,0.00006,0.99994
2.26400,0.11200,0.99999,0.00001
2.31900,0.10700,0.99939,0.00061
2.36800,0.10500,0.99992,0.00008
2.41500,0.09900,0.99993,0.00007
2.46400,0.08800,0.99999,0.00001
2.50600,0.09500,0.99830,0.00170
2.54200,0.11600,0.01259,0.98741
2.59000,0.11700,0.00000,1.00000
2.64700,0.11200,0.99999,0.00001
2.69600,0.11300,1.00000,0.00000
2.74900,0.11600,0.99998,0.00002
2.79800,0.12000,0.99992,0.00008
2.85500,0.11400,0.99985,0.00015
2.90900,0.10100,0.05519,0.94481
2.96100,0.08800,0.00562,0.99438
3.00400,0.08200,0.00038,0.99962
3.04200,0.08200,0.92397,0.07603
3.07900,0.08500,1.00000,0.00000
3.11700,0.08200,0.99999,0.00001
3.15700,0.08100,1.00000,0.00000
3.19300,0.08300,0.99999,0.00001
3.23000,0.08400,0.99989,0.00011
3.26800,0.08900,0.99881,0.00119
3.30700,0.10000,0.00826,0.99174
3.34900,0.11400,0.00007,0.99993
3.39600,0.11400,0.99998,0.00002
3.45200,0.11000,1.00000,0.00000
3.50100,0.11300,0.99999,0.00001
3.55400,0.10800,0.99999,0.00001
3.60300,0.10600,0.99995,0.00005
3.65200,0.10800,0.99833,0.00167
3.69900,0.11200,0.00942,0.99058
3.74900,0.11800,0.00017,0.99983
3.80200,0.11800,0.99996,0.00004
3.85500,0.11800,0.99999,0.00001
3.91000,0.11300,0.99999,0.00001
3.96100,0.11000,0.99998,0.00002
4.01200,0.10700,0.99999,0.00001
4.06100,0.10900,0.99868,0.00132
4.11100,0.10900,0.00842,0.99158
4.15900,0.10500,0.00388,0.99612
4.21100,0.10700,0.00000,1.00000
4.25400,0.11300,0.99927,0.00073
4.30600,0.11000,0.99993,0.00007
4.35800,0.10400,0.99999,0.00001
4.40400,0.10700,0.99999,0.00001
4.45400,0.10700,0.99918,0.00082
4.50200,0.11600,0.00644,0.99356
4.55100,0.11600,0.00949,0.99051
4.60700,0.10100,0.00672,0.99328
4.65900,0.09300,0.00659,0.99341
4.70000,0.10000,0.00911,0.99089
4.74200,0.11200,0.01005,0.98995
4.78900,0.11900,0.00668,0.99332
4.84400,0.11900,0.00802,0.99198
4.89600,0.11500,0.01177,0.98823
4.95200,0.11200,0.00761,0.99239
5.00100,0.11100,0.00000,1.00000
5.05400,0.11100,0.99998,0.00002
5.10200,0.11800,1.00000,0.00000
5.15500,0.10000,0.99999,0.00001
5.21200,0.08300,0.99993,0.00007
5.24800,0.08600,0.99985,0.00015
5.28600,0.08500,0.98050,0.01950
5.32700,0.08300,0.01003,0.98997
5.36400,0.08800,0.00001,0.99999
5.40000,0.10500,0.97126,0.02874
5.44400,0.10700,0.99996,0.00004
5.49400,0.11300,0.99995,0.00005
5.54100,0.11600,0.99990,0.00010
5.59500,0.11800,0.09740,0.90260
5.64600,0.11600,0.99997,0.00003
5.70300,0.10500,0.99999,0.00001
5.75300,0.10400,0.99994,0.00006
5.79900,0.11200,0.92838,0.07162
5.84800,0.11100,0.99897,0.00103
5.90000,0.10100,1.00000,0.00000
5.95100,0.09600,0.99995,0.00005
5.99300,0.10600,0.99953,0.00047
6.03900,0.10500,0.00000,1.00000
6.08900,0.10300,1.00000,0.00000
6.13600,0.11100,0.99935,0.00065
6.18200,0.12000,0.99948,0.00052
6.23500,0.12100,0.00746,0.99254
6.29000,0.11900,0.00906,0.99094
6.34600,0.11400,0.00722,0.99278
6.39800,0.10900,0.00655,0.99345
6.45000,0.11200,0.01211,0.98789
6.49800,0.11600,0.00964,0.99036
6.55200,0.11800,0.00404,0.99596
6.60400,0.12000,0.00000,1.00000
6.65700,0.11700,1.00000,0.00000
6.71400,0.10700,0.99999,0.00001
6.76400,0.09800,0.99998,0.00002
6.81200,0.09100,0.99975,0.00025
6.85500,0.09400,0.97405,0.02595
6.89500,0.09900,0.00000,1.00000
6.93900,0.10400,0.99993,0.00007
6.98500,0.10600,1.00000,0.00000
7.03300,0.10600,0.99999,0.00001
7.08000,0.10800,0.99994,0.00006
7.13000,0.11500,0.98549,0.01451
7.17600,0.12000,0.00000,1.00000
7.23200,0.11700,1.00000,0.00000
7.28600,0.11200,0.99992,0.00008
7.33900,0.09600,0.99914,0.00086
7.38900,0.08600,0.00759,0.99241
7.42800,0.08600,0.00000,1.00000
7.46600,0.08700,1.00000,0.00000
7.50700,0.08200,0.99998,0.00002
7.54600,0.09000,0.99999,0.00001
7.58200,0.10600,0.99905,0.00095
7.62500,0.11600,0.00000,1.00000
7.67600,0.11200,1.00000,0.00000
7.73200,0.10000,1.00000,0.00000
7.77800,0.09700,0.99999,0.00001
7.82400,0.10800,0.99912,0.00088
7.86500,0.11900,0.00581,0.99419
7.91900,0.11900,0.00435,0.99565
7.97300,0.10900,0.00878,0.99122
8.02700,0.10800,0.00478,0.99522
8.07300,0.10700,0.00527,0.99473
8.12400,0.09900,0.00659,0.99341
8.17100,0.10400,0.00670,0.99330
8.21400,0.11200,0.00566,0.99434
8.26500,0.11700,0.00645,0.99355
8.31500,0.11700,0.31675,0.68325
8.37000,0.11400,1.00000,0.00000
8.42200,0.11100,1.00000,0.00000
8.47200,0.11600,1.00000,0.00000
8.52300,0.11700,0.99720,0.00280
8.57800,0.11600,0.00645,0.99355
8.62700,0.11500,0.00002,0.99998
8.68400,0.10900,1.00000,0.00000
8.73000,0.10900,0.99999,0.00001
8.78300,0.10300,1.00000,0.00000
8.83000,0.10700,0.99946,0.00054
8.87700,0.10900,0.00674,0.99326
8.92900,0.10900,0.00001,0.99999
8.97600,0.11000,1.00000,0.00000
9.02600,0.09800,1.00000,0.00000
9.07900,0.09000,0.99999,0.00001
9.11700,0.09900,0.99967,0.00033
9.16000,0.10600,0.00603,0.99397
9.20800,0.11200,0.82683,0.17317
9.25700,0.11900,1.00000,0.00000
9.30800,0.12300,1.00000,0.00000
9.36800,0.11600,0.99313,0.00687
9.42000,0.10400,0.00420,0.99580
9.47400,0.09300,1.00000,0.00000
9.51700,0.08700,1.00000,0.00000
9.55800,0.08300,0.99997,0.00003
9.59700,0.08300,0.99741,0.00259
9.63300,0.08500,0.00863,0.99137
9.67300,0.08100,0.00867,0.99133
9.71100,0.08100,0.00572,0.99428
9.74700,0.08900,0.00675,0.99325
9.78500,0.09100,0.00790,0.99210
9.82800,0.09000,0.00810,0.99190
9.86800,0.09700,0.00727,0.99273
9.91000,0.10900,0.00500,0.99500
9.95500,0.11200,0.00154,0.99846
10.00700,0.10500,1.00000,0.00000
10.05800,0.09900,1.00000,0.00000
10.10400,0.10700,0.99999,0.00001
10.14700,0.11400,0.99989,0.00011
10.19900,0.11600,0.99864,0.00136
10.25100,0.11500,0.00761,0.99239
10.30300,0.11300,0.00000,1.00000
10.35700,0.10200,1.00000,0.00000
10.40700,0.10200,1.00000,0.00000
10.45000,0.11400,1.00000,0.00000
10.49900,0.11200,0.99999,0.00001
10.55200,0.11700,0.99999,0.00001
10.60300,0.11800,0.99999,0.00001
10.65800,0.12200,0.99999,0.00001
10.71000,0.11700,0.99999,0.00001
10.76800,0.11400,0.99990,0.00010
10.81600,0.11700,0.99825,0.00175
10.87200,0.10700,0.69244,0.30756
10.92400,0.10800,1.00000,0.00000
10.96800,0.11900,1.00000,0.00000
11.02200,0.11400,0.99999,0.00001
11.07600,0.11500,0.99999,0.00001
11.12600,0.11300,0.99999,0.00001
11.18000,0.10000,0.99999,0.00001
11.23100,0.09300,0.99999,0.00001
11.27200,0.09900,0.99999,0.00001
11.31300,0.11200,0.99999,0.00001
11.36000,0.11500,0.99991,0.00009
11.41400,0.11800,0.99774,0.00226
11.46500,0.12000,0.99997,0.00003
11.51900,0.11200,1.00000,0.00000
11.57400,0.10600,1.00000,0.00000
11.62200,0.11100,1.00000,0.00000
11.66900,0.11100,1.00000,0.00000
11.72300,0.09500,1.00000,0.00000
11.77000,0.08700,0.99999,0.00001
11.81000,0.08700,1.00000,0.00000
11.84800,0.08700,0.99999,0.00001
11.88900,0.08400,1.00000,0.00000
11.92500,0.09200,0.99992,0.00008
11.96600,0.10000,0.99995,0.00005
12.00800,0.11100,0.00019,0.99981
12.05600,0.11600,1.00000,0.00000
12.10700,0.11300,0.99999,0.00001
12.16300,0.10100,1.00000,0.00000
12.21200,0.09500,1.00000,0.00000
12.25400,0.10100,1.00000,0.00000
12.30000,0.10900,0.99999,0.00001
12.34400,0.11300,0.99986,0.00014
12.39700,0.11400,0.03179,0.96821
12.44700,0.11300,0.99991,0.00009
12.50100,0.11300,1.00000,0.00000
12.55100,0.11500,1.00000,0.00000
12.60200,0.11300,0.99999,0.00001
12.65400,0.10300,0.99999,0.00001
12.70700,0.10300,0.99976,0.00024
12.74800,0.11500,0.98170,0.01830
12.79900,0.12300,0.99998,0.00002
12.85300,0.11800,1.00000,0.00000
12.90900,0.11000,1.00000,0.00000
12.96400,0.11100,0.99999,0.00001
13.01100,0.11300,0.99997,0.00003
13.06200,0.11100,0.00053,0.99947
13.11300,0.11500,1.00000,0.00000
13.16200,0.12400,1.00000,0.00000
13.21800,0.11800,0.99998,0.00002
13.27500,0.11500,0.99999,0.00001
13.32600,0.10800,1.00000,0.00000
13.37900,0.09400,0.99998,0.00002
13.42600,0.10200,0.43605,0.56395
13.46500,0.11400,0.99999,0.00001
13.51900,0.11600,0.99993,0.00007
13.56900,0.11200,0.98339,0.01661
13.62500,0.11100,1.00000,0.00000
13.66900,0.11300,0.99970,0.00030
13.72700,0.10300,0.99998,0.00002
13.77400,0.11100,0.99998,0.00002
13.82000,0.11900,0.93693,0.06307
13.87200,0.10700,0.99481,0.00519
13.92700,0.09200,0.00046,0.99954
13.97200,0.08600,0.99969,0.00031
14.01100,0.08500,0.99897,0.00103
14.04900,0.08400,0.76170,0.23830
14.09000,0.08400,0.93309,0.06691
14.12500,0.10200,0.99998,0.00002
14.16500,0.11200,0.93005,0.06995
14.21600,0.11100,0.99948,0.00052
14.26600,0.10800,0.99995,0.00005
14.31700,0.10000,0.03095,0.96905
14.36200,0.10400,0.99768,0.00232
14.40900,0.11300,0.99949,0.00051
14.45500,0.11900,0.87687,0.12313
14.51400,0.11400,1.00000,0.00000
14.56200,0.12000,0.99995,0.00005
14.62000,0.11400,0.01816,0.98184
14.67200,0.10700,0.99997,0.00003
14.72400,0.09300,1.00000,0.00000
14.77200,0.09500,0.99992,0.00008
14.80800,0.11300,0.00160,0.99840
14.85600,0.11000,0.99998,0.00002
14.91000,0.10000,0.99980,0.00020
14.95800,0.09700,0.00016,0.99984
15.00300,0.09600,1.00000,0.00000
15.04700,0.10200,0.99992,0.00008
15.09000,0.11200,0.00901,0.99099
15.13900,0.11300,0.99996,0.00004
15.19000,0.11600,1.00000,0.00000
15.24300,0.10800,0.41196,0.58804
15.29300,0.11100,0.99960,0.00040
15.34100,0.11800,0.99997,0.00003
15.39200,0.11700,0.98045,0.01955
15.44700,0.11600,0.99992,0.00008
15.49900,0.11100,0.99998,0.00002
15.55300,0.10900,0.10596,0.89404
15.60100,0.10700,0.99996,0.00004
15.65300,0.10700,0.99999,0.00001
15.69900,0.11100,0.99904,0.00097
15.75000,0.10200,0.00004,0.99996
15.80200,0.09800,1.00000,0.00000
15.84400,0.11000,0.99995,0.00005
15.88900,0.11400,0.99341,0.00659
15.94300,0.11000,1.00000,0.00000
15.99500,0.10000,0.99997,0.00003
16.04300,0.09800,0.97932,0.02068
16.08600,0.09300,0.00003,0.99997
16.13500,0.08700,0.99969,0.00031
16.17200,0.08700,0.98640,0.01360
16.21400,0.08200,0.00167,0.99833
16.25200,0.08200,0.01280,0.98720
16.28900,0.09000,0.99999,0.00001
16.32700,0.10600,0.99988,0.00012
16.37000,0.11500,0.00217,0.99783
16.42200,0.11400,0.99994,0.00006
16.47600,0.11300,1.00000,0.00000
16.52500,0.12100,0.96814,0.03186
16.58100,0.11400,0.99101,0.00899
16.63500,0.10300,0.99993,0.00007
16.68700,0.10300,0.99377,0.00623
16.72700,0.12000,0.00002,0.99998
16.78000,0.12100,0.99997,0.00003
16.83600,0.11600,0.97764,0.02236
16.89100,0.11500,0.90352,0.09648
16.94100,0.11500,1.00000,0.00000
16.99400,0.11800,1.00000,0.00000
17.04600,0.11800,1.00000,0.00000
17.10000,0.11900,0.99999,0.00001
17.15200,0.11300,0.99998,0.00002
17.20800,0.10500,0.99991,0.00009
17.25700,0.10600,0.93937,0.06063
17.30100,0.10700,0.00259,0.99741
17.35400,0.10400,0.00375,0.99625
17.39600,0.11400,0.00537,0.99463
17.44800,0.11700,0.00412,0.99588
17.50000,0.11600,0.00675,0.99325
17.55500,0.09800,0.00329,0.99671
17.60700,0.09400,0.00450,0.99550
17.64600,0.10600,0.00440,0.99560
17.69100,0.10800,0.00380,0.99620
17.74100,0.11000,0.00314,0.99686
17.79000,0.11500,0.00363,0.99637
17.84000,0.11600,0.00241,0.99759
17.89400,0.10500,0.00491,0.99509
17.94500,0.09800,0.00551,0.99449
17.99200,0.09200,0.00696,0.99304
18.03500,0.08900,0.00477,0.99523
18.07600,0.08400,0.00793,0.99207
18.11600,0.08800,0.00607,0.99393
18.15400,0.09800,0.00729,0.99271
18.19600,0.10900,0.00568,0.99432
18.24200,0.10200,0.00461,0.99539
18.29500,0.09000,0.00738,0.99262
18.33700,0.08700,0.00500,0.99500
18.37700,0.08700,0.00518,0.99482
18.41600,0.08600,0.00359,0.99641
18.45600,0.08400,0.00447,0.99553
18.49400,0.09400,0.00426,0.99574
18.53200,0.10700,0.00412,0.99588
18.57700,0.11000,0.00431,0.99569
18.63100,0.10200,0.00451,0.99549
18.67700,0.10500,0.00460,0.99540
18.72400,0.10600,0.00595,0.99405
18.77200,0.10400,0.00791,0.99209
18.82200,0.10500,0.00417,0.99583
18.86500,0.11400,0.00240,0.99760
18.91500,0.11200,0.00458,0.99542
18.97000,0.10400,0.00595,0.99405
19.01500,0.10700,0.00725,0.99275
19.06600,0.10600,0.00488,0.99512
19.11300,0.10300,0.00482,0.99518
19.16200,0.10200,0.00381,0.99619
19.20500,0.10800,0.00559,0.99441
19.25500,0.10900,0.00388,0.99612
19.30300,0.10800,0.00589,0.99411
19.35400,0.10100,0.00488,0.99512
19.40200,0.10500,0.00586,0.99414
19.44700,0.11300,0.00644,0.99356
19.49600,0.10900,0.00456,0.99544
19.55200,0.09800,0.00568,0.99432
19.59700,0.10800,0.00523,0.99477
19.64000,0.11400,0.00423,0.99577
19.69300,0.11200,0.00410,0.99590
19.74600,0.11500,0.00327,0.99673
19.79400,0.11700,0.00551,0.99449
19.85000,0.11800,0.00402,0.99598
19.89800,0.12300,0.00606,0.99394
19.95700,0.11700,0.00753,0.99247
20.01000,0.10900,0.00340,0.99660
20.06400,0.10900,0.00981,0.99019
20.10900,0.11200,0.00375,0.99625
20.16200,0.10000,0.00424,0.99576
20.21200,0.09400,0.00394,0.99606
20.25400,0.10600,0.00773,0.99227
20.29900,0.11100,0.00361,0.99639
20.34800,0.10900,0.00540,0.99460
20.40300,0.10300,0.00517,0.99483
20.44700,0.09600,0.00640,0.99360
20.49700,0.08200,0.00534,0.99466
20.53400,0.08400,0.00849,0.99151
20.57200,0.08700,0.00315,0.99685
20.61000,0.08900,0.00007,0.99993
20.65100,0.08900,1.00000,0.00000
20.69200,0.09700,1.00000,0.00000
20.73100,0.11400,0.99989,0.00011
20.78000,0.11800,0.10317,0.89683
20.83300,0.12100,1.00000,0.00000
20.88700,0.11800,0.99955,0.00045
20.94200,0.11800,0.00897,0.99103
20.99400,0.11500,1.00000,0.00000
21.05000,0.11200,0.99938,0.00062
21.09900,0.10600,0.00009,0.99991
21.15100,0.10600,1.00000,0.00000
21.19700,0.11100,1.00000,0.00000
21.24800,0.11700,0.04530,0.95470
21.29700,0.12200,0.99997,0.00003
21.35400,0.11600,1.00000,0.00000
21.40900,0.11800,0.00561,0.99439
21.45800,0.12000,0.99999,0.00001
21.51600,0.11400,1.00000,0.00000
21.56500,0.11800,0.01784,0.98216
21.62100,0.12300,0.99999,0.00001
21.67100,0.11200,1.00000,0.00000
21.72700,0.10600,0.93705,0.06295
21.77400,0.11100,0.99999,0.00001
21.82300,0.11700,0.99999,0.00001
21.87400,0.12100,0.04885,0.95115
21.92900,0.11900,0.99983,0.00017
21.98300,0.11300,0.99999,0.00001
22.03500,0.10900,0.93021,0.06979
22.08800,0.11100,0.99999,0.00001
22.13400,0.11000,0.99999,0.00001
22.18900,0.10500,0.99717,0.00283
22.23600,0.10900,0.00000,1.00000
22.28400,0.11700,0.99455,0.00545
22.33400,0.10700,0.10722,0.89278
22.38900,0.09400,0.01398,0.98602
22.43300,0.09000,1.00000,0.00000
22.47700,0.09600,0.99927,0.00073
22.51500,0.11100,0.02072,0.97928
22.56200,0.11100,0.99988,0.00012
22.61500,0.09800,0.99725,0.00275
22.66500,0.08900,0.65318,0.34682
22.70600,0.08700,0.00067,0.99933
22.74600,0.08800,1.00000,0.00000
22.78500,0.08600,0.99981,0.00019
22.82500,0.08200,0.99376,0.00624
22.86400,0.09000,0.00000,1.00000
22.90000,0.11000,0.99997,0.00003
22.94300,0.12200,1.00000,0.00000
22.99800,0.11000,0.99706,0.00294
23.05500,0.11000,0.00151,0.99849
23.10100,0.11700,0.99993,0.00007
23.15300,0.11400,0.98889,0.01111
23.20800,0.11500,0.00431,0.99569
23.25500,0.10900,0.00516,0.99484
23.31300,0.09900,0.00424,0.99576
23.35500,0.10800,0.00236,0.99764
23.40200,0.11400,0.00424,0.99576
23.45300,0.11300,0.00681,0.99319
23.50600,0.11300,0.00410,0.99590
23.55500,0.11800,0.00324,0.99676
23.60800,0.12100,0.00620,0.99380
23.66400,0.11400,0.00500,0.99500
23.72000,0.10800,0.00391,0.99609
23.77000,0.10700,0.00351,0.99649
23.81600,0.10100,0.00220,0.99780
23.86600,0.10000,0.00333,0.99667
23.90900,0.11100,0.00422,0.99578
23.95400,0.11700,0.00861,0.99139
24.00900,0.11200,0.00219,0.99781
24.06200,0.11100,0.00271,0.99729
24.11000,0.11500,0.00430,0.99570
24.16300,0.11300,0.00418,0.99582
24.21400,0.11700,0.00292,0.99708
24.26800,0.11700,0.00404,0.99596
24.32000,0.11900,0.00518,0.99482
24.37500,0.11200,0.00218,0.99782
24.42600,0.11000,0.00381,0.99619
24.47500,0.11800,0.00379,0.99621
24.52700,0.11700,0.00265,0.99735
24.58100,0.10100,0.00613,0.99387
24.63600,0.09400,0.00430,0.99570
24.67300,0.10900,0.00559,0.99441
24.72000,0.11100,0.00609,0.99391
24.77200,0.10800,0.00309,0.99691
24.82200,0.09300,0.00385,0.99615
24.87200,0.08300,0.00181,0.99819
24.90800,0.08900,0.00233,0.99767
24.94700,0.08700,0.00590,0.99410
24.98900,0.08100,0.00334,0.99666
25.02700,0.08500,0.00405,0.99595
25.06300,0.08800,0.00277,0.99723
25.10500,0.09900,0.00515,0.99485
25.14300,0.11100,0.00829,0.99171
25.19400,0.11100,0.00466,0.99534
25.24400,0.11800,0.00793,0.99207
25.29500,0.12000,0.00254,0.99746
25.35100,0.11300,0.00163,0.99837
25.40400,0.11000,0.03545,0.96455
25.45700,0.09500,1.00000,0.00000
25.50200,0.10100,0.99994,0.00006
25.54400,0.11300,0.99827,0.00173
25.59300,0.11700,0.00007,0.99993
25.64500,0.11600,0.99999,0.00001
25.70100,0.11100,0.99601,0.00399
25.75100,0.11000,0.00000,0.99999
25.80400,0.10800,0.99997,0.00003
25.85100,0.10800,0.99234,0.00766
25.90300,0.10000,0.00003,0.99997
25.95100,0.10500,0.99999,0.00001
25.99200,0.12100,0.99964,0.00036
26.04600,0.11700,0.00098,0.99902
26.10000,0.11200,0.99998,0.00002
26.15500,0.09600,1.00000,0.00000
26.20200,0.09400,0.99824,0.00176
26.24300,0.10200,0.00000,1.00000
26.28600,0.11200,1.00000,0.00000
26.33600,0.11900,0.99979,0.00021
26.38600,0.11700,0.00268,0.99732
26.44300,0.11700,0.99986,0.00014
26.49300,0.12000,0.99999,0.00001
26.54700,0.12200,0.00947,0.99053
26.60300,0.11700,0.99963,0.00037
26.65700,0.10800,0.99996,0.00004
26.70900,0.09800,0.99098,0.00902
26.75600,0.08900,0.00000,1.00000
26.79900,0.08200,0.94338,0.05662
26.83700,0.08900,0.79915,0.20085
26.87300,0.10600,0.00078,0.99922
26.91500,0.12000,0.97755,0.02245
26.96800,0.11000,0.99998,0.00002
27.02400,0.09300,0.99575,0.00425
27.07000,0.08700,0.00000,1.00000
27.10900,0.08600,0.99996,0.00004
27.14900,0.08600,0.99994,0.00006
27.18800,0.09100,0.97288,0.02712
27.22500,0.10100,0.00001,0.99999
27.26800,0.10400,0.99998,0.00002
27.31700,0.10500,0.99781,0.00219
27.36200,0.11100,0.00037,0.99963
27.41000,0.11300,0.99997,0.00003
27.46200,0.10900,0.99454,0.00546
27.51100,0.11400,0.08344,0.91656
27.56300,0.11200,0.00020,0.99980
27.61500,0.10900,0.03285,0.96715
27.66600,0.09900,0.51230,0.48770
27.71600,0.10200,0.99876,0.00124
27.75700,0.10900,0.98241,0.01759
27.80800,0.10800,0.00562,0.99438
27.85500,0.11400,0.00237,0.99763
27.90600,0.11300,0.00297,0.99703
27.95900,0.11500,0.00455,0.99545
28.00900,0.11700,0.00226,0.99774
28.06400,0.10700,0.00178,0.99822
28.11500,0.11200,0.00607,0.99393
28.16200,0.11400,0.00199,0.99801
28.21500,0.11200,0.00346,0.99654
28.26800,0.10200,0.00249,0.99751
28.31100,0.11300,0.00437,0.99563
28.36000,0.11200,0.00474,0.99526
28.41300,0.11100,0.00414,0.99586
28.46100,0.11600,0.00173,0.99827
28.51300,0.11900,0.00265,0.99735
28.56700,0.11700,0.00291,0.99709
28.62200,0.11900,0.00283,0.99717
28.67200,0.11800,0.00286,0.99714
28.72900,0.11300,0.00375,0.99625
28.77900,0.11000,0.00446,0.99554
28.83200,0.09800,0.00171,0.99829
28.87900,0.10100,0.00256,0.99744
28.92200,0.10000,0.00127,0.99873
28.97000,0.10400,0.00183,0.99817
29.01400,0.11500,0.00572,0.99428
29.06200,0.11700,0.00223,0.99777
29.11600,0.11200,0.00176,0.99824
29.17100,0.10100,0.00308,0.99692
29.21600,0.09400,0.00302,0.99698
29.26300,0.08600,0.00350,0.99650
29.30300,0.08400,0.00366,0.99634
29.34000,0.08500,0.00489,0.99511
29.38000,0.08100,0.00245,0.99755
29.41700,0.08000,0.00457,0.99543
29.45300,0.09300,0.00349,0.99651
29.49000,0.10500,0.00254,0.99746
29.53700,0.11300,0.00020,0.99980
29.58200,0.12600,1.00000,0.00000
29.63900,0.12300,0.99999,0.00001
29.69700,0.11500,0.32085,0.67915
29.75200,0.10900,0.99997,0.00003
29.80200,0.10000,1.00000,0.00000
29.85400,0.10000,0.99895,0.00105
29.89300,0.11100,0.00001,0.99999
29.94200,0.11800,1.00000,0.00000
29.99400,0.10700,0.99991,0.00009
30.05100,0.09900,0.00392,0.99608
30.09300,0.10300,0.99999,0.00001
30.14000,0.10600,1.00000,0.00000
30.18700,0.10500,0.99687,0.00313
30.23500,0.09800,0.00003,0.99997
30.28300,0.09200,1.00000,0.00000
30.32500,0.09300,0.99997,0.00003
30.36600,0.09300,0.81519,0.18481
30.40900,0.09700,0.99999,0.00001
30.45100,0.09500,1.00000,0.00000
30.49600,0.08800,0.99986,0.00014
30.53800,0.08700,0.00169,0.99831
30.57600,0.08800,0.99999,0.00001
30.61700,0.09000,1.00000,0.00000
30.65600,0.09500,0.99982,0.00018
30.69800,0.10100,0.00002,0.99998
30.74100,0.10700,1.00000,0.00000
30.79000,0.10500,0.99974,0.00026
30.83900,0.11000,0.06382,0.93618
30.88500,0.11400,1.00000,0.00000
30.93800,0.11300,0.99977,0.00023
30.98800,0.11400,0.89515,0.10485
31.04100,0.09900,0.95672,0.04328
31.09300,0.08900,0.99947,0.00053
31.13200,0.10000,0.99724,0.00276
31.17200,0.11300,0.00423,0.99577
31.22100,0.11900,0.99966,0.00034
31.27500,0.11800,0.98663,0.01337
31.32900,0.11300,0.38307,0.61693
31.38400,0.09900,0.00048,0.99952
31.43100,0.09400,0.05228,0.94772
31.47500,0.08800,0.00756,0.99244
31.51600,0.08300,0.00000,1.00000
31.55500,0.08200,0.98303,0.01697
31.59200,0.08200,0.99746,0.00254
31.62900,0.09700,0.99221,0.00779
31.66700,0.11400,0.00000,1.00000
31.71800,0.11600,1.00000,0.00000
31.77100,0.11400,0.99996,0.00004
31.82400,0.10900,0.00986,0.99014
31.87500,0.11300,1.00000,0.00000
31.92700,0.12100,0.99996,0.00004
31.97600,0.11500,0.99870,0.00130
32.03100,0.11000,0.00210,0.99790
32.08000,0.11100,0.00287,0.99713
32.13000,0.11100,0.00142,0.99858
32.17900,0.10500,0.00275,0.99725
32.23200,0.09400,0.00190,0.99810
32.27700,0.10000,0.00191,0.99809
32.31700,0.11200,0.00146,0.99854
32.36900,0.10800,0.00276,0.99724
32.41800,0.11800,0.00475,0.99525
32.46600,0.11900,0.00142,0.99858
32.52500,0.11400,0.00146,0.99854
32.57400,0.11900,0.00273,0.99727
32.62800,0.11400,0.00331,0.99669
32.68200,0.11400,0.00220,0.99780
32.73100,0.10700,0.00306,0.99694
32.78500,0.10300,0.00198,0.99802
32.83000,0.11000,0.00290,0.99710
32.87700,0.11300,0.00148,0.99852
32.92800,0.11300,0.00180,0.99820
32.98100,0.11300,0.00207,0.99793
33.03100,0.11500,0.00408,0.99592
33.08300,0.11700,0.00174,0.99826
33.13500,0.11500,0.00174,0.99826
33.18900,0.11600,0.00147,0.99853
33.24300,0.12000,0.00177,0.99823
33.29300,0.11100,0.00303,0.99697
33.35400,0.09500,0.00384,0.99616
33.39600,0.10400,0.00128,0.99872
33.43900,0.11200,0.00199,0.99801
33.48900,0.11100,0.00225,0.99775
33.54000,0.11300,0.00158,0.99842
33.59000,0.10000,0.00286,0.99714
33.64400,0.08500,0.00354,0.99646
33.68400,0.08200,0.00233,0.99767
33.72100,0.08200,0.00175,0.99825
33.75800,0.09900,0.00171,0.99829
33.79500,0.11600,0.00242,0.99758
33.84700,0.11400,0.00228,0.99772
33.90200,0.09700,0.00240,0.99760
33.95000,0.09900,0.00576,0.99424
33.99100,0.11500,0.00185,0.99815
34.03900,0.11900,0.00060,0.99940
34.09400,0.12000,0.99933,0.00067
34.14700,0.10900,1.00000,0.00000
34.20200,0.09500,1.00000,0.00000
34.24600,0.08900,0.99747,0.00253
34.29000,0.08800,0.00000,1.00000
34.32700,0.10600,1.00000,0.00000
34.37000,0.11200,0.98753,0.01247
34.42100,0.11200,0.00000,1.00000
34.47400,0.11400,1.00000,0.00000
34.52300,0.11200,0.99974,0.00026
34.57700,0.11100,0.00818,0.99182
34.62600,0.11200,1.00000,0.00000
34.67700,0.11500,1.00000,0.00000
34.72800,0.11800,0.07976,0.92024
34.78200,0.11700,0.99969,0.00031
34.83600,0.10900,0.99995,0.00005
34.88700,0.11200,0.02218,0.97782
34.93700,0.11700,0.99999,0.00001
34.99000,0.12200,1.00000,0.00000
35.04400,0.11100,0.03300,0.96700
35.10100,0.10900,1.00000,0.00000
35.14500,0.11500,0.99997,0.00003
35.19700,0.11600,0.30668,0.69332
35.25200,0.11500,0.99999,0.00001
35.30000,0.12400,0.99999,0.00001
35.35500,0.12100,0.00768,0.99232
35.41300,0.11500,0.99992,0.00008
35.46600,0.10700,0.99987,0.00013
35.51700,0.10000,0.64161,0.35839
35.56500,0.10200,0.99037,0.00963
35.60700,0.11500,0.99930,0.00070
35.65600,0.11600,0.80591,0.19409
35.71000,0.11300,0.64572,0.35428
35.76300,0.10300,0.99804,0.00196
35.81600,0.08900,0.81137,0.18863
35.85900,0.08500,0.00052,0.99948
35.89800,0.08200,0.74055,0.25945
35.93500,0.08100,0.99680,0.00320
35.97400,0.08100,0.99702,0.00298
36.00800,0.09700,0.15857,0.84143
36.04600,0.11300,0.00315,0.99685
36.09600,0.11300,0.00297,0.99703
36.14900,0.11500,0.00157,0.99843
36.19900,0.10700,0.00200,0.99800
36.25300,0.10700,0.00274,0.99726
36.29800,0.12300,0.00304,0.99696
36.34900,0.12000,0.00148,0.99852
36.40600,0.11700,0.00372,0.99628
36.46000,0.10500,0.00138,0.99862
36.51500,0.10100,0.00246,0.99754
36.55800,0.10800,0.00173,0.99827
36.60700,0.10800,0.00160,0.99840
36.65400,0.11700,0.00341,0.99659
36.70600,0.11800,0.00403,0.99597
36.76200,0.11400,0.00196,0.99804
36.81300,0.11900,0.00208,0.99792
36.86600,0.11700,0.00288,0.99712
36.92100,0.11600,0.00272,0.99728
36.97100,0.11700,0.00137,0.99863
37.02800,0.10900,0.00157,0.99843
37.08000,0.11000,0.00288,0.99712
37.12600,0.11600,0.00338,0.99662
37.18100,0.11300,0.00195,0.99805
37.23200,0.11300,0.00170,0.99830
37.28500,0.11300,0.00225,0.99775
37.33400,0.10700,0.00333,0.99667
37.39000,0.10800,0.00270,0.99730
37.43100,0.12100,0.00103,0.99897
37.48600,0.11900,0.00149,0.99851
37.54300,0.10900,0.00324,0.99676
37.59500,0.09800,0.00140,0.99860
37.64300,0.09500,0.00124,0.99876
37.68500,0.10100,0.00302,0.99698
37.72800,0.09500,0.00352,0.99648
37.77600,0.09200,0.00354,0.99646
37.81600,0.10600,0.00167,0.99833
37.85800,0.11100,0.00152,0.99848
37.91100,0.10800,0.00111,0.99889
37.96300,0.09700,0.00000,1.00000
38.01100,0.08700,1.00000,0.00000
38.05200,0.08700,1.00000,0.00000
38.09100,0.08700,1.00000,0.00000
38.13100,0.08400,0.99995,0.00005
38.16900,0.08400,0.03206,0.96794
38.20700,0.09200,0.99996,0.00004
38.24500,0.10600,0.99999,0.00001
38.28800,0.11600,0.99757,0.00243
38.34000,0.12100,0.00028,0.99972
38.39300,0.12400,1.00000,0.00000
38.45000,0.11000,0.99951,0.00049
38.50600,0.10100,0.00000,1.00000
38.55400,0.09400,1.00000,0.00000
38.59800,0.10500,1.00000,0.00000
38.63900,0.11700,0.99654,0.00346
38.69100,0.12200,0.00007,0.99993
38.74500,0.12000,0.99995,0.00005
38.80100,0.11800,0.99194,0.00806
38.85300,0.11800,0.00000,1.00000
38.91000,0.11100,1.00000,0.00000
38.96000,0.11500,0.99944,0.00056
39.01000,0.12000,0.00014,0.99986
39.06400,0.11700,1.00000,0.00000
39.11800,0.11700,1.00000,0.00000
39.17100,0.12100,0.16598,0.83402
39.22700,0.11000,1.00000,0.00000
39.28300,0.10600,0.99978,0.00022
39.33000,0.11400,0.01920,0.98080
39.37900,0.11900,1.00000,0.00000
39.43300,0.11900,0.99974,0.00026
39.48600,0.12000,0.58360,0.41640
39.54100,0.11200,1.00000,0.00000
39.59800,0.10300,0.99917,0.00083
39.64200,0.11200,0.02473,0.97527
39.69200,0.11400,1.00000,0.00000
39.74200,0.10500,0.99970,0.00030
39.79600,0.09100,0.96902,0.03098
39.84000,0.08900,0.99621,0.00379
39.87900,0.10100,1.00000,0.00000
39.92000,0.10300,0.99825,0.00175
39.97000,0.10700,0.95062,0.04938
40.01500,0.11800,1.00000,0.00000
40.06600,0.11700,0.99857,0.00143
40.12200,0.10700,0.11910,0.88090
40.17300,0.09400,1.00000,0.00000
40.22200,0.08100,0.99997,0.00003
40.25900,0.08200,0.99644,0.00356
40.29600,0.08500,0.00000,1.00000
40.33300,0.08400,1.00000,0.00000
40.37300,0.08800,0.99999,0.00001
40.41000,0.09100,0.99902,0.00098
40.44900,0.09400,0.00622,0.99378
40.49300,0.09700,0.00122,0.99878
40.53600,0.11000,0.00139,0.99861
40.57800,0.11500,0.00131,0.99869
40.63400,0.09700,0.00157,0.99843
40.68400,0.10400,0.00136,0.99864
40.72200,0.12200,0.00092,0.99908
40.77200,0.12700,0.00122,0.99878
40.83400,0.11900,0.00230,0.99770
40.88900,0.11900,0.00120,0.99880
40.94100,0.11400,0.00119,0.99881
40.99900,0.10700,0.00219,0.99781
41.04400,0.11700,0.00167,0.99833
41.09700,0.11300,0.00135,0.99865
41.15200,0.10700,0.00131,0.99869
41.20200,0.11500,0.00119,0.99881
41.24900,0.11700,0.00194,0.99806
41.30500,0.11200,0.00152,0.99848
41.35600,0.11300,0.00089,0.99911
41.40700,0.11700,0.00148,0.99852
41.45800,0.11900,0.00075,0.99925
41.51200,0.11500,0.00083,0.99917
41.56500,0.11200,0.00152,0.99848
41.61900,0.10900,0.00128,0.99872
41.66800,0.11300,0.00162,0.99838
41.71600,0.10900,0.00086,0.99914
41.77300,0.10300,0.00141,0.99859
41.81700,0.11600,0.00131,0.99869
41.86500,0.12700,0.00115,0.99885
41.92200,0.11700,0.00112,0.99888
41.97900,0.11700,0.00120,0.99880
42.02900,0.11500,0.00225,0.99775
42.08400,0.10200,0.00148,0.99852
42.13600,0.10200,0.00119,0.99881
42.17700,0.11700,0.00169,0.99831
42.22700,0.11900,0.00271,0.99729
42.28400,0.11100,0.00240,0.99760
42.33500,0.09900,0.00243,0.99757
42.38600,0.08500,0.00327,0.99673
42.42700,0.08400,0.00153,0.99847
42.46400,0.08500,0.00142,0.99858
42.50200,0.08600,0.00117,0.99883
42.54100,0.09900,0.00013,0.99987
42.58000,0.10800,1.00000,0.00000
42.62900,0.10800,1.00000,0.00000
42.67500,0.10900,1.00000,0.00000
42.72800,0.11200,0.99999,0.00001
42.77500,0.12300,1.00000,0.00000
42.82700,0.12700,1.00000,0.00000
42.88600,0.12400,0.99831,0.00169
42.94300,0.12800,1.00000,0.00000
43.00000,0.13700,1.00000,0.00000
43.05900,0.13700,0.05558,0.94442
43.12300,0.12800,1.00000,0.00000
43.18600,0.12700,0.99939,0.00061
43.23800,0.13200,0.99999,0.00000
43.30100,0.12700,1.00000,0.00000
43.35800,0.13300,0.12812,0.87188
43.41600,0.13700,0.99975,0.00025
43.47800,0.13800,0.99998,0.00002
43.54000,0.13600,0.23294,0.76706
43.60400,0.13400,1.00000,0.00000
43.66500,0.12800,0.06769,0.93231
43.72600,0.12700,0.99998,0.00002
43.78100,0.13000,0.99999,0.00001
43.83800,0.13500,0.09246,0.90754
43.89800,0.13200,0.99994,0.00006
43.96000,0.13300,0.45044,0.54956
44.01900,0.13100,0.99940,0.00060
44.08200,0.12800,0.99141,0.00859
44.13800,0.13400,0.00051,0.99949
44.19800,0.13900,1.00000,0.00000
44.25900,0.13500,0.98676,0.01324
44.32900,0.12500,0.99961,0.00039
44.38100,0.11700,1.00000,0.00000
44.44400,0.10700,0.99771,0.00229
44.49000,0.11500,0.84060,0.15940
44.53800,0.10800,0.96950,0.03050
44.59500,0.09100,0.70477,0.29523
44.63900,0.09000,0.18462,0.81538
44.67700,0.09200,0.99721,0.00279
44.72000,0.09000,0.99767,0.00233
44.76000,0.09200,0.96651,0.03349
44.80000,0.11000,0.03892,0.96108
44.84000,0.13000,0.00119,0.99881
44.89700,0.12900,0.01761,0.98239
44.95700,0.13800,0.01374,0.98626
45.01500,0.13600,0.00016,0.99984
45.08500,0.12300,0.99999,0.00001
45.13700,0.11900,0.99998,0.00002
45.19800,0.11100,0.99978,0.00022
45.24500,0.12400,0.87458,0.12542
45.29400,0.13200,0.00149,0.99851
45.35700,0.12500,0.00169,0.99831
45.41500,0.12600,0.00205,0.99795
45.47000,0.12300,0.00116,0.99884
45.52800,0.12800,0.00158,0.99842
45.58100,0.13600,0.00153,0.99847
45.64300,0.13500,0.00103,0.99897
45.70600,0.12500,0.00210,0.99790
45.76700,0.11300,0.00102,0.99898
45.81800,0.12500,0.00121,0.99879
45.87000,0.13000,0.00154,0.99846
45.92800,0.13200,0.00149,0.99851
45.98800,0.13200,0.00195,0.99805
46.04700,0.13200,0.00176,0.99824
46.10700,0.13200,0.00062,0.99938
46.16900,0.13000,0.00152,0.99848
46.22600,0.12600,0.00147,0.99853
46.28800,0.12100,0.00092,0.99908
46.34000,0.13100,0.00117,0.99883
46.39800,0.12200,0.00109,0.99891
46.45900,0.12100,0.00159,0.99841
46.50900,0.12700,0.00085,0.99915
46.56800,0.11700,0.00191,0.99809
46.62700,0.09900,0.00103,0.99897
46.67400,0.10100,0.00021,0.99979
46.71600,0.10700,1.00000,0.00000
46.76400,0.10200,1.00000,0.00000
46.81400,0.08900,1.00000,0.00000
46.85800,0.08400,1.00000,0.00000
46.89700,0.08100,0.99678,0.00322
46.93500,0.09000,0.00035,0.99965
46.97000,0.11500,0.99042,0.00958
47.01200,0.13600,1.00000,0.00000
47.07300,0.13000,1.00000,0.00000
47.13400,0.13000,1.00000,0.00000
47.19100,0.12200,1.00000,0.00000
47.25100,0.11800,0.99947,0.00053
47.30400,0.12700,0.00123,0.99877
47.35700,0.12800,0.93079,0.06921
47.42300,0.12000,1.00000,0.00000
47.47200,0.13000,1.00000,0.00000
47.53100,0.12900,0.99995,0.00005
47.59100,0.13000,0.99897,0.00103
47.64700,0.13100,0.00105,0.99895
47.71100,0.12500,0.00175,0.99825
47.76500,0.13200,0.00293,0.99707
47.82300,0.13000,0.00235,0.99765
47.88400,0.12600,0.00280,0.99720
47.94200,0.12400,0.00257,0.99743
47.99800,0.11800,0.00118,0.99882
48.05800,0.11100,0.00364,0.99636
48.10700,0.11600,0.00047,0.99953
48.16000,0.12200,1.00000,0.00000
48.21100,0.13200,1.00000,0.00000
48.27000,0.13000,0.99996,0.00004
48.32700,0.13400,0.43116,0.56884
48.38600,0.13000,0.99999,0.00001
48.44900,0.12300,1.00000,0.00000
48.50500,0.11300,1.00000,0.00000
48.56000,0.11300,0.99998,0.00002
48.60900,0.12100,0.99710,0.00290
48.66100,0.13300,0.00004,0.99996
48.71900,0.12500,1.00000,0.00000
48.78100,0.11100,1.00000,0.00000
48.83600,0.10100,0.99990,0.00010
48.88200,0.10000,0.99902,0.00098
48.92700,0.09500,0.00402,0.99598
48.97400,0.08700,0.00145,0.99855
49.01000,0.08900,0.00273,0.99727
