Time (seconds), Duration (seconds),pred_unlabelled,pred_touch
0.00000,0.19600,0.98683,0.01317
0.04900,0.18400,0.58143,0.41857
0.08900,0.18300,0.08853,0.91147
0.12900,0.19000,0.26797,0.73203
0.16700,0.20000,0.70309,0.29691
0.20300,0.20900,0.99184,0.00816
0.24000,0.22900,0.99963,0.00037
0.28000,0.24300,0.99993,0.00007
0.32900,0.25300,0.99996,0.00004
0.37700,0.25100,0.99997,0.00003
0.42300,0.26100,0.99985,0.00015
0.48000,0.25000,0.99929,0.00071
0.53500,0.24200,0.98915,0.01085
0.59100,0.24300,0.58385,0.41615
0.63700,0.24700,0.09602,0.90398
0.69100,0.24100,0.92265,0.07735
0.73900,0.24400,0.99647,0.00353
0.78900,0.24300,0.99993,0.00007
0.84400,0.23900,0.99990,0.00010
0.89600,0.23300,0.99997,0.00003
0.94100,0.24000,0.99993,0.00007
0.99500,0.23200,0.99997,0.00003
1.04400,0.22600,0.99967,0.00033
1.09100,0.22100,0.99584,0.00416
1.14100,0.21000,0.90176,0.09824
1.19000,0.21200,0.15147,0.84853
1.23700,0.20200,0.24157,0.75843
1.27800,0.20700,0.84382,0.15618
1.32000,0.21900,0.99423,0.00577
1.35800,0.23000,0.99981,0.00019
1.40900,0.23900,0.99978,0.00022
1.44800,0.25000,0.99922,0.00078
1.49400,0.25600,0.99851,0.00149
1.55000,0.24500,0.93928,0.06072
1.60000,0.25000,0.39923,0.60077
1.65700,0.24600,0.12637,0.87363
1.70800,0.24300,0.60510,0.39490
1.75900,0.24300,0.97624,0.02376
1.80500,0.24800,0.99924,0.00076
1.86000,0.24500,0.99983,0.00017
1.91300,0.24000,0.99986,0.00014
1.96100,0.25300,0.99983,0.00017
2.01200,0.24600,0.99967,0.00033
2.06400,0.23200,0.99585,0.00415
2.11500,0.21600,0.92029,0.07971
2.16500,0.20300,0.23051,0.76949
2.22500,0.18200,0.14819,0.85181
2.26600,0.18900,0.32940,0.67060
2.30300,0.19200,0.92892,0.07108
2.33800,0.20200,0.99735,0.00265
2.37500,0.21700,0.99985,0.00015
2.41600,0.22500,0.99920,0.00080
2.46300,0.23400,0.99943,0.00057
2.50300,0.24600,0.99833,0.00167
2.55100,0.24600,0.92320,0.07680
2.60200,0.24800,0.49488,0.50512
2.65300,0.24800,0.14003,0.85997
2.70800,0.24300,0.84347,0.15653
2.76000,0.24500,0.99436,0.00564
2.80700,0.25100,0.99983,0.00017
2.86100,0.25300,0.99897,0.00103
2.91100,0.25000,0.99977,0.00023
2.96200,0.25000,0.99836,0.00164
3.01500,0.24800,0.99960,0.00040
3.06900,0.25100,0.99272,0.00728
3.12200,0.24300,0.72564,0.27436
3.17000,0.25100,0.06097,0.93903
3.22300,0.25400,0.46355,0.53645
3.27500,0.24200,0.98146,0.01854
3.32900,0.23100,0.99879,0.00121
3.37600,0.22400,0.99978,0.00022
3.43400,0.20600,0.99929,0.00071
3.48500,0.20300,0.99964,0.00036
3.52600,0.21300,0.99907,0.00093
3.56700,0.22000,0.99894,0.00106
3.60700,0.22700,0.98732,0.01268
3.65000,0.24400,0.71221,0.28779
3.69800,0.25000,0.09073,0.90927
3.74700,0.26100,0.86976,0.13024
3.79400,0.26300,0.99032,0.00968
3.84500,0.26500,0.99965,0.00035
3.90500,0.25000,0.99758,0.00242
3.96100,0.24600,0.99888,0.00112
4.01600,0.24000,0.99691,0.00309
4.06800,0.24900,0.99681,0.00319
4.12100,0.25300,0.94270,0.05730
4.16400,0.26500,0.36614,0.63386
4.21600,0.25500,0.71404,0.28596
4.26800,0.24400,0.98191,0.01809
4.33000,0.22000,0.99906,0.00094
4.38500,0.20300,0.99849,0.00151
4.43900,0.18600,0.99815,0.00185
4.47900,0.19200,0.99864,0.00136
4.51800,0.20700,0.99809,0.00191
4.55900,0.22200,0.99895,0.00105
4.59500,0.22700,0.98414,0.01586
4.63400,0.24200,0.79044,0.20956
4.68200,0.25000,0.16421,0.83579
4.74000,0.24900,0.65324,0.34676
4.78900,0.25400,0.97530,0.02470
4.83100,0.26700,0.99839,0.00161
4.88600,0.26000,0.99880,0.00120
4.94300,0.25200,0.99128,0.00872
4.99800,0.24900,0.99828,0.00172
5.05400,0.25300,0.97068,0.02932
5.10600,0.25700,0.52923,0.47077
5.15700,0.25600,0.07170,0.92830
5.20400,0.26300,0.75234,0.24766
5.25900,0.26700,0.97799,0.02201
5.31800,0.26300,0.99862,0.00138
5.37500,0.26700,0.99347,0.00653
5.42500,0.27000,0.99607,0.00393
5.47700,0.25900,0.99696,0.00304
5.53600,0.24400,0.99693,0.00307
5.59200,0.23600,0.99461,0.00539
5.65200,0.23000,0.99266,0.00734
5.70400,0.22400,0.85534,0.14466
5.74400,0.22700,0.42177,0.57823
5.78900,0.22300,0.70966,0.29034
5.83800,0.22000,0.97222,0.02778
5.89100,0.21300,0.99555,0.00445
5.93600,0.20900,0.99854,0.00146
5.97900,0.20500,0.99371,0.00629
6.02000,0.20300,0.99793,0.00207
6.06900,0.19200,0.99505,0.00495
6.11300,0.18500,0.99398,0.00602
6.15200,0.18100,0.99319,0.00681
6.19200,0.17900,0.96882,0.03118
6.23000,0.17900,0.82630,0.17370
6.26800,0.17900,0.15813,0.84187
6.30500,0.18000,0.38759,0.61241
6.34100,0.18200,0.56387,0.43613
6.37800,0.18400,0.95806,0.04194
6.41600,0.18600,0.99697,0.00303
6.45500,0.18800,0.99847,0.00153
6.49200,0.19200,0.99375,0.00625
6.53000,0.19100,0.99578,0.00422
6.57000,0.18800,0.99684,0.00316
6.61000,0.18900,0.99671,0.00329
6.65100,0.20600,0.99724,0.00276
6.69100,0.21600,0.99641,0.00359
6.72900,0.23000,0.99742,0.00258
6.76600,0.25300,0.98951,0.01049
6.81000,0.26300,0.99308,0.00692
6.86700,0.26100,0.88900,0.11100
6.91800,0.25900,0.63560,0.36440
6.96900,0.25700,0.90073,0.09927
7.03100,0.25200,0.98834,0.01166
7.08500,0.25500,0.99706,0.00294
7.13800,0.25800,0.98930,0.01070
7.18500,0.25400,0.99501,0.00499
7.23600,0.25500,0.99392,0.00608
7.29500,0.25100,0.98970,0.01030
7.35100,0.24300,0.98963,0.01037
7.40500,0.23600,0.95321,0.04679
7.44700,0.24900,0.41527,0.58473
7.50100,0.23600,0.43616,0.56384
7.55400,0.23300,0.93442,0.06558
7.60400,0.23700,0.99295,0.00705
7.65100,0.24100,0.99897,0.00103
7.70300,0.24300,0.99357,0.00643
7.74800,0.25600,0.99565,0.00435
7.79800,0.25500,0.99497,0.00503
7.85000,0.24500,0.99279,0.00721
7.90500,0.22900,0.98689,0.01311
7.95800,0.22300,0.87574,0.12426
8.01500,0.20600,0.46251,0.53749
8.06100,0.20300,0.92282,0.07718
8.10300,0.21100,0.97723,0.02277
8.14300,0.22600,0.99766,0.00234
8.18900,0.23300,0.99087,0.00913
8.23000,0.25600,0.99445,0.00555
8.27400,0.27100,0.99586,0.00414
8.32500,0.27900,0.99031,0.00969
8.37900,0.27500,0.99438,0.00562
8.43500,0.27600,0.94727,0.05273
8.49600,0.26700,0.69839,0.30161
8.55600,0.25600,0.96962,0.03038
8.61300,0.23600,0.99454,0.00546
8.66800,0.22100,0.99882,0.00118
8.72000,0.20600,0.99550,0.00450
8.77700,0.19100,0.99581,0.00419
8.81900,0.18800,0.99656,0.00344
8.85700,0.19800,0.99747,0.00253
8.89500,0.20200,0.99382,0.00618
8.93400,0.22000,0.99298,0.00702
8.97600,0.23600,0.88764,0.11236
9.01600,0.25700,0.59052,0.40948
9.06400,0.25800,0.84988,0.15012
9.10900,0.26400,0.98636,0.01364
9.16500,0.25000,0.99850,0.00150
9.22400,0.24400,0.98704,0.01296
9.28400,0.22900,0.98792,0.01208
9.33200,0.23100,0.99563,0.00437
9.38200,0.23400,0.95284,0.04716
9.42600,0.24200,0.76290,0.23710
9.47900,0.24300,0.73060,0.26940
9.52400,0.25900,0.99195,0.00805
9.57300,0.26300,0.99834,0.00166
9.62800,0.27400,0.98215,0.01785
9.68000,0.27200,0.99524,0.00476
9.73400,0.27200,0.99710,0.00290
9.79400,0.26600,0.99709,0.00291
9.84900,0.27000,0.99778,0.00222
9.91200,0.26300,0.99794,0.00206
9.96300,0.26500,0.99820,0.00180
10.01700,0.25800,0.99827,0.00173
10.07300,0.25400,0.99864,0.00136
10.13000,0.23500,0.99868,0.00132
10.18700,0.22100,0.99898,0.00102
10.23700,0.21100,0.99873,0.00127
10.28500,0.20400,0.99802,0.00198
10.33500,0.19600,0.99854,0.00146
10.37400,0.20700,0.98773,0.01227
10.41600,0.21500,0.78866,0.21134
10.45400,0.22700,0.20598,0.79402
10.49600,0.23700,0.74394,0.25606
10.54000,0.24600,0.98057,0.01943
10.59000,0.24900,0.99869,0.00131
10.64000,0.25700,0.99854,0.00146
10.69000,0.26100,0.99797,0.00203
10.74400,0.25300,0.99840,0.00160
10.79400,0.24100,0.99702,0.00298
10.85100,0.22400,0.99806,0.00194
10.90900,0.20700,0.93148,0.06852
10.96200,0.19600,0.54182,0.45818
11.00500,0.20000,0.43137,0.56863
11.04300,0.21200,0.76291,0.23709
11.08400,0.22100,0.98101,0.01899
11.12400,0.23000,0.99888,0.00112
11.16700,0.23400,0.99781,0.00219
11.21500,0.24300,0.99875,0.00125
11.26300,0.25000,0.99895,0.00105
11.31400,0.25000,0.99782,0.00218
11.36300,0.24500,0.99915,0.00085
11.41300,0.24600,0.98375,0.01625
11.47000,0.23600,0.69734,0.30266
11.52300,0.23800,0.24330,0.75670
11.57100,0.24600,0.95166,0.04834
11.61800,0.24800,0.99607,0.00393
11.66800,0.25300,0.99971,0.00029
11.71600,0.26100,0.99789,0.00211
11.77200,0.25300,0.99877,0.00123
11.82800,0.24100,0.99728,0.00272
11.87800,0.23700,0.99984,0.00016
11.93300,0.23900,0.98806,0.01194
11.98800,0.23700,0.86956,0.13044
12.03500,0.24700,0.43586,0.56414
12.07800,0.25900,0.96219,0.03781
12.12700,0.25900,0.99817,0.00183
12.18400,0.25900,0.99934,0.00066
12.23600,0.26500,0.99894,0.00106
12.29400,0.25900,0.99878,0.00122
12.34800,0.24600,0.99921,0.00079
12.39700,0.23900,0.99886,0.00114
12.45400,0.22700,0.99957,0.00043
12.51100,0.21500,0.99362,0.00638
12.56100,0.22200,0.80673,0.19327
12.60200,0.23400,0.16231,0.83769
12.64400,0.24400,0.90427,0.09573
12.68900,0.24800,0.99348,0.00652
12.73700,0.25500,0.99977,0.00023
12.79200,0.25100,0.99617,0.00383
12.84700,0.24300,0.99928,0.00072
12.89700,0.23900,0.99933,0.00067
12.94800,0.23000,0.99903,0.00097
13.00500,0.21300,0.99910,0.00090
13.05100,0.20600,0.99313,0.00687
13.09800,0.19600,0.81920,0.18080
13.14600,0.18800,0.20884,0.79116
13.18800,0.19400,0.67800,0.32200
13.22700,0.20700,0.95629,0.04371
13.26500,0.23100,0.99847,0.00153
13.30100,0.25100,0.99937,0.00063
13.34300,0.26800,0.99919,0.00081
13.39400,0.26800,0.99945,0.00055
13.44400,0.27400,0.99963,0.00037
13.50700,0.25600,0.99800,0.00200
13.56500,0.25200,0.99873,0.00127
13.62300,0.24800,0.98725,0.01275
13.67400,0.25500,0.65516,0.34484
13.72800,0.25600,0.50981,0.49019
13.77300,0.27000,0.98295,0.01705
13.83000,0.26900,0.99859,0.00141
13.88100,0.27200,0.99940,0.00060
13.94100,0.26300,0.99957,0.00043
13.99600,0.26300,0.99942,0.00058
14.05600,0.26300,0.99920,0.00080
14.11000,0.27300,0.99830,0.00170
14.16300,0.26700,0.91721,0.08279
14.21700,0.27400,0.36468,0.63532
14.27200,0.26800,0.96490,0.03510
14.33100,0.26000,0.99584,0.00416
14.39200,0.24800,0.99983,0.00017
14.44200,0.24800,0.99873,0.00127
14.50200,0.23900,0.99953,0.00047
14.54900,0.23500,0.99935,0.00065
14.60200,0.22400,0.99950,0.00050
14.65100,0.22100,0.99397,0.00603
14.70100,0.21200,0.82919,0.17081
14.75000,0.20700,0.30515,0.69485
14.79200,0.20500,0.88209,0.11791
14.83600,0.21100,0.99037,0.00963
14.88000,0.21300,0.99975,0.00025
14.92500,0.22600,0.99707,0.00293
14.96500,0.23500,0.99943,0.00057
15.00600,0.25300,0.99953,0.00047
15.05600,0.25900,0.99974,0.00026
15.10400,0.25700,0.99900,0.00100
15.16200,0.23700,0.99922,0.00078
15.21100,0.22600,0.98247,0.01753
15.27000,0.20400,0.71546,0.28454
15.32600,0.18900,0.35022,0.64978
15.36900,0.18800,0.56517,0.43483
15.40700,0.20800,0.98179,0.01821
15.44300,0.22000,0.99899,0.00101
15.48200,0.22800,0.99924,0.00076
15.52300,0.23700,0.99958,0.00042
15.57100,0.23600,0.99971,0.00029
15.62500,0.22900,0.99955,0.00045
15.67300,0.22800,0.99970,0.00030
15.71900,0.23100,0.99898,0.00102
15.76800,0.24000,0.99902,0.00098
15.81700,0.24100,0.97651,0.02349
15.86300,0.24500,0.64817,0.35183
15.91200,0.25100,0.58723,0.41277
15.96100,0.25000,0.96870,0.03130
16.01800,0.24800,0.99908,0.00092
16.06900,0.25200,0.99953,0.00047
16.11900,0.25400,0.99932,0.00068
16.17200,0.25200,0.99965,0.00035
16.22200,0.25100,0.99936,0.00064
16.27700,0.25300,0.99689,0.00311
16.33200,0.25900,0.99944,0.00056
16.38600,0.26400,0.97967,0.02033
16.43400,0.27100,0.76441,0.23559
16.48300,0.28000,0.78233,0.21767
16.54600,0.26400,0.99465,0.00535
16.60200,0.26100,0.99970,0.00030
16.66200,0.25000,0.99753,0.00247
16.71600,0.24500,0.99953,0.00047
16.77300,0.23600,0.99926,0.00074
16.82100,0.23100,0.99962,0.00038
16.87200,0.22400,0.99943,0.00057
16.92100,0.21700,0.99937,0.00063
16.97300,0.22000,0.99875,0.00125
17.01900,0.22400,0.99383,0.00617
17.06200,0.22500,0.85885,0.14115
17.10400,0.23900,0.57342,0.42658
17.14800,0.24800,0.98694,0.01306
17.20400,0.24200,0.99828,0.00172
17.25200,0.24000,0.99906,0.00094
17.29800,0.23700,0.99899,0.00101
17.35200,0.22100,0.99944,0.00056
17.40600,0.20600,0.99952,0.00048
17.45700,0.19100,0.99813,0.00187
17.50400,0.18200,0.99612,0.00388
17.54300,0.18200,0.96584,0.03416
17.58100,0.18200,0.58909,0.41091
17.61900,0.18700,0.48133,0.51867
17.65500,0.19600,0.92426,0.07574
17.69300,0.20700,0.99724,0.00276
17.73300,0.22100,0.99919,0.00081
17.77100,0.23500,0.99906,0.00094
17.81300,0.24300,0.99931,0.00069
17.86400,0.24600,0.99932,0.00068
17.91000,0.24600,0.99942,0.00058
17.96500,0.24100,0.99952,0.00048
18.01400,0.24100,0.99865,0.00135
18.06500,0.23800,0.99792,0.00208
18.12000,0.23100,0.96544,0.03456
18.16600,0.24200,0.59852,0.40148
18.21600,0.24900,0.83490,0.16510
18.26400,0.25300,0.99287,0.00713
18.31400,0.25300,0.99913,0.00087
18.36200,0.26100,0.99627,0.00373
18.41900,0.25500,0.99941,0.00059
18.47400,0.25500,0.99791,0.00209
18.52700,0.25500,0.99769,0.00231
18.57900,0.25300,0.93608,0.06392
18.63300,0.25400,0.82178,0.17822
18.68500,0.25000,0.95858,0.04142
18.74200,0.24100,0.99733,0.00267
18.79200,0.24300,0.99949,0.00051
18.84400,0.24900,0.99886,0.00114
18.89600,0.24900,0.99912,0.00088
18.94400,0.24300,0.99936,0.00064
18.99300,0.23600,0.99941,0.00059
19.04600,0.22900,0.99855,0.00145
19.10300,0.22000,0.99877,0.00123
19.15500,0.21300,0.98620,0.01380
19.19500,0.22900,0.71079,0.28921
19.23700,0.23500,0.26126,0.73874
19.28500,0.24000,0.94874,0.05126
19.33200,0.24200,0.99817,0.00183
19.37900,0.25300,0.99959,0.00041
19.43300,0.25400,0.99865,0.00135
19.48200,0.24600,0.99928,0.00072
19.53500,0.22900,0.99947,0.00053
19.58600,0.21700,0.99888,0.00112
19.64400,0.19800,0.99415,0.00585
19.69500,0.18500,0.94332,0.05668
19.73400,0.18300,0.26044,0.73956
19.77100,0.20200,0.56097,0.43903
19.81100,0.21100,0.96339,0.03661
19.84900,0.23400,0.99681,0.00319
19.88600,0.24600,0.99969,0.00031
19.92700,0.26600,0.99814,0.00186
19.98300,0.26300,0.99939,0.00061
20.03500,0.26800,0.99926,0.00074
20.09300,0.26100,0.99792,0.00208
20.14400,0.26600,0.99708,0.00292
20.20300,0.26200,0.95424,0.04576
20.25700,0.26800,0.49490,0.50510
20.31200,0.26500,0.77680,0.22320
20.36600,0.26500,0.99148,0.00852
20.41900,0.26500,0.99947,0.00053
20.47800,0.26300,0.99492,0.00508
20.53400,0.26200,0.99956,0.00044
20.58800,0.26800,0.99908,0.00092
20.64100,0.27400,0.99879,0.00121
20.69700,0.27500,0.99648,0.00352
20.75100,0.27900,0.92344,0.07656
20.80900,0.27700,0.54785,0.45215
20.86800,0.27700,0.94363,0.05637
20.92600,0.26900,0.99701,0.00299
20.98400,0.26500,0.99945,0.00055
21.04300,0.25800,0.99781,0.00219
21.09600,0.26200,0.99568,0.00432
21.15500,0.25100,0.99621,0.00379
21.20500,0.23800,0.92903,0.07097
21.25900,0.22800,0.36496,0.63504
21.31300,0.22200,0.45440,0.54560
21.37000,0.21600,0.88688,0.11312
21.41300,0.21800,0.99375,0.00625
21.45100,0.23700,0.99926,0.00074
21.49400,0.24500,0.99793,0.00207
21.54500,0.24800,0.99857,0.00143
21.59400,0.24100,0.99902,0.00098
21.64200,0.23600,0.99881,0.00119
21.70100,0.21300,0.99843,0.00157
21.74900,0.20500,0.99891,0.00109
21.80200,0.18900,0.99913,0.00087
21.84400,0.18400,0.99459,0.00541
21.88600,0.18500,0.99941,0.00059
21.92300,0.18800,0.94820,0.05180
21.96300,0.20400,0.71763,0.28237
21.99800,0.22200,0.13171,0.86829
22.03700,0.23200,0.80981,0.19019
22.07900,0.24400,0.98700,0.01300
22.12200,0.26000,0.99954,0.00046
22.17800,0.25500,0.98880,0.01120
22.23000,0.25700,0.99749,0.00251
22.27800,0.25600,0.99132,0.00868
22.33500,0.24600,0.94048,0.05952
22.39100,0.24200,0.43599,0.56401
22.44300,0.25000,0.77620,0.22380
22.49500,0.25200,0.95602,0.04398
22.54400,0.26400,0.99770,0.00230
22.59200,0.27300,0.99703,0.00297
22.64300,0.27800,0.98615,0.01385
22.70400,0.26200,0.71433,0.28567
22.75900,0.26200,0.21886,0.78114
22.81800,0.24900,0.82293,0.17707
22.87600,0.23900,0.96939,0.03061
22.92900,0.23700,0.99821,0.00179
22.97700,0.24700,0.99340,0.00660
23.03100,0.24500,0.99375,0.00625
23.07700,0.24300,0.89466,0.10534
23.12500,0.24500,0.65617,0.34383
23.17600,0.24800,0.64263,0.35737
23.23700,0.23900,0.95365,0.04635
23.28400,0.24200,0.99759,0.00241
23.32900,0.23800,0.99747,0.00253
23.38100,0.22900,0.99683,0.00317
23.43400,0.21900,0.99696,0.00304
23.48700,0.20900,0.99260,0.00740
23.53500,0.21800,0.99536,0.00464
23.57500,0.22500,0.84830,0.15170
23.61700,0.23600,0.42978,0.57022
23.66100,0.24600,0.58419,0.41581
23.70500,0.24900,0.93369,0.06631
23.76400,0.24200,0.99685,0.00315
23.80900,0.24400,0.99792,0.00208
23.86600,0.22600,0.99732,0.00268
23.91800,0.21400,0.99581,0.00419
23.96200,0.20800,0.99640,0.00360
24.02100,0.18500,0.99034,0.00966
24.06100,0.18800,0.99809,0.00191
24.10100,0.19200,0.94414,0.05586
24.13900,0.20300,0.67391,0.32609
24.17700,0.22500,0.16708,0.83292
24.21400,0.24100,0.92898,0.07102
24.25900,0.24800,0.99454,0.00546
24.30200,0.26000,0.99873,0.00127
24.35200,0.25600,0.99514,0.00486
24.41300,0.25100,0.99248,0.00752
24.46400,0.25700,0.99594,0.00406
24.51800,0.25700,0.92718,0.07282
24.57100,0.26200,0.54072,0.45928
24.62100,0.26800,0.95246,0.04754
24.67400,0.26800,0.99087,0.00913
24.73300,0.25700,0.99908,0.00092
24.78600,0.25200,0.96877,0.03123
24.84400,0.24500,0.99643,0.00357
24.89900,0.23800,0.95091,0.04909
24.95300,0.24400,0.83788,0.16212
25.00000,0.25900,0.43402,0.56598
25.04700,0.26300,0.96780,0.03220
25.09800,0.25700,0.99765,0.00235
25.14800,0.25400,0.99698,0.00302
25.21000,0.24000,0.99308,0.00692
25.27100,0.22900,0.98345,0.01655
25.31700,0.23800,0.99314,0.00686
25.36300,0.24500,0.94704,0.05296
25.41200,0.24900,0.53990,0.46010
25.46100,0.25500,0.88138,0.11862
25.51100,0.26400,0.99069,0.00931
25.56500,0.25200,0.99846,0.00154
25.61900,0.23800,0.95848,0.04152
25.67000,0.24100,0.99790,0.00210
25.72800,0.23000,0.94441,0.05559
25.78300,0.22000,0.73531,0.26469
25.82600,0.22300,0.66503,0.33497
25.86900,0.23500,0.98615,0.01385
25.92200,0.22700,0.99835,0.00165
25.96800,0.22400,0.99293,0.00707
26.01300,0.22000,0.99612,0.00388
26.05800,0.20900,0.99332,0.00668
26.11400,0.19200,0.99642,0.00358
26.15700,0.18700,0.98564,0.01436
26.20000,0.18100,0.99802,0.00198
26.23900,0.18100,0.98085,0.01915
26.27500,0.18700,0.74489,0.25511
26.31300,0.18800,0.32454,0.67546
26.35200,0.20400,0.85098,0.14902
26.38800,0.22900,0.99000,0.01000
26.42900,0.24600,0.99830,0.00170
26.47000,0.25900,0.98991,0.01009
26.51100,0.27100,0.98608,0.01392
26.56700,0.27900,0.99890,0.00110
26.63000,0.27100,0.97813,0.02187
26.68400,0.26700,0.92105,0.07895
26.74000,0.26200,0.92315,0.07685
26.79400,0.25600,0.99653,0.00347
26.85700,0.24100,0.99938,0.00062
26.91200,0.24100,0.99373,0.00627
26.96400,0.23500,0.98097,0.01903
27.01000,0.23700,0.99733,0.00267
27.06000,0.24200,0.97587,0.02413
27.10900,0.24500,0.87872,0.12128
27.16200,0.24600,0.89799,0.10201
27.20900,0.25500,0.99774,0.00226
27.25800,0.25900,0.99534,0.00466
27.31400,0.25800,0.99273,0.00727
27.36400,0.26600,0.99811,0.00189
27.41900,0.26100,0.98734,0.01266
27.47500,0.25600,0.84742,0.15258
27.52500,0.25500,0.48933,0.51067
27.58300,0.24900,0.95766,0.04234
27.63800,0.24100,0.99649,0.00351
27.69000,0.24600,0.99852,0.00148
27.74000,0.24900,0.99580,0.00420
27.79100,0.25600,0.99113,0.00887
27.84200,0.25500,0.99735,0.00265
27.89200,0.25600,0.94299,0.05701
27.94700,0.25100,0.61767,0.38233
28.00100,0.24000,0.87023,0.12977
28.05900,0.22300,0.98860,0.01140
28.10600,0.21800,0.99841,0.00159
28.15700,0.21500,0.99135,0.00865
28.20600,0.20800,0.99604,0.00396
28.24900,0.20300,0.99244,0.00756
28.29000,0.19900,0.99790,0.00210
28.33400,0.19100,0.97819,0.02181
28.38100,0.18500,0.69458,0.30542
28.42100,0.18600,0.26977,0.73023
28.45900,0.18800,0.94291,0.05709
28.49700,0.19500,0.99241,0.00759
28.53300,0.20800,0.99881,0.00119
28.57500,0.22500,0.99207,0.00793
28.61500,0.24500,0.99570,0.00430
28.65500,0.26700,0.99182,0.00818
28.70200,0.27600,0.99652,0.00348
28.75100,0.28600,0.93718,0.06282
28.81300,0.27600,0.74743,0.25257
28.87300,0.28100,0.97066,0.02934
28.93400,0.28200,0.99589,0.00411
28.98900,0.28800,0.99894,0.00106
29.04700,0.29600,0.99530,0.00470
29.10100,0.30400,0.99363,0.00637
29.16600,0.30100,0.99742,0.00258
29.22800,0.29500,0.98110,0.01890
29.29000,0.29800,0.76937,0.23063
29.35500,0.29600,0.80386,0.19614
29.41700,0.29700,0.99037,0.00963
29.48000,0.29600,0.99801,0.00199
29.53500,0.30000,0.99361,0.00639
29.59900,0.28900,0.99642,0.00358
29.66300,0.28700,0.99221,0.00779
29.72700,0.28700,0.99178,0.00822
29.78700,0.28900,0.92556,0.07444
29.84400,0.29500,0.94795,0.05205
29.90100,0.29700,0.99463,0.00537
29.96400,0.29200,0.99812,0.00188
30.02700,0.28900,0.99350,0.00650
30.09000,0.27900,0.99743,0.00257
30.15000,0.27400,0.99623,0.00377
30.21000,0.27900,0.98651,0.01349
30.26800,0.28500,0.99150,0.00850
30.32700,0.27200,0.95498,0.04502
30.38100,0.25900,0.95688,0.04312
30.43800,0.23800,0.99734,0.00266
30.50300,0.21000,0.99770,0.00230
30.56200,0.18900,0.99797,0.00203
30.60700,0.18600,0.99758,0.00242
30.64600,0.20200,0.99839,0.00161
30.68500,0.23000,0.99851,0.00149
30.72000,0.25900,0.99072,0.00928
30.75800,0.28600,0.93134,0.06866
30.80300,0.30100,0.75124,0.24876
30.86100,0.29100,0.98135,0.01865
30.92600,0.27500,0.99767,0.00233
30.99200,0.26500,0.99724,0.00276
31.05800,0.25600,0.99438,0.00562
31.11500,0.26000,0.98550,0.01450
31.16100,0.27700,0.92067,0.07933
31.21200,0.28800,0.60406,0.39594
31.26700,0.30000,0.98290,0.01710
31.32700,0.29900,0.99863,0.00137
31.38700,0.30100,0.99674,0.00326
31.45200,0.30400,0.99290,0.00710
31.51200,0.30400,0.99828,0.00172
31.57700,0.30000,0.96811,0.03189
31.64100,0.29100,0.75833,0.24167
31.70200,0.29100,0.66150,0.33850
31.76600,0.29000,0.99182,0.00819
31.82800,0.29000,0.99894,0.00106
31.88700,0.29100,0.99194,0.00806
31.94600,0.29500,0.99810,0.00190
32.00600,0.29600,0.99020,0.00980
32.06900,0.29600,0.99773,0.00227
32.12800,0.29800,0.96299,0.03701
32.19100,0.29600,0.62075,0.37925
32.25400,0.29600,0.65905,0.34095
32.31600,0.29000,0.99357,0.00643
32.37800,0.28200,0.99905,0.00095
32.44000,0.27400,0.95979,0.04021
32.50000,0.27600,0.99526,0.00474
32.56300,0.26200,0.90353,0.09647
32.61600,0.24700,0.45896,0.54104
32.67000,0.23200,0.63689,0.36311
32.72700,0.21400,0.96110,0.03890
32.78700,0.20400,0.99721,0.00279
32.83300,0.21400,0.99685,0.00315
32.87200,0.23600,0.99264,0.00736
32.91100,0.26100,0.99896,0.00104
32.94900,0.29200,0.98443,0.01557
33.00300,0.30600,0.85910,0.14090
33.05900,0.31500,0.43589,0.56411
33.12000,0.31600,0.96422,0.03578
33.18400,0.31400,0.99742,0.00258
33.25200,0.30400,0.99822,0.00178
33.32200,0.29800,0.99650,0.00350
33.38600,0.29700,0.94456,0.05544
33.44800,0.30000,0.57716,0.42284
33.51300,0.29800,0.91016,0.08984
33.56700,0.30700,0.98147,0.01853
33.63300,0.29700,0.99893,0.00107
33.69500,0.28800,0.95158,0.04842
33.75900,0.28200,0.99602,0.00398
33.82400,0.27500,0.97135,0.02865
33.88500,0.27700,0.62178,0.37822
33.93900,0.28500,0.63010,0.36990
33.99500,0.29300,0.95087,0.04913
34.05300,0.29600,0.99776,0.00224
34.11100,0.30000,0.99424,0.00576
34.17400,0.29900,0.99801,0.00199
34.23800,0.29600,0.95182,0.04818
34.30200,0.29700,0.77429,0.22571
34.36100,0.29900,0.35236,0.64764
34.42300,0.30400,0.95429,0.04571
34.48600,0.30000,0.99780,0.00220
34.54600,0.30300,0.99864,0.00136
34.61100,0.28900,0.99202,0.00798
34.67400,0.27700,0.99142,0.00858
34.73800,0.26900,0.98507,0.01493
34.79800,0.24900,0.88746,0.11254
34.86200,0.22600,0.68343,0.31657
34.91000,0.21700,0.53577,0.46423
34.96200,0.20900,0.79974,0.20026
35.01500,0.22400,0.96991,0.03009
35.05400,0.24400,0.99735,0.00265
35.09700,0.26300,0.98870,0.01130
35.13500,0.28600,0.99734,0.00266
35.18300,0.30000,0.98724,0.01276
35.25100,0.29100,0.87925,0.12075
35.31000,0.29800,0.32929,0.67071
35.37200,0.29800,0.88158,0.11842
35.43300,0.29200,0.97686,0.02314
35.49600,0.29200,0.99916,0.00084
35.55300,0.29500,0.98335,0.01665
35.62100,0.28700,0.99212,0.00788
35.68300,0.29000,0.99607,0.00393
35.73900,0.29400,0.93192,0.06808
35.80000,0.29500,0.51495,0.48505
35.85900,0.29500,0.66518,0.33482
35.92000,0.29800,0.89182,0.10818
35.98700,0.29600,0.98349,0.01651
36.04500,0.29700,0.99831,0.00169
36.10700,0.28900,0.86276,0.13724
36.16700,0.29100,0.65246,0.34754
36.23000,0.29000,0.82246,0.17754
36.29600,0.28700,0.97622,0.02378
36.35000,0.29700,0.99700,0.00300
36.40700,0.30100,0.99729,0.00271
36.46900,0.29900,0.99508,0.00492
36.53200,0.29900,0.95883,0.04117
36.59600,0.29200,0.64264,0.35736
36.65800,0.29300,0.84849,0.15151
36.72000,0.29300,0.97404,0.02596
36.77800,0.29800,0.99898,0.00102
36.84400,0.28300,0.98627,0.01373
36.90100,0.27700,0.99767,0.00233
36.96500,0.26100,0.98790,0.01210
37.02600,0.24400,0.86262,0.13738
37.08800,0.22100,0.30726,0.69274
37.13800,0.21500,0.59968,0.40032
37.18600,0.22200,0.88222,0.11778
37.23500,0.23400,0.99054,0.00946
37.27700,0.25600,0.99883,0.00117
37.31700,0.27800,0.98904,0.01096
37.36200,0.29000,0.99553,0.00447
37.42200,0.27400,0.99474,0.00526
37.48000,0.27500,0.99672,0.00328
37.54500,0.27300,0.99586,0.00414
37.60800,0.27500,0.99345,0.00655
37.66100,0.28500,0.98395,0.01605
37.70700,0.30000,0.91230,0.08770
37.76800,0.30500,0.74317,0.25683
37.83100,0.29800,0.95027,0.04973
37.89600,0.29200,0.99692,0.00308
37.96000,0.28900,0.90908,0.09092
38.01900,0.29000,0.75411,0.24589
38.08300,0.29000,0.97412,0.02588
38.14100,0.29700,0.98597,0.01403
38.19900,0.30100,0.47130,0.52870
38.26200,0.30200,0.51421,0.48579
38.32200,0.30700,0.99547,0.00453
38.38700,0.30700,0.99071,0.00929
38.45000,0.30400,0.46665,0.53335
38.51300,0.30200,0.22495,0.77505
38.57600,0.30500,0.52063,0.47937
38.64100,0.30000,0.44288,0.55712
38.70600,0.29900,0.47430,0.52570
38.76700,0.30200,0.47259,0.52741
38.82700,0.30400,0.50875,0.49125
38.89100,0.30100,0.52711,0.47289
38.95300,0.30100,0.46852,0.53148
39.01800,0.29100,0.87380,0.12620
39.08100,0.27400,0.99216,0.00784
39.14300,0.26600,0.99685,0.00315
39.20700,0.24400,0.51018,0.48982
39.26500,0.22600,0.44073,0.55927
39.31700,0.21700,0.96947,0.03053
39.36500,0.21400,0.99305,0.00695
39.41900,0.21300,0.93241,0.06759
39.45900,0.23700,0.13259,0.86741
39.50000,0.25700,0.98626,0.01374
39.54500,0.27500,0.91924,0.08076
39.58700,0.29200,0.95828,0.04172
39.64600,0.28900,0.59601,0.40399
39.71000,0.27400,0.97491,0.02509
39.77000,0.27100,0.97164,0.02836
39.83400,0.26200,0.18994,0.81006
39.89000,0.27000,0.98024,0.01976
39.94500,0.27400,0.95948,0.04052
39.99300,0.28700,0.76512,0.23488
40.05100,0.29100,0.71569,0.28431
40.10900,0.29200,0.99458,0.00542
40.17100,0.29200,0.99585,0.00415
40.23100,0.28700,0.52158,0.47842
40.29300,0.27000,0.55524,0.44476
40.35400,0.26400,0.67306,0.32694
40.41100,0.26600,0.60085,0.39915
40.47400,0.26400,0.59454,0.40546
40.52900,0.27500,0.59800,0.40200
40.57400,0.29000,0.60693,0.39307
40.62700,0.29900,0.61884,0.38116
40.69100,0.28700,0.77297,0.22703
40.75100,0.28800,0.84283,0.15717
40.81700,0.28400,0.99867,0.00133
40.87600,0.28700,0.99630,0.00370
40.93700,0.29000,0.91054,0.08946
40.99000,0.29200,0.92353,0.07647
41.05200,0.27600,0.99618,0.00382
41.11400,0.27300,0.96106,0.03894
41.17500,0.27400,0.99462,0.00538
41.23900,0.27500,0.95448,0.04552
41.29100,0.27500,0.80558,0.19442
41.34000,0.27100,0.88207,0.11793
41.39900,0.25600,0.99127,0.00873
41.46200,0.23600,0.95459,0.04541
41.52800,0.21300,0.65785,0.34215
41.57500,0.21000,0.96294,0.03706
41.62100,0.22800,0.99548,0.00452
41.66400,0.24900,0.98137,0.01863
41.70700,0.26200,0.85801,0.14199
41.75100,0.27700,0.80860,0.19140
41.79800,0.28800,0.99870,0.00130
41.86100,0.27800,0.99639,0.00361
41.92200,0.27000,0.79782,0.20218
41.97900,0.26000,0.50052,0.49948
42.03900,0.24000,0.75111,0.24889
42.09900,0.23300,0.63143,0.36857
42.14800,0.24300,0.80669,0.19331
42.19900,0.25400,0.93479,0.06521
42.24800,0.26400,0.99733,0.00267
42.28600,0.29100,0.99446,0.00554
42.34400,0.29100,0.55736,0.44264
42.40300,0.29100,0.90195,0.09805
42.46400,0.29600,0.98801,0.01199
42.52400,0.30000,0.99871,0.00129
42.58800,0.30000,0.71604,0.28396
42.64900,0.29800,0.54794,0.45206
42.70700,0.30300,0.96536,0.03464
42.77400,0.29600,0.99029,0.00971
42.83600,0.29700,0.99975,0.00025
42.90000,0.29800,0.97364,0.02636
42.96200,0.30000,0.96966,0.03034
43.02100,0.30300,0.27473,0.72527
43.08300,0.30000,0.99382,0.00618
43.14500,0.29900,0.95666,0.04334
43.21100,0.29300,0.81072,0.18928
43.27300,0.29600,0.95770,0.04230
43.33600,0.30200,0.99784,0.00216
43.39600,0.30100,0.99548,0.00452
43.45400,0.29400,0.74400,0.25600
43.51600,0.27500,0.99138,0.00862
43.58300,0.24900,0.99224,0.00776
43.65000,0.22000,0.99583,0.00417
43.70900,0.21100,0.98843,0.01157
43.75600,0.20400,0.98592,0.01408
43.80000,0.19800,0.87635,0.12365
43.83900,0.21900,0.72319,0.27681
43.87800,0.23300,0.85876,0.14124
43.92800,0.23600,0.77772,0.22228
43.96800,0.24800,0.93069,0.06931
44.00800,0.26600,0.98912,0.01088
44.06900,0.26600,0.99461,0.00539
44.11900,0.27700,0.98851,0.01149
44.17600,0.27900,0.97740,0.02260
44.22700,0.28300,0.85746,0.14254
44.28700,0.28200,0.85614,0.14386
44.34700,0.28200,0.99601,0.00399
44.40800,0.28000,0.99365,0.00635
44.46500,0.28500,0.48780,0.51220
44.52300,0.27500,0.99216,0.00784
44.58100,0.27700,0.98546,0.01454
44.64100,0.27600,0.85511,0.14489
44.70100,0.26900,0.80421,0.19579
44.76000,0.26900,0.95621,0.04379
44.81000,0.27900,0.99888,0.00112
44.87000,0.27700,0.96996,0.03004
44.92700,0.27700,0.85565,0.14435
44.98100,0.28600,0.83598,0.16402
45.04200,0.28200,0.97642,0.02358
45.10100,0.28400,0.99446,0.00554
45.15900,0.28500,0.95651,0.04349
45.21600,0.28900,0.99353,0.00647
45.27900,0.28800,0.98075,0.01925
45.33500,0.29000,0.86395,0.13605
45.39600,0.29000,0.74102,0.25898
45.45600,0.28100,0.82529,0.17471
45.51800,0.27700,0.76427,0.23573
45.57800,0.27500,0.87790,0.12210
45.63600,0.27600,0.97612,0.02388
45.69900,0.25500,0.99352,0.00648
45.74900,0.24700,0.96853,0.03147
45.80600,0.23300,0.99281,0.00719
45.86400,0.21700,0.97446,0.02554
45.92000,0.20600,0.89179,0.10821
45.96200,0.20700,0.56742,0.43258
46.00500,0.20800,0.78729,0.21271
46.04700,0.20600,0.96051,0.03949
46.08800,0.21700,0.99152,0.00848
46.13600,0.22900,0.99675,0.00325
46.17700,0.24800,0.93032,0.06968
46.22100,0.26600,0.98853,0.01147
46.26100,0.28000,0.91931,0.08069
46.31700,0.28300,0.74113,0.25887
46.37800,0.28200,0.98379,0.01621
46.43700,0.28500,0.99186,0.00814
46.49900,0.28400,0.99354,0.00646
46.55000,0.30200,0.98281,0.01719
46.61300,0.30300,0.95193,0.04807
46.67400,0.30400,0.80924,0.19076
46.73200,0.31300,0.85482,0.14518
46.79600,0.30900,0.98653,0.01347
46.86400,0.30300,0.99775,0.00225
46.93000,0.29300,0.92980,0.07020
46.99000,0.29500,0.97075,0.02925
47.05600,0.29000,0.99599,0.00401
47.11900,0.28700,0.97569,0.02431
47.17700,0.29200,0.85719,0.14281
47.23500,0.29000,0.62100,0.37900
47.29600,0.28900,0.95387,0.04613
47.35900,0.29100,0.99371,0.00629
47.41800,0.29500,0.99445,0.00555
47.47900,0.29200,0.83236,0.16764
47.53400,0.29600,0.66163,0.33837
47.59800,0.28700,0.96330,0.03670
47.66400,0.28100,0.99532,0.00468
47.72200,0.28800,0.99382,0.00618
47.78300,0.28800,0.34494,0.65506
47.84400,0.27700,0.99603,0.00397
47.89900,0.26500,0.99153,0.00847
47.95800,0.25000,0.94546,0.05454
48.02300,0.22800,0.63734,0.36266
48.08300,0.20800,0.97601,0.02399
48.12900,0.20300,0.99449,0.00550
48.17400,0.19600,0.99732,0.00268
48.21800,0.19900,0.98159,0.01841
48.25900,0.22100,0.98067,0.01933
48.30000,0.24000,0.99076,0.00924
48.34000,0.26200,0.97130,0.02870
48.37800,0.29500,0.79540,0.20460
48.42800,0.30200,0.90593,0.09407
48.49100,0.29700,0.97179,0.02821
48.55300,0.29600,0.99722,0.00278
48.61700,0.29400,0.97349,0.02651
48.68500,0.28900,0.99403,0.00597
48.74200,0.29400,0.98736,0.01264
48.80000,0.30100,0.81855,0.18145
48.86200,0.29700,0.66785,0.33215
48.92300,0.29400,0.98052,0.01948
48.98400,0.29200,0.99381,0.00619
49.05000,0.28900,0.99964,0.00036
49.11200,0.29100,0.97483,0.02517
49.17000,0.29300,0.90371,0.09629
49.22900,0.29600,0.58870,0.41130
49.29000,0.29400,0.97015,0.02985
49.35100,0.29900,0.96386,0.03614
49.41400,0.29900,0.99952,0.00048
49.47400,0.30000,0.87469,0.12531
49.53700,0.29900,0.90541,0.09459
49.59700,0.29700,0.58601,0.41399
49.66400,0.28800,0.93411,0.06589
49.72500,0.29000,0.99750,0.00250
49.78600,0.29500,0.97485,0.02515
49.84800,0.29000,0.73295,0.26705
49.90500,0.29400,0.97470,0.02530
49.96500,0.29600,0.99171,0.00829
50.02700,0.29800,0.98615,0.01385
50.09200,0.28500,0.55807,0.44193
50.15100,0.26400,0.99486,0.00514
50.21000,0.24700,0.99420,0.00580
50.27400,0.22300,0.80473,0.19527
50.33600,0.20000,0.73830,0.26170
50.38400,0.19800,0.90655,0.09345
50.42400,0.22300,0.98728,0.01272
50.46400,0.24600,0.99654,0.00346
50.50500,0.26000,0.99613,0.00387
50.54500,0.27000,0.98129,0.01871
50.59600,0.27600,0.92568,0.07432
50.66000,0.27300,0.78854,0.21146
50.72100,0.27400,0.94776,0.05224
50.77600,0.28400,0.97920,0.02080
50.82700,0.29500,0.99401,0.00599
50.88400,0.30200,0.98372,0.01628
50.94600,0.29800,0.97940,0.02060
51.00700,0.29900,0.96068,0.03932
51.07300,0.29400,0.71440,0.28560
51.13400,0.29000,0.87067,0.12933
51.19800,0.29000,0.91941,0.08059
51.25700,0.29800,0.98405,0.01595
51.31900,0.29900,0.99926,0.00074
51.37900,0.30400,0.99340,0.00660
51.43400,0.30800,0.93710,0.06290
51.50300,0.29800,0.65037,0.34963
51.56800,0.29900,0.98530,0.01470
51.63200,0.29900,0.98635,0.01365
51.69400,0.29900,0.99910,0.00090
51.75500,0.30100,0.92260,0.07740
51.81300,0.29700,0.85940,0.14060
51.87800,0.29800,0.96368,0.03632
51.94500,0.28600,0.98306,0.01694
52.00600,0.26900,0.99084,0.00916
52.06600,0.27000,0.99237,0.00763
52.12300,0.27600,0.97463,0.02537
52.18900,0.27200,0.82445,0.17555
52.24000,0.28200,0.64360,0.35640
52.28500,0.29400,0.99770,0.00230
52.34900,0.27100,0.99219,0.00781
52.41300,0.24800,0.75869,0.24131
52.47500,0.22900,0.70438,0.29562
