Time (seconds), Duration (seconds),pred_unlabelled,pred_cut
0.00000,1.05394,0.99008,0.00992
0.10000,1.05394,0.99031,0.00969
0.20000,1.05394,0.99305,0.00695
0.30000,1.05394,0.99341,0.00659
0.40000,1.05394,0.99329,0.00671
0.50000,1.05394,0.99441,0.00559
0.60000,1.05394,0.99412,0.00588
0.70000,1.05394,0.99534,0.00466
0.80000,1.05394,0.99579,0.00421
0.90000,1.05394,0.99573,0.00427
1.00000,1.05394,0.99607,0.00393
1.10000,1.05394,0.99612,0.00388
1.20000,1.05394,0.99633,0.00367
1.30000,1.05394,0.99654,0.00346
1.40000,1.05394,0.99643,0.00357
1.50000,1.05394,0.99667,0.00333
1.60000,1.05394,0.99654,0.00346
1.70000,1.05394,0.99655,0.00345
1.80000,1.05394,0.99648,0.00352
1.90000,1.05394,0.99651,0.00349
2.00000,1.05394,0.99652,0.00348
2.10000,1.05394,0.99653,0.00347
2.20000,1.05394,0.99665,0.00335
2.30000,1.05394,0.99669,0.00331
2.40000,1.05394,0.99675,0.00325
2.50000,1.05394,0.99676,0.00324
2.60000,1.05394,0.99670,0.00330
2.70000,1.05394,0.99674,0.00326
2.80000,1.05394,0.99679,0.00321
2.90000,1.05394,0.99663,0.00337
3.00000,1.05394,0.99652,0.00348
3.10000,1.05394,0.99617,0.00383
3.20000,1.05394,0.99621,0.00379
3.30000,1.05394,0.99596,0.00404
3.40000,1.05394,0.99594,0.00406
3.50000,1.05394,0.99596,0.00404
3.60000,1.05394,0.99591,0.00409
3.70000,1.05394,0.99594,0.00406
3.80000,1.05394,0.99615,0.00385
3.90000,1.05394,0.99635,0.00365
4.00000,1.05394,0.99684,0.00316
4.10000,1.05394,0.99687,0.00313
4.20000,1.05394,0.99671,0.00329
4.30000,1.05394,0.99648,0.00352
4.40000,1.05394,0.99634,0.00366
4.50000,1.05394,0.99617,0.00383
4.60000,1.05394,0.99570,0.00430
4.70000,1.05394,0.99570,0.00430
4.80000,1.05394,0.99540,0.00460
4.90000,1.05394,0.99517,0.00483
5.00000,1.05394,0.99515,0.00485
5.10000,1.05394,0.99536,0.00464
5.20000,1.05394,0.99508,0.00492
5.30000,1.05394,0.99521,0.00479
5.40000,1.05394,0.99512,0.00488
5.50000,1.05394,0.99522,0.00478
5.60000,1.05394,0.99556,0.00444
5.70000,1.05394,0.99547,0.00453
5.80000,1.05394,0.99568,0.00432
5.90000,1.05394,0.99575,0.00425
6.00000,1.05394,0.99587,0.00413
6.10000,1.05394,0.99592,0.00408
6.20000,1.05394,0.99638,0.00362
6.30000,1.05394,0.99654,0.00346
6.40000,1.05394,0.99665,0.00335
6.50000,1.05394,0.99667,0.00333
6.60000,1.05394,0.99663,0.00337
6.70000,1.05394,0.99659,0.00341
6.80000,1.05394,0.99659,0.00341
6.90000,1.05394,0.99669,0.00331
7.00000,1.05394,0.99671,0.00329
7.10000,1.05394,0.99676,0.00324
7.20000,1.05394,0.99671,0.00329
7.30000,1.05394,0.99672,0.00328
7.40000,1.05394,0.99664,0.00336
7.50000,1.05394,0.99666,0.00334
7.60000,1.05394,0.99669,0.00331
7.70000,1.05394,0.99662,0.00338
7.80000,1.05394,0.99669,0.00331
7.90000,1.05394,0.99654,0.00346
8.00000,1.05394,0.99655,0.00345
8.10000,1.05394,0.99664,0.00336
8.20000,1.05394,0.99673,0.00327
8.30000,1.05394,0.99665,0.00335
8.40000,1.05394,0.99668,0.00332
8.50000,1.05394,0.99671,0.00329
8.60000,1.05394,0.99671,0.00329
8.70000,1.05394,0.99669,0.00331
8.80000,1.05394,0.99671,0.00329
8.90000,1.05394,0.99671,0.00329
9.00000,1.05394,0.99675,0.00325
9.10000,1.05394,0.99678,0.00322
9.20000,1.05394,0.99673,0.00327
9.30000,1.05394,0.99672,0.00328
9.40000,1.05394,0.99670,0.00330
9.50000,1.05394,0.99671,0.00329
9.60000,1.05394,0.99669,0.00331
9.70000,1.05394,0.99668,0.00332
9.80000,1.05394,0.99668,0.00332
9.90000,1.05394,0.99666,0.00334
10.00000,1.05394,0.99664,0.00336
10.10000,1.05394,0.99664,0.00336
10.20000,1.05394,0.99663,0.00337
10.30000,1.05394,0.99662,0.00338
10.40000,1.05394,0.99663,0.00337
10.50000,1.05394,0.99664,0.00336
10.60000,1.05394,0.99666,0.00334
10.70000,1.05394,0.99667,0.00333
10.80000,1.05394,0.99667,0.00333
10.90000,1.05394,0.99667,0.00333
11.00000,1.05394,0.99667,0.00333
11.10000,1.05394,0.99668,0.00332
11.20000,1.05394,0.99668,0.00332
11.30000,1.05394,0.99668,0.00332
11.40000,1.05394,0.99669,0.00331
11.50000,1.05394,0.99668,0.00332
11.60000,1.05394,0.99669,0.00331
11.70000,1.05394,0.99669,0.00331
11.80000,1.05394,0.99670,0.00330
11.90000,1.05394,0.99670,0.00330
12.00000,1.05394,0.99670,0.00330
12.10000,1.05394,0.99670,0.00330
12.20000,1.05394,0.99670,0.00330
12.30000,1.05394,0.99669,0.00331
12.40000,1.05394,0.99669,0.00331
12.50000,1.05394,0.99669,0.00331
12.60000,1.05394,0.99669,0.00331
12.70000,1.05394,0.99668,0.00332
12.80000,1.05394,0.99669,0.00331
12.90000,1.05394,0.99668,0.00332
13.00000,1.05394,0.99667,0.00333
13.10000,1.05394,0.99667,0.00333
13.20000,1.05394,0.99667,0.00333
13.30000,1.05394,0.99667,0.00333
13.40000,1.05394,0.99667,0.00333
13.50000,1.05394,0.99668,0.00332
13.60000,1.05394,0.99667,0.00333
13.70000,1.05394,0.99667,0.00333
13.80000,1.05394,0.99667,0.00333
13.90000,1.05394,0.99667,0.00333
14.00000,1.05394,0.99667,0.00333
14.10000,1.05394,0.99667,0.00333
14.20000,1.05394,0.99668,0.00332
14.30000,1.05394,0.99667,0.00333
14.40000,1.05394,0.99667,0.00333
14.50000,1.05394,0.99668,0.00332
14.60000,1.05394,0.99668,0.00332
14.70000,1.05394,0.99668,0.00332
14.80000,1.05394,0.99667,0.00333
14.90000,1.05394,0.99666,0.00334
15.00000,1.05394,0.99665,0.00335
15.10000,1.05394,0.99665,0.00335
15.20000,1.05394,0.99665,0.00335
15.30000,1.05394,0.99665,0.00335
15.40000,1.05394,0.99665,0.00335
15.50000,1.05394,0.99665,0.00335
15.60000,1.05394,0.99665,0.00335
15.70000,1.05394,0.99666,0.00334
15.80000,1.05394,0.99666,0.00334
15.90000,1.05394,0.99666,0.00334
16.00000,1.05394,0.99666,0.00334
16.10000,1.05394,0.99666,0.00334
16.20000,1.05394,0.99667,0.00333
16.30000,1.05394,0.99666,0.00334
16.40000,1.05394,0.99667,0.00333
16.50000,1.05394,0.99666,0.00334
16.60000,1.05394,0.99667,0.00333
16.70000,1.05394,0.99666,0.00334
16.80000,1.05394,0.99666,0.00334
16.90000,1.05394,0.99666,0.00334
17.00000,1.05394,0.99666,0.00334
17.10000,1.05394,0.99666,0.00334
17.20000,1.05394,0.99666,0.00334
17.30000,1.05394,0.99665,0.00335
17.40000,1.05394,0.99666,0.00334
17.50000,1.05394,0.99666,0.00334
17.60000,1.05394,0.99666,0.00334
17.70000,1.05394,0.99667,0.00333
17.80000,1.05394,0.99667,0.00333
17.90000,1.05394,0.99667,0.00333
18.00000,1.05394,0.99668,0.00332
18.10000,1.05394,0.99668,0.00332
18.20000,1.05394,0.99668,0.00332
18.30000,1.05394,0.99668,0.00332
18.40000,1.05394,0.99668,0.00332
18.50000,1.05394,0.99669,0.00331
18.60000,1.05394,0.99668,0.00332
18.70000,1.05394,0.99669,0.00331
18.80000,1.05394,0.99669,0.00331
18.90000,1.05394,0.99669,0.00331
19.00000,1.05394,0.99668,0.00332
19.10000,1.05394,0.99668,0.00332
19.20000,1.05394,0.99668,0.00332
19.30000,1.05394,0.99668,0.00332
19.40000,1.05394,0.99668,0.00332
19.50000,1.05394,0.99669,0.00331
19.60000,1.05394,0.99668,0.00332
19.70000,1.05394,0.99669,0.00331
19.80000,1.05394,0.99669,0.00331
19.90000,1.05394,0.99669,0.00331
20.00000,1.05394,0.99669,0.00331
20.10000,1.05394,0.99669,0.00331
20.20000,1.05394,0.99669,0.00331
20.30000,1.05394,0.99669,0.00331
20.40000,1.05394,0.99669,0.00331
20.50000,1.05394,0.99669,0.00331
20.60000,1.05394,0.99670,0.00330
20.70000,1.05394,0.99669,0.00331
20.80000,1.05394,0.99669,0.00331
20.90000,1.05394,0.99670,0.00330
21.00000,1.05394,0.99670,0.00330
21.10000,1.05394,0.99670,0.00330
21.20000,1.05394,0.99670,0.00330
21.30000,1.05394,0.99670,0.00330
21.40000,1.05394,0.99670,0.00330
21.50000,1.05394,0.99671,0.00329
21.60000,1.05394,0.99672,0.00328
21.70000,1.05394,0.99672,0.00328
21.80000,1.05394,0.99674,0.00326
21.90000,1.05394,0.99674,0.00326
22.00000,1.05394,0.99674,0.00326
22.10000,1.05394,0.99675,0.00325
22.20000,1.05394,0.99675,0.00325
22.30000,1.05394,0.99675,0.00325
22.40000,1.05394,0.99675,0.00325
22.50000,1.05394,0.99674,0.00326
22.60000,1.05394,0.99675,0.00325
22.70000,1.05394,0.99675,0.00325
22.80000,1.05394,0.99675,0.00325
22.90000,1.05394,0.99675,0.00325
23.00000,1.05394,0.99675,0.00325
23.10000,1.05394,0.99675,0.00325
23.20000,1.05394,0.99675,0.00325
23.30000,1.05394,0.99676,0.00324
23.40000,1.05394,0.99676,0.00324
23.50000,1.05394,0.99675,0.00325
23.60000,1.05394,0.99676,0.00324
23.70000,1.05394,0.99676,0.00324
23.80000,1.05394,0.99676,0.00324
23.90000,1.05394,0.99676,0.00324
24.00000,1.05394,0.99676,0.00324
24.10000,1.05394,0.99675,0.00325
24.20000,1.05394,0.99675,0.00325
24.30000,1.05394,0.99675,0.00325
24.40000,1.05394,0.99674,0.00326
24.50000,1.05394,0.99674,0.00326
24.60000,1.05394,0.99674,0.00326
24.70000,1.05394,0.99673,0.00327
24.80000,1.05394,0.99673,0.00327
24.90000,1.05394,0.99673,0.00327
25.00000,1.05394,0.99672,0.00328
25.10000,1.05394,0.99671,0.00329
25.20000,1.05394,0.99671,0.00329
25.30000,1.05394,0.99671,0.00329
25.40000,1.05394,0.99671,0.00329
25.50000,1.05394,0.99671,0.00329
25.60000,1.05394,0.99670,0.00330
25.70000,1.05394,0.99671,0.00329
25.80000,1.05394,0.99671,0.00329
25.90000,1.05394,0.99671,0.00329
26.00000,1.05394,0.99672,0.00328
26.10000,1.05394,0.99671,0.00329
26.20000,1.05394,0.99671,0.00329
26.30000,1.05394,0.99672,0.00328
26.40000,1.05394,0.99671,0.00329
26.50000,1.05394,0.99672,0.00328
26.60000,1.05394,0.99672,0.00328
26.70000,1.05394,0.99672,0.00328
26.80000,1.05394,0.99672,0.00328
26.90000,1.05394,0.99673,0.00327
27.00000,1.05394,0.99672,0.00328
27.10000,1.05394,0.99670,0.00330
27.20000,1.05394,0.99670,0.00330
27.30000,1.05394,0.99671,0.00329
27.40000,1.05394,0.99672,0.00328
27.50000,1.05394,0.99672,0.00328
27.60000,1.05394,0.99672,0.00328
27.70000,1.05394,0.99672,0.00328
27.80000,1.05394,0.99672,0.00328
27.90000,1.05394,0.99674,0.00326
28.00000,1.05394,0.99674,0.00326
28.10000,1.05394,0.99673,0.00327
28.20000,1.05394,0.99673,0.00327
28.30000,1.05394,0.99673,0.00327
28.40000,1.05394,0.99673,0.00327
28.50000,1.05394,0.99673,0.00327
28.60000,1.05394,0.99675,0.00325
28.70000,1.05394,0.99674,0.00326
28.80000,1.05394,0.99675,0.00325
28.90000,1.05394,0.99676,0.00324
29.00000,1.05394,0.99675,0.00325
29.10000,1.05394,0.99676,0.00324
29.20000,1.05394,0.99675,0.00325
29.30000,1.05394,0.99674,0.00326
29.40000,1.05394,0.99672,0.00328
29.50000,1.05394,0.99672,0.00328
29.60000,1.05394,0.99672,0.00328
29.70000,1.05394,0.99672,0.00328
29.80000,1.05394,0.99671,0.00329
29.90000,1.05394,0.99670,0.00330
30.00000,1.05394,0.99669,0.00331
30.10000,1.05394,0.99670,0.00330
30.20000,1.05394,0.99671,0.00329
30.30000,1.05394,0.99671,0.00329
30.40000,1.05394,0.99671,0.00329
30.50000,1.05394,0.99670,0.00330
30.60000,1.05394,0.99669,0.00331
30.70000,1.05394,0.99669,0.00331
30.80000,1.05394,0.99670,0.00330
30.90000,1.05394,0.99671,0.00329
31.00000,1.05394,0.99671,0.00329
31.10000,1.05394,0.99672,0.00328
31.20000,1.05394,0.99673,0.00327
31.30000,1.05394,0.99672,0.00328
31.40000,1.05394,0.99672,0.00328
31.50000,1.05394,0.99672,0.00328
31.60000,1.05394,0.99674,0.00326
31.70000,1.05394,0.99673,0.00327
31.80000,1.05394,0.99672,0.00328
31.90000,1.05394,0.99673,0.00327
32.00000,1.05394,0.99672,0.00328
32.10000,1.05394,0.99673,0.00327
32.20000,1.05394,0.99678,0.00322
32.30000,1.05394,0.99676,0.00324
32.40000,1.05394,0.99672,0.00328
32.50000,1.05394,0.99666,0.00334
32.60000,1.05394,0.99663,0.00337
32.70000,1.05394,0.99664,0.00336
32.80000,1.05394,0.99662,0.00338
32.90000,1.05394,0.99663,0.00337
33.00000,1.05394,0.99666,0.00334
33.10000,1.05394,0.99667,0.00333
33.20000,1.05394,0.99666,0.00334
33.30000,1.05394,0.99665,0.00335
33.40000,1.05394,0.99665,0.00334
33.50000,1.05394,0.99666,0.00334
33.60000,1.05394,0.99666,0.00334
33.70000,1.05394,0.99666,0.00334
33.80000,1.05394,0.99667,0.00333
33.90000,1.05394,0.99668,0.00332
34.00000,1.05394,0.99669,0.00331
34.10000,1.05394,0.99668,0.00332
34.20000,1.05394,0.99668,0.00332
34.30000,1.05394,0.99668,0.00332
34.40000,1.05394,0.99667,0.00333
34.50000,1.05394,0.99667,0.00333
34.60000,1.05394,0.99667,0.00333
34.70000,1.05394,0.99667,0.00333
34.80000,1.05394,0.99667,0.00333
34.90000,1.05394,0.99666,0.00334
35.00000,1.05394,0.99666,0.00334
35.10000,1.05394,0.99667,0.00333
35.20000,1.05394,0.99668,0.00332
35.30000,1.05394,0.99669,0.00331
35.40000,1.05394,0.99669,0.00331
35.50000,1.05394,0.99669,0.00331
35.60000,1.05394,0.99670,0.00330
35.70000,1.05394,0.99671,0.00329
35.80000,1.05394,0.99671,0.00329
35.90000,1.05394,0.99671,0.00329
36.00000,1.05394,0.99671,0.00329
36.10000,1.05394,0.99674,0.00326
36.20000,1.05394,0.99671,0.00329
36.30000,1.05394,0.99671,0.00329
36.40000,1.05394,0.99670,0.00330
36.50000,1.05394,0.99671,0.00329
36.60000,1.05394,0.99690,0.00310
36.70000,1.05394,0.99684,0.00316
36.80000,1.05394,0.99678,0.00322
36.90000,1.05394,0.99674,0.00326
37.00000,1.05394,0.99671,0.00329
37.10000,1.05394,0.99679,0.00321
37.20000,1.05394,0.99701,0.00299
37.30000,1.05394,0.99695,0.00305
37.40000,1.05394,0.99686,0.00314
37.50000,1.05394,0.99677,0.00323
37.60000,1.05394,0.99673,0.00327
37.70000,1.05394,0.99680,0.00320
37.80000,1.05394,0.99679,0.00321
37.90000,1.05394,0.99689,0.00311
38.00000,1.05394,0.99689,0.00311
38.10000,1.05394,0.99682,0.00318
38.20000,1.05394,0.99677,0.00323
38.30000,1.05394,0.99692,0.00308
38.40000,1.05394,0.99697,0.00303
38.50000,1.05394,0.99695,0.00305
38.60000,1.05394,0.99699,0.00301
38.70000,1.05394,0.99700,0.00300
38.80000,1.05394,0.99682,0.00318
38.90000,1.05394,0.99682,0.00318
39.00000,1.05394,0.99691,0.00309
39.10000,1.05394,0.99688,0.00312
39.20000,1.05394,0.99688,0.00312
39.30000,1.05394,0.99682,0.00318
39.40000,1.05394,0.99674,0.00326
39.50000,1.05394,0.99671,0.00329
39.60000,1.05394,0.99669,0.00331
39.70000,1.05394,0.99671,0.00329
39.80000,1.05394,0.99670,0.00330
39.90000,1.05394,0.99670,0.00330
40.00000,1.05394,0.99670,0.00330
40.10000,1.05394,0.99669,0.00331
40.20000,1.05394,0.99669,0.00331
40.30000,1.05394,0.99669,0.00331
40.40000,1.05394,0.99669,0.00331
40.50000,1.05394,0.99670,0.00330
40.60000,1.05394,0.99670,0.00330
40.70000,1.05394,0.99668,0.00332
40.80000,1.05394,0.99668,0.00332
40.90000,1.05394,0.99668,0.00332
41.00000,1.05394,0.99668,0.00332
41.10000,1.05394,0.99668,0.00332
41.20000,1.05394,0.99668,0.00332
41.30000,1.05394,0.99667,0.00333
41.40000,1.05394,0.99666,0.00334
41.50000,1.05394,0.99667,0.00333
41.60000,1.05394,0.99668,0.00332
41.70000,1.05394,0.99667,0.00333
41.80000,1.05394,0.99667,0.00333
41.90000,1.05394,0.99667,0.00333
42.00000,1.05394,0.99666,0.00334
42.10000,1.05394,0.99666,0.00334
42.20000,1.05394,0.99666,0.00334
42.30000,1.05394,0.99665,0.00335
42.40000,1.05394,0.99665,0.00335
42.50000,1.05394,0.99665,0.00335
42.60000,1.05394,0.99664,0.00336
42.70000,1.05394,0.99664,0.00336
42.80000,1.05394,0.99665,0.00335
42.90000,1.05394,0.99665,0.00335
43.00000,1.05394,0.99666,0.00334
43.10000,1.05394,0.99666,0.00334
43.20000,1.05394,0.99666,0.00334
43.30000,1.05394,0.99666,0.00334
43.40000,1.05394,0.99667,0.00333
43.50000,1.05394,0.99667,0.00333
43.60000,1.05394,0.99667,0.00333
43.70000,1.05394,0.99666,0.00334
43.80000,1.05394,0.99666,0.00334
43.90000,1.05394,0.99665,0.00335
44.00000,1.05394,0.99665,0.00335
44.10000,1.05394,0.99666,0.00334
44.20000,1.05394,0.99666,0.00334
44.30000,1.05394,0.99665,0.00335
44.40000,1.05394,0.99666,0.00334
44.50000,1.05394,0.99666,0.00334
44.60000,1.05394,0.99667,0.00333
44.70000,1.05394,0.99668,0.00332
44.80000,1.05394,0.99668,0.00332
44.90000,1.05394,0.99668,0.00332
45.00000,1.05394,0.99668,0.00332
45.10000,1.05394,0.99669,0.00331
45.20000,1.05394,0.99669,0.00331
45.30000,1.05394,0.99669,0.00331
45.40000,1.05394,0.99669,0.00331
45.50000,1.05394,0.99670,0.00330
45.60000,1.05394,0.99669,0.00331
45.70000,1.05394,0.99669,0.00331
45.80000,1.05394,0.99671,0.00329
45.90000,1.05394,0.99671,0.00329
46.00000,1.05394,0.99671,0.00329
46.10000,1.05394,0.99671,0.00329
46.20000,1.05394,0.99671,0.00329
46.30000,1.05394,0.99671,0.00329
46.40000,1.05394,0.99670,0.00330
46.50000,1.05394,0.99671,0.00329
46.60000,1.05394,0.99671,0.00329
46.70000,1.05394,0.99670,0.00330
46.80000,1.05394,0.99672,0.00328
46.90000,1.05394,0.99673,0.00327
47.00000,1.05394,0.99673,0.00327
47.10000,1.05394,0.99674,0.00326
47.20000,1.05394,0.99674,0.00326
47.30000,1.05394,0.99674,0.00326
47.40000,1.05394,0.99673,0.00327
47.50000,1.05394,0.99672,0.00328
47.60000,1.05394,0.99672,0.00328
47.70000,1.05394,0.99672,0.00328
47.80000,1.05394,0.99671,0.00329
47.90000,1.05394,0.99671,0.00329
48.00000,1.05394,0.99670,0.00330
48.10000,1.05394,0.99670,0.00330
48.20000,1.05394,0.99671,0.00329
48.30000,1.05394,0.99672,0.00328
48.40000,1.05394,0.99673,0.00327
48.50000,1.05394,0.99673,0.00327
48.60000,1.05394,0.99672,0.00328
48.70000,1.05394,0.99672,0.00328
48.80000,1.05394,0.99671,0.00329
48.90000,1.05394,0.99671,0.00329
49.00000,1.05394,0.99670,0.00330
49.10000,1.05394,0.99670,0.00330
49.20000,1.05394,0.99671,0.00329
49.30000,1.05394,0.99670,0.00330
49.40000,1.05394,0.99669,0.00331
49.50000,1.05394,0.99669,0.00331
49.60000,1.05394,0.99670,0.00330
49.70000,1.05394,0.99670,0.00330
49.80000,1.05394,0.99670,0.00330
49.90000,1.05394,0.99669,0.00331
50.00000,1.05394,0.99669,0.00331
50.10000,1.05394,0.99670,0.00330
50.20000,1.05394,0.99672,0.00328
50.30000,1.05394,0.99673,0.00327
50.40000,1.05394,0.99672,0.00328
50.50000,1.05394,0.99671,0.00329
50.60000,1.05394,0.99675,0.00325
50.70000,1.05394,0.99675,0.00325
50.80000,1.05394,0.99673,0.00327
50.90000,1.05394,0.99673,0.00327
51.00000,1.05394,0.99673,0.00327
51.10000,1.05394,0.99670,0.00330
51.20000,1.05394,0.99672,0.00328
51.30000,1.05394,0.99673,0.00327
51.40000,1.05394,0.99672,0.00328
51.50000,1.05394,0.99671,0.00329
51.60000,1.05394,0.99672,0.00328
51.70000,1.05394,0.99670,0.00330
51.80000,1.05394,0.99670,0.00330
51.90000,1.05394,0.99670,0.00330
52.00000,1.05394,0.99670,0.00330
52.10000,1.05394,0.99669,0.00331
52.20000,1.05394,0.99669,0.00331
52.30000,1.05394,0.99669,0.00331
52.40000,1.05394,0.99670,0.00330
52.50000,1.05394,0.99671,0.00329
52.60000,1.05394,0.99671,0.00329
52.70000,1.05394,0.99671,0.00329
52.80000,1.05394,0.99671,0.00329
52.90000,1.05394,0.99672,0.00328
53.00000,1.05394,0.99674,0.00326
53.10000,1.05394,0.99675,0.00325
53.20000,1.05394,0.99675,0.00325
53.30000,1.05394,0.99676,0.00324
53.40000,1.05394,0.99676,0.00324
53.50000,1.05394,0.99676,0.00324
53.60000,1.05394,0.99676,0.00324
53.70000,1.05394,0.99676,0.00324
53.80000,1.05394,0.99677,0.00323
53.90000,1.05394,0.99677,0.00323
54.00000,1.05394,0.99676,0.00324
54.10000,1.05394,0.99676,0.00324
54.20000,1.05394,0.99676,0.00324
54.30000,1.05394,0.99676,0.00324
54.40000,1.05394,0.99676,0.00324
54.50000,1.05394,0.99675,0.00325
54.60000,1.05394,0.99675,0.00325
54.70000,1.05394,0.99674,0.00326
54.80000,1.05394,0.99674,0.00326
54.90000,1.05394,0.99674,0.00326
55.00000,1.05394,0.99673,0.00327
55.10000,1.05394,0.99673,0.00327
55.20000,1.05394,0.99671,0.00329
55.30000,1.05394,0.99671,0.00329
55.40000,1.05394,0.99670,0.00330
55.50000,1.05394,0.99670,0.00330
55.60000,1.05394,0.99669,0.00331
55.70000,1.05394,0.99670,0.00330
55.80000,1.05394,0.99669,0.00331
55.90000,1.05394,0.99670,0.00330
56.00000,1.05394,0.99669,0.00331
56.10000,1.05394,0.99669,0.00331
56.20000,1.05394,0.99670,0.00330
56.30000,1.05394,0.99670,0.00330
56.40000,1.05394,0.99676,0.00324
56.50000,1.05394,0.99674,0.00326
56.60000,1.05394,0.99675,0.00325
56.70000,1.05394,0.99677,0.00323
56.80000,1.05394,0.99674,0.00326
56.90000,1.05394,0.99679,0.00321
57.00000,1.05394,0.99678,0.00322
57.10000,1.05394,0.99675,0.00325
57.20000,1.05394,0.99676,0.00324
57.30000,1.05394,0.99680,0.00320
57.40000,1.05394,0.99672,0.00328
57.50000,1.05394,0.99671,0.00329
57.60000,1.05394,0.99670,0.00330
57.70000,1.05394,0.99670,0.00330
57.80000,1.05394,0.99669,0.00331
57.90000,1.05394,0.99670,0.00330
58.00000,1.05394,0.99669,0.00331
58.10000,1.05394,0.99669,0.00331
58.20000,1.05394,0.99668,0.00332
58.30000,1.05394,0.99669,0.00331
58.40000,1.05394,0.99668,0.00332
58.50000,1.05394,0.99667,0.00333
58.60000,1.05394,0.99667,0.00333
58.70000,1.05394,0.99667,0.00333
58.80000,1.05394,0.99668,0.00332
58.90000,1.05394,0.99670,0.00330
59.00000,1.05394,0.99667,0.00333
59.10000,1.05394,0.99666,0.00334
59.20000,1.05394,0.99665,0.00335
59.30000,1.05394,0.99664,0.00336
59.40000,1.05394,0.99663,0.00337
59.50000,1.05394,0.99663,0.00337
59.60000,1.05394,0.99665,0.00335
59.70000,1.05394,0.99664,0.00336
59.80000,1.05394,0.99664,0.00336
59.90000,1.05394,0.99667,0.00333
60.00000,1.05394,0.99666,0.00334
60.10000,1.05394,0.99665,0.00335
60.20000,1.05394,0.99665,0.00335
60.30000,1.05394,0.99665,0.00335
60.40000,1.05394,0.99664,0.00336
60.50000,1.05394,0.99662,0.00338
60.60000,1.05394,0.99669,0.00331
60.70000,1.05394,0.99663,0.00337
60.80000,1.05394,0.99662,0.00338
60.90000,1.05394,0.99661,0.00339
61.00000,1.05394,0.99662,0.00338
61.10000,1.05394,0.99663,0.00337
61.20000,1.05394,0.99662,0.00338
61.30000,1.05394,0.99665,0.00335
61.40000,1.05394,0.99674,0.00326
61.50000,1.05394,0.99671,0.00329
61.60000,1.05394,0.99672,0.00328
61.70000,1.05394,0.99677,0.00323
61.80000,1.05394,0.99674,0.00326
61.90000,1.05394,0.99679,0.00321
62.00000,1.05394,0.99682,0.00318
62.10000,1.05394,0.99679,0.00321
62.20000,1.05394,0.99683,0.00317
62.30000,1.05394,0.99676,0.00324
62.40000,1.05394,0.99665,0.00335
62.50000,1.05394,0.99641,0.00359
62.60000,1.05394,0.99624,0.00376
62.70000,1.05394,0.99598,0.00402
62.80000,1.05394,0.99581,0.00419
62.90000,1.05394,0.99576,0.00424
63.00000,1.05394,0.99553,0.00447
63.10000,1.05394,0.99529,0.00471
63.20000,1.05394,0.99491,0.00509
63.30000,1.05394,0.99497,0.00503
63.40000,1.05393,0.99491,0.00509
63.50000,1.05394,0.99471,0.00529
63.60000,1.05394,0.99459,0.00541
63.70000,1.05394,0.99442,0.00558
63.80000,1.05394,0.99431,0.00569
63.90000,1.05393,0.99408,0.00592
64.00000,1.05394,0.99420,0.00580
64.10000,1.05394,0.99376,0.00624
64.20000,1.05394,0.99368,0.00632
64.30000,1.05393,0.99342,0.00658
64.40000,1.05393,0.99325,0.00675
64.50000,1.05394,0.99322,0.00678
64.60000,1.05394,0.99306,0.00694
64.70000,1.05394,0.99330,0.00670
64.80000,1.05393,0.99365,0.00635
64.90000,1.05393,0.99391,0.00609
65.00000,1.05394,0.99443,0.00557
65.10000,1.05394,0.99479,0.00521
65.20000,1.05394,0.99517,0.00483
65.30000,1.05393,0.99557,0.00443
65.40000,1.05393,0.99585,0.00415
65.50000,1.05394,0.99621,0.00379
65.60000,1.05394,0.99683,0.00317
65.70000,1.05394,0.99656,0.00344
65.80000,1.05393,0.99634,0.00366
65.90000,1.05393,0.99624,0.00376
66.00000,1.05394,0.99579,0.00421
66.10000,1.05394,0.99581,0.00419
66.20000,1.05394,0.99495,0.00505
66.30000,1.05393,0.99486,0.00514
66.40000,1.05393,0.99484,0.00516
66.50000,1.05394,0.99380,0.00620
66.60000,1.05394,0.99499,0.00501
66.70000,1.05394,0.99519,0.00481
66.80000,1.05393,0.99548,0.00452
66.90000,1.05393,0.99581,0.00419
67.00000,1.05394,0.99610,0.00390
67.10000,1.05394,0.99624,0.00376
67.20000,1.05394,0.99670,0.00330
67.30000,1.05393,0.99679,0.00321
67.40000,1.05393,0.99684,0.00316
67.50000,1.05394,0.99674,0.00326
67.60000,1.05394,0.99672,0.00328
67.70000,1.05394,0.99665,0.00335
67.80000,1.05393,0.99667,0.00333
67.90000,1.05393,0.99665,0.00335
68.00000,1.05394,0.99665,0.00335
68.10000,1.05394,0.99660,0.00340
68.20000,1.05394,0.99660,0.00340
68.30000,1.05393,0.99664,0.00336
68.40000,1.05393,0.99666,0.00334
68.50000,1.05394,0.99665,0.00335
68.60000,1.05394,0.99664,0.00336
68.70000,1.05394,0.99670,0.00330
68.80000,1.05393,0.99676,0.00324
68.90000,1.05393,0.99672,0.00328
69.00000,1.05394,0.99662,0.00338
69.10000,1.05394,0.99660,0.00340
69.20000,1.05394,0.99643,0.00357
69.30000,1.05393,0.99606,0.00394
69.40000,1.05393,0.99577,0.00423
69.50000,1.05394,0.99577,0.00423
69.60000,1.05394,0.99538,0.00462
69.70000,1.05394,0.99505,0.00495
69.80000,1.05393,0.99471,0.00529
69.90000,1.05393,0.99468,0.00532
70.00000,1.05394,0.99440,0.00560
70.10000,1.05394,0.99448,0.00552
70.20000,1.05394,0.99459,0.00541
70.30000,1.05393,0.99490,0.00510
70.40000,1.05393,0.99497,0.00503
70.50000,1.05394,0.99489,0.00511
70.60000,1.05394,0.99496,0.00504
70.70000,1.05394,0.99477,0.00523
70.80000,1.05393,0.99481,0.00519
70.90000,1.05393,0.99485,0.00515
71.00000,1.05394,0.99499,0.00501
71.10000,1.05394,0.99483,0.00517
71.20000,1.05394,0.99477,0.00523
71.30000,1.05393,0.99500,0.00500
71.40000,1.05393,0.99490,0.00510
71.50000,1.05394,0.99510,0.00490
71.60000,1.05394,0.99557,0.00443
71.70000,1.05394,0.99577,0.00423
71.80000,1.05393,0.99599,0.00401
71.90000,1.05393,0.99599,0.00401
72.00000,1.05394,0.99629,0.00371
72.10000,1.05394,0.99629,0.00371
72.20000,1.05394,0.99647,0.00353
72.30000,1.05393,0.99644,0.00356
72.40000,1.05393,0.99642,0.00358
72.50000,1.05394,0.99659,0.00341
72.60000,1.05394,0.99654,0.00346
72.70000,1.05394,0.99662,0.00338
72.80000,1.05393,0.99663,0.00337
72.90000,1.05393,0.99677,0.00323
73.00000,1.05394,0.99689,0.00311
73.10000,1.05394,0.99685,0.00315
73.20000,1.05394,0.99694,0.00306
73.30000,1.05393,0.99696,0.00304
73.40000,1.05393,0.99693,0.00307
73.50000,1.05394,0.99680,0.00320
73.60000,1.05394,0.99669,0.00331
73.70000,1.05394,0.99666,0.00334
73.80000,1.05393,0.99663,0.00337
73.90000,1.05393,0.99653,0.00347
74.00000,1.05394,0.99641,0.00359
74.10000,1.05394,0.99634,0.00366
74.20000,1.05394,0.99635,0.00365
74.30000,1.05393,0.99643,0.00357
74.40000,1.05393,0.99636,0.00364
74.50000,1.05394,0.99633,0.00367
74.60000,1.05394,0.99612,0.00388
74.70000,1.05394,0.99584,0.00416
74.80000,1.05393,0.99571,0.00429
74.90000,1.05393,0.99546,0.00454
75.00000,1.05394,0.99516,0.00484
75.10000,1.05394,0.99491,0.00509
75.20000,1.05394,0.99459,0.00541
75.30000,1.05393,0.99421,0.00579
75.40000,1.05393,0.99431,0.00569
75.50000,1.05394,0.99465,0.00535
75.60000,1.05394,0.99485,0.00515
75.70000,1.05394,0.99486,0.00514
75.80000,1.05393,0.99522,0.00478
75.90000,1.05393,0.99537,0.00463
76.00000,1.05394,0.99569,0.00431
76.10000,1.05394,0.99585,0.00415
76.20000,1.05394,0.99626,0.00374
76.30000,1.05393,0.99614,0.00386
76.40000,1.05393,0.99587,0.00413
76.50000,1.05394,0.99593,0.00407
76.60000,1.05394,0.99584,0.00416
76.70000,1.05394,0.99580,0.00420
76.80000,1.05393,0.99555,0.00445
76.90000,1.05393,0.99537,0.00463
77.00000,1.05394,0.99505,0.00495
77.10000,1.05394,0.99489,0.00511
77.20000,1.05394,0.99477,0.00523
77.30000,1.05393,0.99496,0.00504
77.40000,1.05393,0.99471,0.00529
77.50000,1.05394,0.99451,0.00549
77.60000,1.05394,0.99449,0.00551
77.70000,1.05394,0.99455,0.00545
77.80000,1.05393,0.99460,0.00540
77.90000,1.05393,0.99460,0.00540
78.00000,1.05394,0.99485,0.00515
78.10000,1.05394,0.99511,0.00489
78.20000,1.05394,0.99552,0.00448
78.30000,1.05393,0.99543,0.00457
78.40000,1.05393,0.99584,0.00416
78.50000,1.05394,0.99619,0.00381
78.60000,1.05394,0.99626,0.00374
78.70000,1.05394,0.99620,0.00380
78.80000,1.05393,0.99647,0.00353
78.90000,1.05393,0.99661,0.00339
79.00000,1.05394,0.99683,0.00317
