Time (seconds), Duration (seconds),pred_unlabelled,pred_baby_cry,pred_cough,pred_water_tap
0.00000,0.67194,0.99692,0.00301,0.00003,0.00004
0.05000,0.67194,0.99913,0.00070,0.00002,0.00014
0.10000,0.67194,0.99858,0.00126,0.00001,0.00015
0.15000,0.67194,0.99756,0.00174,0.00001,0.00069
0.20000,0.67194,0.99773,0.00220,0.00000,0.00007
0.25000,0.67194,0.99896,0.00069,0.00000,0.00035
0.30000,0.67194,0.99911,0.00058,0.00000,0.00031
0.35000,0.67194,0.99991,0.00005,0.00001,0.00004
0.40000,0.67194,0.99969,0.00028,0.00002,0.00001
0.45000,0.67194,0.99955,0.00033,0.00012,0.00001
0.50000,0.67194,0.99844,0.00015,0.00134,0.00007
0.55000,0.67194,0.99644,0.00071,0.00284,0.00000
0.60000,0.67194,0.99322,0.00056,0.00623,0.00000
0.65000,0.67194,0.88790,0.00007,0.11203,0.00000
0.70000,0.67194,0.85518,0.00036,0.14441,0.00004
0.75000,0.67194,0.38450,0.00002,0.61547,0.00001
0.80000,0.67194,0.17577,0.00001,0.82421,0.00001
0.85000,0.67194,0.22317,0.00001,0.77682,0.00001
0.90000,0.67194,0.11896,0.00004,0.88092,0.00008
0.95000,0.67194,0.22024,0.00013,0.77940,0.00023
1.00000,0.67194,0.74844,0.00013,0.25075,0.00067
1.05000,0.67194,0.93455,0.00022,0.06404,0.00119
1.10000,0.67194,0.97839,0.00004,0.01100,0.01057
1.15000,0.67194,0.96414,0.00006,0.00430,0.03150
1.20000,0.67194,0.97427,0.00006,0.00265,0.02301
1.25000,0.67194,0.99633,0.00004,0.00048,0.00315
1.30000,0.67194,0.99916,0.00021,0.00002,0.00062
1.35000,0.67194,0.99954,0.00013,0.00002,0.00032
1.40000,0.67194,0.99953,0.00042,0.00000,0.00005
1.45000,0.67194,0.99904,0.00095,0.00001,0.00001
1.50000,0.67194,0.99947,0.00051,0.00000,0.00001
1.55000,0.67194,0.99915,0.00084,0.00000,0.00000
1.60000,0.67194,0.99776,0.00223,0.00000,0.00000
1.65000,0.67194,0.99803,0.00196,0.00001,0.00000
1.70000,0.67194,0.99719,0.00281,0.00000,0.00000
1.75000,0.67194,0.99694,0.00305,0.00001,0.00000
1.80000,0.67194,0.99604,0.00392,0.00004,0.00000
1.85000,0.67194,0.99500,0.00498,0.00001,0.00000
1.90000,0.67194,0.99589,0.00409,0.00002,0.00000
1.95000,0.67194,0.99412,0.00585,0.00002,0.00000
2.00000,0.67194,0.99094,0.00895,0.00010,0.00001
2.05000,0.67194,0.99207,0.00790,0.00002,0.00000
2.10000,0.67194,0.99308,0.00686,0.00005,0.00001
2.15000,0.67194,0.98841,0.01151,0.00007,0.00001
2.20000,0.67194,0.99309,0.00676,0.00012,0.00002
2.25000,0.67194,0.99719,0.00194,0.00087,0.00000
2.30000,0.67194,0.99909,0.00041,0.00050,0.00000
2.35000,0.67194,0.99606,0.00059,0.00335,0.00000
2.40000,0.67194,0.98946,0.00071,0.00983,0.00000
2.45000,0.67194,0.98459,0.00020,0.01521,0.00000
2.50000,0.67194,0.98059,0.00117,0.01825,0.00000
2.55000,0.67194,0.96492,0.00008,0.03500,0.00000
2.60000,0.67194,0.89681,0.00033,0.10286,0.00000
2.65000,0.67194,0.72102,0.00054,0.27844,0.00000
2.70000,0.67194,0.47280,0.00004,0.52716,0.00000
2.75000,0.67194,0.35492,0.00006,0.64503,0.00000
2.80000,0.67194,0.15798,0.00011,0.84192,0.00000
2.85000,0.67194,0.18665,0.00020,0.81316,0.00000
2.90000,0.67194,0.56542,0.00077,0.43381,0.00000
2.95000,0.67194,0.70701,0.01418,0.27880,0.00001
3.00000,0.67194,0.86596,0.00241,0.13163,0.00000
3.05000,0.67194,0.95376,0.00854,0.03768,0.00001
3.10000,0.67194,0.98915,0.00238,0.00847,0.00000
3.15000,0.67194,0.98962,0.00448,0.00581,0.00009
3.20000,0.67194,0.99846,0.00077,0.00030,0.00047
3.25000,0.67194,0.99865,0.00101,0.00017,0.00017
3.30000,0.67194,0.99868,0.00126,0.00004,0.00001
3.35000,0.67194,0.99887,0.00108,0.00005,0.00001
3.40000,0.67194,0.99881,0.00113,0.00005,0.00000
3.45000,0.67194,0.99915,0.00080,0.00005,0.00000
3.50000,0.67194,0.99809,0.00185,0.00006,0.00000
3.55000,0.67194,0.99887,0.00105,0.00008,0.00000
3.60000,0.67194,0.99876,0.00109,0.00015,0.00000
3.65000,0.67194,0.99842,0.00150,0.00008,0.00000
3.70000,0.67194,0.99845,0.00143,0.00012,0.00000
3.75000,0.67194,0.99809,0.00174,0.00017,0.00000
3.80000,0.67194,0.99891,0.00095,0.00014,0.00000
3.85000,0.67194,0.99834,0.00155,0.00010,0.00000
3.90000,0.67194,0.99834,0.00154,0.00012,0.00000
3.95000,0.67194,0.99755,0.00222,0.00023,0.00000
4.00000,0.67194,0.99783,0.00201,0.00016,0.00000
4.05000,0.67194,0.99662,0.00325,0.00013,0.00000
4.10000,0.67194,0.99774,0.00204,0.00022,0.00000
4.15000,0.67194,0.99744,0.00247,0.00010,0.00000
4.20000,0.67194,0.99759,0.00228,0.00013,0.00000
4.25000,0.67194,0.99689,0.00301,0.00010,0.00000
4.30000,0.67194,0.99747,0.00236,0.00017,0.00000
4.35000,0.67194,0.99649,0.00343,0.00008,0.00000
4.40000,0.67194,0.99703,0.00294,0.00003,0.00000
4.45000,0.67194,0.99651,0.00340,0.00009,0.00000
4.50000,0.67194,0.99585,0.00406,0.00009,0.00000
4.55000,0.67194,0.99661,0.00335,0.00004,0.00000
4.60000,0.67194,0.99667,0.00326,0.00007,0.00000
4.65000,0.67194,0.99556,0.00436,0.00008,0.00000
4.70000,0.67194,0.99699,0.00290,0.00011,0.00000
4.75000,0.67194,0.99838,0.00062,0.00100,0.00000
4.80000,0.67194,0.99725,0.00144,0.00131,0.00000
4.85000,0.67194,0.99616,0.00034,0.00349,0.00000
4.90000,0.67194,0.98241,0.00070,0.01689,0.00000
4.95000,0.67194,0.92794,0.00078,0.07128,0.00000
5.00000,0.67194,0.89518,0.00024,0.10458,0.00000
5.05000,0.67194,0.78147,0.00137,0.21716,0.00000
5.10000,0.67194,0.37165,0.00007,0.62828,0.00000
5.15000,0.67194,0.25980,0.00004,0.74016,0.00000
5.20000,0.67194,0.38108,0.00038,0.61854,0.00000
5.25000,0.67194,0.49385,0.00007,0.50607,0.00001
5.30000,0.67194,0.72857,0.00063,0.27080,0.00000
5.35000,0.67194,0.86804,0.00111,0.13078,0.00007
5.40000,0.67194,0.97285,0.00143,0.02554,0.00018
5.45000,0.67194,0.99505,0.00129,0.00348,0.00018
5.50000,0.67194,0.99840,0.00023,0.00120,0.00017
5.55000,0.67194,0.99913,0.00032,0.00054,0.00001
5.60000,0.67194,0.99977,0.00011,0.00009,0.00003
5.65000,0.67194,0.99942,0.00055,0.00002,0.00000
5.70000,0.67194,0.99847,0.00151,0.00003,0.00000
5.75000,0.67194,0.99798,0.00198,0.00004,0.00000
5.80000,0.67194,0.99896,0.00102,0.00002,0.00000
5.85000,0.67194,0.99662,0.00332,0.00005,0.00000
5.90000,0.67194,0.99771,0.00219,0.00010,0.00000
5.95000,0.67194,0.99783,0.00212,0.00005,0.00000
6.00000,0.67194,0.99754,0.00239,0.00007,0.00000
6.05000,0.67194,0.99642,0.00347,0.00011,0.00000
6.10000,0.67194,0.99761,0.00220,0.00020,0.00000
6.15000,0.67194,0.99712,0.00282,0.00005,0.00000
6.20000,0.67194,0.99534,0.00456,0.00010,0.00000
6.25000,0.67194,0.99646,0.00348,0.00006,0.00000
6.30000,0.67194,0.99814,0.00177,0.00009,0.00000
6.35000,0.67194,0.99609,0.00376,0.00015,0.00000
6.40000,0.67194,0.99757,0.00238,0.00005,0.00000
6.45000,0.67194,0.99618,0.00376,0.00005,0.00000
6.50000,0.67194,0.99526,0.00464,0.00011,0.00000
6.55000,0.67194,0.99623,0.00369,0.00008,0.00000
6.60000,0.67194,0.99567,0.00419,0.00014,0.00000
6.65000,0.67194,0.99598,0.00387,0.00015,0.00000
6.70000,0.67194,0.99609,0.00379,0.00011,0.00000
6.75000,0.67194,0.99688,0.00294,0.00019,0.00000
6.80000,0.67194,0.99691,0.00294,0.00015,0.00000
6.85000,0.67194,0.99381,0.00196,0.00423,0.00000
6.90000,0.67194,0.99810,0.00024,0.00166,0.00000
6.95000,0.67194,0.99489,0.00035,0.00476,0.00000
7.00000,0.67194,0.98004,0.00062,0.01934,0.00000
7.05000,0.67194,0.97535,0.00004,0.02461,0.00000
7.10000,0.67194,0.77080,0.00003,0.22917,0.00000
7.15000,0.67194,0.75709,0.00002,0.24289,0.00000
7.20000,0.67194,0.42857,0.00001,0.57142,0.00000
7.25000,0.67194,0.26657,0.00001,0.73342,0.00000
7.30000,0.67194,0.33163,0.00000,0.66837,0.00000
7.35000,0.67194,0.17246,0.00001,0.82753,0.00000
7.40000,0.67194,0.39324,0.00001,0.60675,0.00000
7.45000,0.67194,0.66592,0.00007,0.33401,0.00000
7.50000,0.67194,0.70159,0.00034,0.29807,0.00000
7.55000,0.67194,0.96177,0.00091,0.03732,0.00000
7.60000,0.67194,0.96787,0.00013,0.03200,0.00000
7.65000,0.67194,0.98730,0.00038,0.01232,0.00000
7.70000,0.67194,0.99803,0.00038,0.00159,0.00000
7.75000,0.67194,0.99933,0.00021,0.00046,0.00000
7.80000,0.67194,0.99857,0.00018,0.00125,0.00000
7.85000,0.67194,0.99892,0.00024,0.00084,0.00000
7.90000,0.67194,0.99852,0.00013,0.00135,0.00000
7.95000,0.67194,0.99864,0.00062,0.00073,0.00000
8.00000,0.67194,0.99921,0.00010,0.00069,0.00000
8.05000,0.67194,0.99934,0.00029,0.00037,0.00000
8.10000,0.67194,0.99936,0.00025,0.00039,0.00000
8.15000,0.67194,0.99910,0.00066,0.00024,0.00000
8.20000,0.67194,0.99914,0.00057,0.00030,0.00000
8.25000,0.67194,0.99870,0.00118,0.00012,0.00000
8.30000,0.67194,0.99910,0.00069,0.00021,0.00000
8.35000,0.67194,0.99828,0.00137,0.00035,0.00000
8.40000,0.67194,0.99831,0.00161,0.00008,0.00000
8.45000,0.67194,0.99771,0.00216,0.00013,0.00000
8.50000,0.67194,0.99796,0.00193,0.00011,0.00000
8.55000,0.67194,0.99857,0.00112,0.00031,0.00000
8.60000,0.67194,0.99799,0.00189,0.00012,0.00000
8.65000,0.67194,0.99654,0.00341,0.00005,0.00000
8.70000,0.67194,0.99719,0.00260,0.00021,0.00000
8.75000,0.67194,0.99810,0.00164,0.00025,0.00000
8.80000,0.67194,0.99800,0.00189,0.00010,0.00000
8.85000,0.67194,0.99868,0.00120,0.00012,0.00000
8.90000,0.67194,0.99642,0.00354,0.00003,0.00000
8.95000,0.67194,0.99679,0.00300,0.00021,0.00000
9.00000,0.67194,0.99648,0.00343,0.00009,0.00000
9.05000,0.67194,0.99680,0.00298,0.00022,0.00000
9.10000,0.67194,0.99614,0.00375,0.00012,0.00000
9.15000,0.67194,0.99662,0.00321,0.00017,0.00000
9.20000,0.67194,0.99539,0.00450,0.00011,0.00000
9.25000,0.67194,0.99738,0.00257,0.00005,0.00000
9.30000,0.67194,0.99738,0.00258,0.00004,0.00000
9.35000,0.67194,0.99726,0.00263,0.00011,0.00000
9.40000,0.67194,0.99777,0.00217,0.00005,0.00000
9.45000,0.67194,0.99822,0.00167,0.00012,0.00000
9.50000,0.67194,0.99654,0.00331,0.00016,0.00000
9.55000,0.67194,0.99478,0.00507,0.00015,0.00000
9.60000,0.67194,0.99839,0.00039,0.00122,0.00000
9.65000,0.67194,0.99625,0.00038,0.00337,0.00000
9.70000,0.67194,0.99436,0.00011,0.00553,0.00000
9.75000,0.67194,0.93969,0.00049,0.05982,0.00000
9.80000,0.67194,0.94490,0.00052,0.05458,0.00000
9.85000,0.67194,0.88127,0.00004,0.11869,0.00000
9.90000,0.67194,0.53527,0.00011,0.46462,0.00000
9.95000,0.67194,0.48981,0.00004,0.51015,0.00000
10.00000,0.67194,0.37492,0.00005,0.62503,0.00000
10.05000,0.67194,0.36309,0.00002,0.63688,0.00000
10.10000,0.67194,0.39189,0.00002,0.60809,0.00000
10.15000,0.67194,0.70132,0.00018,0.29849,0.00001
10.20000,0.67194,0.90086,0.00041,0.09873,0.00001
10.25000,0.67194,0.91633,0.00087,0.08278,0.00003
10.30000,0.67194,0.99269,0.00141,0.00569,0.00021
10.35000,0.67194,0.99579,0.00029,0.00380,0.00012
10.40000,0.67194,0.99815,0.00056,0.00126,0.00003
10.45000,0.67194,0.99945,0.00015,0.00039,0.00001
10.50000,0.67194,0.99938,0.00047,0.00014,0.00000
10.55000,0.67194,0.99914,0.00073,0.00012,0.00000
10.60000,0.67194,0.99844,0.00109,0.00046,0.00000
10.65000,0.67194,0.99889,0.00083,0.00028,0.00000
10.70000,0.67194,0.99895,0.00090,0.00015,0.00000
10.75000,0.67194,0.99816,0.00146,0.00038,0.00000
10.80000,0.67194,0.99765,0.00179,0.00056,0.00000
10.85000,0.67194,0.99879,0.00075,0.00046,0.00000
10.90000,0.67194,0.99790,0.00181,0.00029,0.00000
10.95000,0.67194,0.99810,0.00168,0.00023,0.00000
11.00000,0.67194,0.99685,0.00300,0.00015,0.00000
11.05000,0.67194,0.99805,0.00179,0.00016,0.00000
11.10000,0.67194,0.99870,0.00122,0.00008,0.00000
11.15000,0.67194,0.99894,0.00084,0.00022,0.00000
11.20000,0.67194,0.99755,0.00228,0.00017,0.00000
11.25000,0.67194,0.99857,0.00125,0.00017,0.00000
11.30000,0.67194,0.99900,0.00079,0.00021,0.00000
11.35000,0.67194,0.99890,0.00096,0.00014,0.00000
11.40000,0.67194,0.99890,0.00101,0.00009,0.00000
11.45000,0.67194,0.99830,0.00163,0.00006,0.00000
11.50000,0.67194,0.99816,0.00177,0.00008,0.00000
11.55000,0.67194,0.99799,0.00187,0.00013,0.00000
11.60000,0.67194,0.99788,0.00200,0.00012,0.00000
11.65000,0.67194,0.99662,0.00326,0.00012,0.00000
11.70000,0.67194,0.99798,0.00186,0.00017,0.00000
11.75000,0.67194,0.99591,0.00401,0.00009,0.00000
11.80000,0.67194,0.99693,0.00289,0.00018,0.00000
11.85000,0.67194,0.99737,0.00242,0.00021,0.00000
11.90000,0.67194,0.99548,0.00424,0.00027,0.00000
11.95000,0.67194,0.99389,0.00591,0.00020,0.00000
12.00000,0.67194,0.99386,0.00593,0.00021,0.00000
12.05000,0.67194,0.99608,0.00376,0.00016,0.00000
12.10000,0.67194,0.99471,0.00511,0.00017,0.00000
12.15000,0.67194,0.99399,0.00588,0.00012,0.00001
12.20000,0.67194,0.99847,0.00102,0.00038,0.00013
12.25000,0.67194,0.99848,0.00097,0.00047,0.00008
12.30000,0.67194,0.99735,0.00049,0.00202,0.00014
12.35000,0.67194,0.99087,0.00012,0.00900,0.00000
12.40000,0.67194,0.99409,0.00013,0.00577,0.00000
12.45000,0.67194,0.98893,0.00005,0.01102,0.00000
12.50000,0.67194,0.96740,0.00006,0.03254,0.00000
12.55000,0.67194,0.97539,0.00005,0.02456,0.00000
12.60000,0.67194,0.87838,0.00012,0.12150,0.00001
12.65000,0.67194,0.44038,0.00003,0.55958,0.00000
12.70000,0.67194,0.35920,0.00002,0.64069,0.00009
12.75000,0.67194,0.73610,0.00011,0.26379,0.00000
12.80000,0.67194,0.38086,0.00013,0.61899,0.00002
12.85000,0.67194,0.20955,0.00023,0.79022,0.00001
12.90000,0.67194,0.22902,0.00039,0.77059,0.00001
12.95000,0.67194,0.23549,0.00019,0.76087,0.00345
13.00000,0.67194,0.33408,0.00018,0.66371,0.00203
13.05000,0.67194,0.70428,0.00022,0.29068,0.00483
13.10000,0.67194,0.76563,0.00033,0.22776,0.00628
13.15000,0.67194,0.93707,0.00021,0.06213,0.00060
13.20000,0.67194,0.97871,0.00069,0.00346,0.01714
13.25000,0.67194,0.99757,0.00050,0.00153,0.00040
13.30000,0.67194,0.99800,0.00052,0.00079,0.00069
13.35000,0.67194,0.99842,0.00051,0.00024,0.00083
13.40000,0.67194,0.99924,0.00025,0.00004,0.00047
13.45000,0.67194,0.99942,0.00052,0.00002,0.00003
13.50000,0.67194,0.99952,0.00046,0.00000,0.00001
13.55000,0.67194,0.99933,0.00059,0.00006,0.00003
13.60000,0.67194,0.99932,0.00066,0.00001,0.00001
13.65000,0.67194,0.99818,0.00179,0.00001,0.00001
13.70000,0.67194,0.99755,0.00243,0.00002,0.00000
13.75000,0.67194,0.99810,0.00187,0.00003,0.00000
13.80000,0.67194,0.99840,0.00155,0.00005,0.00001
13.85000,0.67194,0.99757,0.00237,0.00005,0.00001
13.90000,0.67194,0.99625,0.00368,0.00007,0.00000
13.95000,0.67194,0.99689,0.00307,0.00004,0.00000
14.00000,0.67194,0.97699,0.02295,0.00006,0.00000
14.05000,0.67194,0.99894,0.00051,0.00055,0.00000
14.10000,0.67194,0.99544,0.00226,0.00230,0.00000
14.15000,0.67194,0.97288,0.00177,0.02535,0.00000
14.20000,0.67194,0.97824,0.00085,0.02091,0.00000
14.25000,0.67194,0.88098,0.00098,0.11803,0.00000
14.30000,0.67194,0.79564,0.00039,0.20396,0.00001
14.35000,0.67194,0.46032,0.00048,0.53917,0.00003
14.40000,0.67194,0.25881,0.00024,0.74095,0.00000
14.45000,0.67194,0.29326,0.00023,0.70638,0.00013
14.50000,0.67194,0.46060,0.00027,0.53909,0.00004
14.55000,0.67194,0.42123,0.00033,0.57809,0.00035
14.60000,0.67194,0.73257,0.00048,0.25874,0.00821
14.65000,0.67194,0.95476,0.00114,0.04041,0.00369
14.70000,0.67194,0.95733,0.00191,0.02364,0.01712
14.75000,0.67194,0.98119,0.00107,0.00150,0.01624
14.80000,0.67194,0.98946,0.00012,0.00169,0.00874
14.85000,0.67194,0.99850,0.00051,0.00012,0.00087
14.90000,0.67194,0.99935,0.00041,0.00004,0.00021
14.95000,0.67194,0.99900,0.00095,0.00001,0.00004
15.00000,0.67194,0.99924,0.00070,0.00002,0.00005
15.05000,0.67194,0.99803,0.00192,0.00003,0.00002
15.10000,0.67194,0.99833,0.00154,0.00007,0.00006
15.15000,0.67194,0.99798,0.00200,0.00001,0.00001
15.20000,0.67194,0.99829,0.00160,0.00008,0.00003
15.25000,0.67194,0.99788,0.00202,0.00008,0.00001
15.30000,0.67194,0.99787,0.00197,0.00015,0.00002
15.35000,0.67194,0.99712,0.00280,0.00008,0.00001
15.40000,0.67194,0.99854,0.00118,0.00027,0.00001
15.45000,0.67194,0.99828,0.00121,0.00050,0.00001
15.50000,0.67194,0.99833,0.00132,0.00035,0.00000
15.55000,0.67194,0.99768,0.00214,0.00017,0.00000
15.60000,0.67194,0.99850,0.00107,0.00042,0.00000
15.65000,0.67194,0.99839,0.00141,0.00020,0.00000
15.70000,0.67194,0.99825,0.00145,0.00030,0.00000
15.75000,0.67194,0.99770,0.00200,0.00030,0.00000
15.80000,0.67194,0.99714,0.00250,0.00036,0.00000
15.85000,0.67194,0.99414,0.00559,0.00026,0.00000
15.90000,0.67194,0.98989,0.00963,0.00044,0.00003
15.95000,0.67194,0.98291,0.01683,0.00020,0.00006
16.00000,0.67194,0.98031,0.01925,0.00022,0.00022
16.05000,0.67194,0.98138,0.01791,0.00029,0.00042
16.10000,0.67194,0.98314,0.01499,0.00112,0.00074
16.15000,0.67194,0.98802,0.00884,0.00102,0.00211
16.20000,0.67194,0.97881,0.01741,0.00069,0.00309
16.25000,0.67194,0.98614,0.00989,0.00067,0.00330
16.30000,0.67194,0.99190,0.00139,0.00670,0.00001
16.35000,0.67194,0.99541,0.00125,0.00333,0.00000
16.40000,0.67194,0.99610,0.00017,0.00372,0.00000
16.45000,0.67194,0.98089,0.00037,0.01874,0.00000
16.50000,0.67194,0.96468,0.00006,0.03526,0.00000
16.55000,0.67194,0.92870,0.00005,0.07126,0.00000
16.60000,0.67194,0.91770,0.00002,0.08229,0.00000
16.65000,0.67194,0.69732,0.00001,0.30267,0.00000
16.70000,0.67194,0.47193,0.00000,0.52807,0.00000
16.75000,0.67194,0.33185,0.00001,0.66815,0.00000
16.80000,0.67194,0.29506,0.00000,0.70494,0.00000
16.85000,0.67194,0.22977,0.00000,0.77023,0.00000
16.90000,0.67194,0.33752,0.00000,0.66247,0.00000
16.95000,0.67194,0.41737,0.00003,0.58260,0.00000
17.00000,0.67194,0.89550,0.00011,0.10314,0.00126
17.05000,0.67194,0.89576,0.00002,0.10191,0.00231
17.10000,0.67194,0.98074,0.00011,0.01806,0.00108
17.15000,0.67194,0.97929,0.00011,0.02040,0.00019
17.20000,0.67194,0.99596,0.00005,0.00200,0.00198
17.25000,0.67194,0.99841,0.00014,0.00123,0.00022
17.30000,0.67194,0.99858,0.00017,0.00106,0.00019
17.35000,0.67194,0.99960,0.00018,0.00019,0.00002
17.40000,0.67194,0.99922,0.00023,0.00043,0.00012
17.45000,0.67194,0.99955,0.00028,0.00016,0.00001
17.50000,0.67194,0.99943,0.00044,0.00012,0.00001
17.55000,0.67194,0.99913,0.00068,0.00018,0.00001
17.60000,0.67194,0.99937,0.00030,0.00030,0.00004
17.65000,0.67194,0.99830,0.00127,0.00042,0.00001
17.70000,0.67194,0.99862,0.00111,0.00026,0.00001
17.75000,0.67194,0.99911,0.00079,0.00010,0.00000
17.80000,0.67194,0.99899,0.00061,0.00039,0.00001
17.85000,0.67194,0.99920,0.00045,0.00035,0.00000
17.90000,0.67194,0.99879,0.00060,0.00061,0.00000
17.95000,0.67194,0.99892,0.00073,0.00035,0.00000
18.00000,0.67194,0.99885,0.00098,0.00017,0.00000
18.05000,0.67194,0.99902,0.00081,0.00016,0.00000
18.10000,0.67194,0.99914,0.00056,0.00030,0.00000
18.15000,0.67194,0.99927,0.00054,0.00019,0.00000
18.20000,0.67194,0.99872,0.00106,0.00022,0.00000
18.25000,0.67194,0.99890,0.00103,0.00008,0.00000
18.30000,0.67194,0.99893,0.00091,0.00015,0.00000
18.35000,0.67194,0.99853,0.00126,0.00021,0.00000
18.40000,0.67194,0.99860,0.00119,0.00021,0.00000
18.45000,0.67194,0.99768,0.00201,0.00031,0.00000
18.50000,0.67194,0.99860,0.00122,0.00019,0.00000
18.55000,0.67194,0.99727,0.00246,0.00027,0.00000
18.60000,0.67194,0.99812,0.00164,0.00024,0.00000
18.65000,0.67194,0.99702,0.00280,0.00018,0.00000
18.70000,0.67194,0.99806,0.00173,0.00021,0.00000
18.75000,0.67194,0.99739,0.00246,0.00014,0.00000
18.80000,0.67194,0.99736,0.00191,0.00073,0.00000
18.85000,0.67194,0.99782,0.00056,0.00162,0.00000
18.90000,0.67194,0.98727,0.00075,0.01198,0.00000
18.95000,0.67194,0.98810,0.00157,0.01033,0.00000
19.00000,0.67194,0.96729,0.00022,0.03248,0.00000
19.05000,0.67194,0.84948,0.00021,0.15031,0.00000
19.10000,0.67194,0.77142,0.00007,0.22851,0.00000
19.15000,0.67194,0.33817,0.00001,0.66182,0.00000
19.20000,0.67194,0.35910,0.00005,0.64085,0.00000
19.25000,0.67194,0.14005,0.00000,0.85994,0.00000
19.30000,0.67194,0.11858,0.00000,0.88142,0.00000
19.35000,0.67194,0.26371,0.00001,0.73628,0.00000
19.40000,0.67194,0.65812,0.00013,0.34131,0.00045
19.45000,0.67194,0.75874,0.00027,0.24098,0.00001
19.50000,0.67194,0.97002,0.00015,0.02875,0.00108
19.55000,0.67194,0.99158,0.00013,0.00594,0.00236
19.60000,0.67194,0.99823,0.00004,0.00171,0.00002
19.65000,0.67194,0.99909,0.00023,0.00067,0.00001
19.70000,0.67194,0.99968,0.00018,0.00014,0.00000
19.75000,0.67194,0.99959,0.00024,0.00016,0.00001
19.80000,0.67194,0.99927,0.00059,0.00014,0.00000
19.85000,0.67194,0.99911,0.00078,0.00011,0.00000
19.90000,0.67194,0.99933,0.00058,0.00010,0.00000
19.95000,0.67194,0.99929,0.00053,0.00018,0.00000
20.00000,0.67194,0.99911,0.00062,0.00027,0.00000
20.05000,0.67194,0.99860,0.00083,0.00057,0.00000
20.10000,0.67194,0.99890,0.00061,0.00049,0.00000
20.15000,0.67194,0.99883,0.00071,0.00046,0.00000
20.20000,0.67194,0.99848,0.00124,0.00028,0.00000
20.25000,0.67194,0.99806,0.00141,0.00053,0.00000
20.30000,0.67194,0.99883,0.00107,0.00009,0.00000
20.35000,0.67194,0.99839,0.00129,0.00032,0.00000
20.40000,0.67194,0.99809,0.00152,0.00038,0.00000
20.45000,0.67194,0.99867,0.00122,0.00011,0.00000
20.50000,0.67194,0.99874,0.00075,0.00051,0.00000
20.55000,0.67194,0.99842,0.00138,0.00021,0.00000
20.60000,0.67194,0.99818,0.00170,0.00012,0.00000
20.65000,0.67194,0.99871,0.00113,0.00016,0.00000
20.70000,0.67194,0.99919,0.00063,0.00018,0.00000
20.75000,0.67194,0.99891,0.00081,0.00029,0.00000
20.80000,0.67194,0.99832,0.00120,0.00048,0.00000
20.85000,0.67194,0.99823,0.00154,0.00023,0.00000
20.90000,0.67194,0.99815,0.00165,0.00020,0.00000
20.95000,0.67194,0.99813,0.00150,0.00038,0.00000
21.00000,0.67194,0.99882,0.00103,0.00015,0.00000
21.05000,0.67194,0.99797,0.00191,0.00012,0.00000
21.10000,0.67194,0.99847,0.00137,0.00017,0.00000
21.15000,0.67194,0.99897,0.00073,0.00031,0.00000
21.20000,0.67194,0.99890,0.00080,0.00030,0.00000
21.25000,0.67194,0.99810,0.00159,0.00031,0.00000
21.30000,0.67194,0.99878,0.00107,0.00015,0.00000
21.35000,0.67194,0.99890,0.00089,0.00020,0.00000
21.40000,0.67194,0.99838,0.00151,0.00012,0.00000
21.45000,0.67194,0.99814,0.00178,0.00008,0.00000
21.50000,0.67194,0.99867,0.00123,0.00010,0.00000
21.55000,0.67194,0.99869,0.00121,0.00010,0.00000
21.60000,0.67194,0.99789,0.00192,0.00019,0.00000
21.65000,0.67194,0.99761,0.00228,0.00011,0.00000
21.70000,0.67194,0.99457,0.00488,0.00055,0.00000
21.75000,0.67194,0.99560,0.00386,0.00054,0.00001
21.80000,0.67194,0.99544,0.00364,0.00092,0.00000
21.85000,0.67194,0.99464,0.00395,0.00139,0.00001
21.90000,0.67194,0.99181,0.00420,0.00390,0.00008
21.95000,0.67194,0.99537,0.00258,0.00191,0.00014
22.00000,0.67194,0.99550,0.00364,0.00072,0.00013
22.05000,0.67194,0.98735,0.01219,0.00023,0.00023
22.10000,0.67194,0.99636,0.00024,0.00341,0.00000
22.15000,0.67194,0.99403,0.00018,0.00579,0.00000
22.20000,0.67194,0.98600,0.00002,0.01398,0.00000
22.25000,0.67194,0.98695,0.00009,0.01296,0.00000
22.30000,0.67194,0.98120,0.00005,0.01875,0.00000
22.35000,0.67194,0.96203,0.00001,0.03796,0.00000
22.40000,0.67194,0.65938,0.00000,0.34062,0.00000
22.45000,0.67194,0.43423,0.00000,0.56577,0.00000
22.50000,0.67194,0.18421,0.00000,0.81579,0.00000
22.55000,0.67194,0.16741,0.00000,0.83259,0.00000
22.60000,0.67194,0.22059,0.00000,0.77941,0.00000
22.65000,0.67194,0.40449,0.00000,0.59550,0.00000
22.70000,0.67194,0.54169,0.00001,0.45830,0.00001
22.75000,0.67194,0.83217,0.00004,0.16740,0.00038
22.80000,0.67194,0.97571,0.00016,0.02291,0.00121
22.85000,0.67194,0.98853,0.00006,0.00917,0.00225
22.90000,0.67194,0.99092,0.00014,0.00671,0.00223
22.95000,0.67194,0.99688,0.00004,0.00027,0.00281
23.00000,0.67194,0.99953,0.00008,0.00010,0.00029
23.05000,0.67194,0.99982,0.00013,0.00001,0.00003
23.10000,0.67194,0.99961,0.00029,0.00006,0.00004
23.15000,0.67194,0.99942,0.00055,0.00003,0.00001
23.20000,0.67194,0.99939,0.00058,0.00002,0.00001
23.25000,0.67194,0.99864,0.00133,0.00002,0.00000
23.30000,0.67194,0.99915,0.00079,0.00006,0.00000
23.35000,0.67194,0.99774,0.00222,0.00004,0.00000
23.40000,0.67194,0.99854,0.00134,0.00011,0.00000
23.45000,0.67194,0.99763,0.00226,0.00011,0.00000
23.50000,0.67194,0.99745,0.00235,0.00020,0.00000
23.55000,0.67194,0.99779,0.00206,0.00015,0.00000
23.60000,0.67194,0.99797,0.00186,0.00017,0.00000
23.65000,0.67194,0.99683,0.00284,0.00033,0.00000
23.70000,0.67194,0.99784,0.00182,0.00034,0.00000
23.75000,0.67194,0.99858,0.00130,0.00012,0.00000
23.80000,0.67194,0.99687,0.00305,0.00008,0.00000
23.85000,0.67194,0.99826,0.00167,0.00006,0.00000
23.90000,0.67194,0.99819,0.00169,0.00012,0.00000
23.95000,0.67194,0.99832,0.00160,0.00008,0.00000
24.00000,0.67194,0.99785,0.00205,0.00010,0.00000
24.05000,0.67194,0.99858,0.00137,0.00005,0.00000
24.10000,0.67194,0.99879,0.00109,0.00012,0.00000
24.15000,0.67194,0.99868,0.00121,0.00011,0.00000
24.20000,0.67194,0.99874,0.00113,0.00014,0.00000
24.25000,0.67194,0.99855,0.00117,0.00028,0.00000
24.30000,0.67194,0.99836,0.00146,0.00018,0.00000
24.35000,0.67194,0.99806,0.00155,0.00039,0.00000
24.40000,0.67194,0.99816,0.00161,0.00023,0.00000
24.45000,0.67194,0.99705,0.00234,0.00062,0.00000
24.50000,0.67194,0.99672,0.00299,0.00029,0.00000
24.55000,0.67194,0.99750,0.00236,0.00014,0.00000
24.60000,0.67194,0.99831,0.00157,0.00012,0.00000
24.65000,0.67194,0.99667,0.00320,0.00012,0.00000
24.70000,0.67194,0.99571,0.00404,0.00025,0.00000
24.75000,0.67194,0.99748,0.00244,0.00008,0.00000
24.80000,0.67194,0.99759,0.00232,0.00009,0.00000
24.85000,0.67194,0.99648,0.00330,0.00022,0.00000
24.90000,0.67194,0.99601,0.00390,0.00009,0.00000
24.95000,0.67194,0.99687,0.00296,0.00017,0.00000
25.00000,0.67194,0.99655,0.00334,0.00010,0.00000
25.05000,0.67194,0.99675,0.00311,0.00014,0.00000
25.10000,0.67194,0.99678,0.00312,0.00010,0.00000
25.15000,0.67194,0.99709,0.00285,0.00006,0.00000
25.20000,0.67194,0.99632,0.00351,0.00017,0.00000
25.25000,0.67194,0.99422,0.00570,0.00008,0.00000
25.30000,0.67194,0.99805,0.00174,0.00021,0.00000
25.35000,0.67194,0.99774,0.00204,0.00022,0.00000
25.40000,0.67194,0.99736,0.00256,0.00008,0.00000
25.45000,0.67194,0.99579,0.00412,0.00009,0.00000
25.50000,0.67194,0.99904,0.00039,0.00057,0.00000
25.55000,0.67194,0.99892,0.00022,0.00087,0.00000
25.60000,0.67194,0.99750,0.00009,0.00241,0.00000
25.65000,0.67194,0.97851,0.00020,0.02129,0.00000
25.70000,0.67194,0.94025,0.00021,0.05954,0.00000
25.75000,0.67194,0.93568,0.00013,0.06419,0.00000
25.80000,0.67194,0.87699,0.00024,0.12278,0.00000
25.85000,0.67194,0.86402,0.00003,0.13595,0.00000
25.90000,0.67194,0.66243,0.00005,0.33751,0.00000
25.95000,0.67194,0.47410,0.00007,0.52583,0.00000
26.00000,0.67194,0.09981,0.00000,0.90018,0.00000
26.05000,0.67194,0.42431,0.00006,0.57562,0.00000
26.10000,0.67194,0.33479,0.00001,0.66519,0.00000
26.15000,0.67194,0.37190,0.00005,0.62805,0.00000
26.20000,0.67194,0.45176,0.00003,0.54821,0.00000
26.25000,0.67194,0.89054,0.00002,0.10944,0.00000
26.30000,0.67194,0.99070,0.00004,0.00923,0.00002
26.35000,0.67194,0.98155,0.00005,0.01837,0.00003
26.40000,0.67194,0.99194,0.00003,0.00800,0.00003
26.45000,0.67194,0.98521,0.00019,0.01459,0.00001
26.50000,0.67194,0.99935,0.00011,0.00054,0.00001
26.55000,0.67194,0.99968,0.00001,0.00030,0.00001
26.60000,0.67194,0.99973,0.00007,0.00019,0.00000
26.65000,0.67194,0.99970,0.00011,0.00018,0.00000
26.70000,0.67194,0.99977,0.00017,0.00006,0.00000
26.75000,0.67194,0.99951,0.00021,0.00027,0.00000
26.80000,0.67194,0.99949,0.00034,0.00017,0.00000
26.85000,0.67194,0.99936,0.00054,0.00010,0.00000
26.90000,0.67194,0.99907,0.00089,0.00004,0.00000
26.95000,0.67194,0.99873,0.00120,0.00006,0.00000
27.00000,0.67194,0.99800,0.00194,0.00005,0.00000
27.05000,0.67194,0.99700,0.00291,0.00010,0.00000
27.10000,0.67194,0.99655,0.00341,0.00004,0.00000
27.15000,0.67194,0.99660,0.00335,0.00005,0.00000
27.20000,0.67194,0.99797,0.00200,0.00003,0.00000
27.25000,0.67194,0.99714,0.00284,0.00003,0.00000
27.30000,0.67194,0.99779,0.00203,0.00018,0.00000
27.35000,0.67194,0.99676,0.00313,0.00011,0.00000
27.40000,0.67194,0.99837,0.00156,0.00007,0.00000
27.45000,0.67194,0.99310,0.00680,0.00010,0.00000
27.50000,0.67194,0.99776,0.00219,0.00005,0.00000
27.55000,0.67194,0.99646,0.00346,0.00008,0.00000
27.60000,0.67194,0.99770,0.00215,0.00015,0.00000
27.65000,0.67194,0.99826,0.00058,0.00116,0.00000
27.70000,0.67194,0.99624,0.00031,0.00345,0.00000
27.75000,0.67194,0.99732,0.00005,0.00263,0.00000
27.80000,0.67194,0.96755,0.00030,0.03215,0.00000
27.85000,0.67194,0.92126,0.00033,0.07841,0.00000
27.90000,0.67194,0.87089,0.00011,0.12901,0.00000
27.95000,0.67194,0.82498,0.00026,0.17476,0.00000
28.00000,0.67194,0.25414,0.00001,0.74585,0.00000
28.05000,0.67194,0.22573,0.00000,0.77427,0.00000
28.10000,0.67194,0.36311,0.00003,0.63686,0.00000
28.15000,0.67194,0.10031,0.00001,0.89968,0.00000
28.20000,0.67194,0.09199,0.00001,0.90800,0.00000
28.25000,0.67194,0.33977,0.00011,0.66012,0.00000
28.30000,0.67194,0.79773,0.00103,0.20124,0.00000
28.35000,0.67194,0.96803,0.00043,0.03154,0.00000
28.40000,0.67194,0.97928,0.00534,0.01539,0.00000
28.45000,0.67194,0.99392,0.00077,0.00530,0.00000
28.50000,0.67194,0.99816,0.00061,0.00122,0.00000
28.55000,0.67194,0.99889,0.00095,0.00017,0.00000
28.60000,0.67194,0.99959,0.00031,0.00010,0.00000
28.65000,0.67194,0.99794,0.00204,0.00002,0.00000
28.70000,0.67194,0.99856,0.00142,0.00002,0.00000
28.75000,0.67194,0.99875,0.00123,0.00002,0.00000
28.80000,0.67194,0.99909,0.00090,0.00001,0.00000
28.85000,0.67194,0.99810,0.00186,0.00004,0.00000
28.90000,0.67194,0.99863,0.00133,0.00004,0.00000
28.95000,0.67194,0.99842,0.00155,0.00003,0.00000
29.00000,0.67194,0.99812,0.00183,0.00005,0.00000
29.05000,0.67194,0.99849,0.00143,0.00007,0.00000
29.10000,0.67194,0.99818,0.00176,0.00006,0.00000
29.15000,0.67194,0.99758,0.00232,0.00010,0.00000
29.20000,0.67194,0.99807,0.00187,0.00006,0.00000
29.25000,0.67194,0.99852,0.00140,0.00008,0.00000
29.30000,0.67194,0.99889,0.00107,0.00004,0.00000
29.35000,0.67194,0.99728,0.00261,0.00010,0.00000
29.40000,0.67194,0.99888,0.00104,0.00008,0.00000
29.45000,0.67194,0.99868,0.00119,0.00013,0.00000
29.50000,0.67194,0.99905,0.00088,0.00007,0.00000
29.55000,0.67194,0.99888,0.00098,0.00014,0.00000
29.60000,0.67194,0.99885,0.00108,0.00007,0.00000
29.65000,0.67194,0.99900,0.00097,0.00003,0.00000
29.70000,0.67194,0.99923,0.00071,0.00007,0.00000
29.75000,0.67194,0.99809,0.00182,0.00010,0.00000
29.80000,0.67194,0.99823,0.00172,0.00005,0.00000
29.85000,0.67194,0.99816,0.00177,0.00007,0.00000
29.90000,0.67194,0.99838,0.00154,0.00008,0.00000
29.95000,0.67194,0.99865,0.00128,0.00008,0.00000
30.00000,0.67194,0.99860,0.00133,0.00007,0.00000
30.05000,0.67194,0.99659,0.00332,0.00009,0.00000
30.10000,0.67194,0.99771,0.00223,0.00006,0.00000
30.15000,0.67194,0.99566,0.00427,0.00007,0.00000
30.20000,0.67194,0.99442,0.00554,0.00004,0.00000
30.25000,0.67194,0.99604,0.00389,0.00006,0.00000
30.30000,0.67194,0.99590,0.00405,0.00005,0.00000
30.35000,0.67194,0.99394,0.00604,0.00002,0.00000
30.40000,0.67194,0.99226,0.00716,0.00057,0.00000
30.45000,0.67194,0.99869,0.00089,0.00042,0.00000
30.50000,0.67194,0.99840,0.00054,0.00106,0.00000
30.55000,0.67194,0.99755,0.00099,0.00146,0.00000
30.60000,0.67194,0.98783,0.00101,0.01116,0.00000
30.65000,0.67194,0.95407,0.00034,0.04559,0.00000
30.70000,0.67194,0.88129,0.00153,0.11717,0.00000
30.75000,0.67194,0.81569,0.00078,0.18353,0.00000
30.80000,0.67194,0.44460,0.00030,0.55511,0.00000
30.85000,0.67194,0.18605,0.00013,0.81382,0.00000
30.90000,0.67194,0.24181,0.00051,0.75767,0.00000
30.95000,0.67194,0.43843,0.00145,0.56012,0.00000
31.00000,0.67194,0.58980,0.00228,0.40791,0.00000
31.05000,0.67194,0.76983,0.00290,0.22727,0.00000
31.10000,0.67194,0.95978,0.00174,0.03848,0.00000
31.15000,0.67194,0.97958,0.00385,0.01657,0.00000
31.20000,0.67194,0.99325,0.00448,0.00227,0.00000
31.25000,0.67194,0.99745,0.00142,0.00112,0.00000
31.30000,0.67194,0.99491,0.00491,0.00017,0.00001
31.35000,0.67194,0.99800,0.00196,0.00003,0.00001
31.40000,0.67194,0.99919,0.00078,0.00002,0.00000
31.45000,0.67194,0.99936,0.00062,0.00002,0.00000
31.50000,0.67194,0.99939,0.00059,0.00001,0.00000
31.55000,0.67194,0.99942,0.00056,0.00002,0.00000
31.60000,0.67194,0.99839,0.00158,0.00003,0.00000
31.65000,0.67194,0.99888,0.00106,0.00006,0.00000
31.70000,0.67194,0.99857,0.00136,0.00007,0.00000
31.75000,0.67194,0.99803,0.00189,0.00008,0.00000
31.80000,0.67194,0.99809,0.00188,0.00003,0.00000
31.85000,0.67194,0.99825,0.00167,0.00009,0.00000
31.90000,0.67194,0.99763,0.00218,0.00019,0.00000
31.95000,0.67194,0.99890,0.00097,0.00014,0.00000
32.00000,0.67194,0.99765,0.00226,0.00009,0.00000
32.05000,0.67194,0.99763,0.00203,0.00034,0.00000
32.10000,0.67194,0.99682,0.00306,0.00013,0.00000
32.15000,0.67194,0.99818,0.00169,0.00012,0.00000
32.20000,0.67194,0.99716,0.00279,0.00005,0.00000
32.25000,0.67194,0.99756,0.00235,0.00009,0.00000
32.30000,0.67194,0.99735,0.00259,0.00007,0.00000
32.35000,0.67194,0.99816,0.00173,0.00011,0.00000
32.40000,0.67194,0.99821,0.00171,0.00008,0.00000
32.45000,0.67194,0.99771,0.00213,0.00016,0.00000
32.50000,0.67194,0.99609,0.00380,0.00011,0.00000
32.55000,0.67194,0.99840,0.00142,0.00017,0.00000
32.60000,0.67194,0.99813,0.00174,0.00013,0.00000
32.65000,0.67194,0.99860,0.00120,0.00020,0.00000
32.70000,0.67194,0.99844,0.00126,0.00030,0.00000
32.75000,0.67194,0.99889,0.00084,0.00026,0.00000
32.80000,0.67194,0.99846,0.00111,0.00043,0.00000
32.85000,0.67194,0.99866,0.00080,0.00054,0.00000
32.90000,0.67194,0.99893,0.00078,0.00030,0.00000
32.95000,0.67194,0.99888,0.00076,0.00035,0.00000
33.00000,0.67194,0.99860,0.00087,0.00053,0.00000
33.05000,0.67194,0.99924,0.00049,0.00027,0.00000
33.10000,0.67194,0.99876,0.00088,0.00035,0.00000
33.15000,0.67194,0.99806,0.00079,0.00115,0.00000
33.20000,0.67194,0.99530,0.00010,0.00460,0.00000
33.25000,0.67194,0.98673,0.00008,0.01319,0.00000
33.30000,0.67194,0.98161,0.00013,0.01826,0.00000
33.35000,0.67194,0.96159,0.00004,0.03838,0.00000
33.40000,0.67194,0.96237,0.00004,0.03759,0.00000
33.45000,0.67194,0.86534,0.00003,0.13463,0.00000
33.50000,0.67194,0.67887,0.00008,0.32105,0.00000
33.55000,0.67194,0.54262,0.00003,0.45735,0.00000
33.60000,0.67194,0.13537,0.00000,0.86462,0.00000
33.65000,0.67194,0.08997,0.00000,0.91003,0.00000
33.70000,0.67194,0.08900,0.00002,0.91098,0.00000
33.75000,0.67194,0.19961,0.00008,0.80031,0.00000
33.80000,0.67194,0.25822,0.00007,0.74171,0.00000
33.85000,0.67194,0.39700,0.00007,0.60293,0.00000
33.90000,0.67194,0.89171,0.00025,0.10804,0.00000
33.95000,0.67194,0.98207,0.00074,0.01719,0.00000
34.00000,0.67194,0.97924,0.00240,0.01837,0.00000
34.05000,0.67194,0.99526,0.00144,0.00330,0.00000
34.10000,0.67194,0.99868,0.00064,0.00068,0.00000
34.15000,0.67194,0.99874,0.00089,0.00036,0.00000
34.20000,0.67194,0.99903,0.00090,0.00007,0.00000
34.25000,0.67194,0.99919,0.00065,0.00016,0.00000
34.30000,0.67194,0.99923,0.00068,0.00009,0.00000
34.35000,0.67194,0.99863,0.00120,0.00017,0.00000
34.40000,0.67194,0.99896,0.00086,0.00018,0.00000
34.45000,0.67194,0.99910,0.00065,0.00025,0.00000
34.50000,0.67194,0.99891,0.00087,0.00022,0.00000
34.55000,0.67194,0.99894,0.00055,0.00051,0.00000
34.60000,0.67194,0.99884,0.00075,0.00041,0.00000
34.65000,0.67194,0.99909,0.00051,0.00040,0.00000
34.70000,0.67194,0.99900,0.00052,0.00048,0.00000
34.75000,0.67194,0.99902,0.00039,0.00059,0.00000
34.80000,0.67194,0.99950,0.00034,0.00016,0.00000
34.85000,0.67194,0.99901,0.00018,0.00081,0.00000
34.90000,0.67194,0.99886,0.00021,0.00093,0.00000
34.95000,0.67194,0.99899,0.00009,0.00092,0.00000
35.00000,0.67194,0.99917,0.00019,0.00064,0.00000
35.05000,0.67194,0.99900,0.00016,0.00084,0.00000
35.10000,0.67194,0.99893,0.00013,0.00095,0.00000
35.15000,0.67194,0.99881,0.00015,0.00104,0.00000
35.20000,0.67194,0.99929,0.00016,0.00055,0.00000
35.25000,0.67194,0.99924,0.00011,0.00065,0.00000
35.30000,0.67194,0.99939,0.00016,0.00046,0.00000
35.35000,0.67194,0.99897,0.00020,0.00083,0.00000
35.40000,0.67194,0.99896,0.00018,0.00086,0.00000
35.45000,0.67194,0.99869,0.00060,0.00071,0.00000
35.50000,0.67194,0.99920,0.00040,0.00040,0.00000
35.55000,0.67194,0.99939,0.00036,0.00024,0.00000
35.60000,0.67194,0.99943,0.00016,0.00041,0.00000
35.65000,0.67194,0.99915,0.00027,0.00058,0.00000
35.70000,0.67194,0.99919,0.00028,0.00052,0.00000
35.75000,0.67194,0.99905,0.00050,0.00044,0.00000
35.80000,0.67194,0.99933,0.00022,0.00045,0.00000
35.85000,0.67194,0.99922,0.00053,0.00024,0.00000
35.90000,0.67194,0.99875,0.00069,0.00056,0.00000
35.95000,0.67194,0.99845,0.00061,0.00094,0.00000
36.00000,0.67194,0.99774,0.00069,0.00156,0.00000
36.05000,0.67194,0.99723,0.00114,0.00164,0.00000
36.10000,0.67194,0.99837,0.00105,0.00058,0.00000
36.15000,0.67194,0.99772,0.00109,0.00119,0.00000
36.20000,0.67194,0.99841,0.00080,0.00079,0.00000
36.25000,0.67194,0.99882,0.00043,0.00075,0.00000
36.30000,0.67194,0.99863,0.00066,0.00071,0.00000
36.35000,0.67194,0.98050,0.00110,0.01840,0.00000
36.40000,0.67194,0.98970,0.00020,0.01009,0.00000
36.45000,0.67194,0.99267,0.00001,0.00732,0.00000
36.50000,0.67194,0.99001,0.00011,0.00988,0.00000
36.55000,0.67194,0.95368,0.00004,0.04628,0.00000
36.60000,0.67194,0.87957,0.00007,0.12036,0.00000
36.65000,0.67194,0.77485,0.00006,0.22509,0.00000
36.70000,0.67194,0.88535,0.00003,0.11462,0.00000
36.75000,0.67194,0.40697,0.00001,0.59302,0.00000
36.80000,0.67194,0.19083,0.00001,0.80916,0.00000
36.85000,0.67194,0.20529,0.00000,0.79471,0.00000
36.90000,0.67194,0.27049,0.00001,0.72950,0.00000
36.95000,0.67194,0.18662,0.00000,0.81337,0.00000
37.00000,0.67194,0.26869,0.00003,0.73128,0.00000
37.05000,0.67194,0.51190,0.00004,0.48806,0.00000
37.10000,0.67194,0.66830,0.00001,0.33169,0.00000
37.15000,0.67194,0.95067,0.00011,0.04921,0.00001
37.20000,0.67194,0.97291,0.00005,0.02704,0.00000
37.25000,0.67194,0.99646,0.00004,0.00349,0.00000
37.30000,0.67194,0.99427,0.00006,0.00567,0.00000
37.35000,0.67194,0.99912,0.00046,0.00042,0.00000
37.40000,0.67194,0.99960,0.00012,0.00028,0.00000
37.45000,0.67194,0.99920,0.00035,0.00045,0.00000
37.50000,0.67194,0.99892,0.00061,0.00047,0.00000
37.55000,0.67194,0.99920,0.00062,0.00018,0.00000
37.60000,0.67194,0.99814,0.00096,0.00090,0.00000
37.65000,0.67194,0.99864,0.00105,0.00031,0.00000
37.70000,0.67194,0.99890,0.00068,0.00042,0.00000
37.75000,0.67194,0.99864,0.00104,0.00032,0.00000
37.80000,0.67194,0.99918,0.00037,0.00044,0.00000
37.85000,0.67194,0.99866,0.00091,0.00043,0.00000
37.90000,0.67194,0.99921,0.00044,0.00036,0.00000
37.95000,0.67194,0.99942,0.00036,0.00022,0.00000
38.00000,0.67194,0.99946,0.00041,0.00012,0.00000
38.05000,0.67194,0.99909,0.00051,0.00040,0.00000
38.10000,0.67194,0.99941,0.00024,0.00035,0.00000
38.15000,0.67194,0.99936,0.00022,0.00041,0.00000
38.20000,0.67194,0.99915,0.00058,0.00027,0.00000
38.25000,0.67194,0.99949,0.00022,0.00029,0.00000
38.30000,0.67194,0.99919,0.00035,0.00045,0.00000
38.35000,0.67194,0.99942,0.00025,0.00033,0.00000
38.40000,0.67194,0.99947,0.00029,0.00024,0.00000
38.45000,0.67194,0.99931,0.00018,0.00051,0.00000
38.50000,0.67194,0.99943,0.00020,0.00037,0.00000
38.55000,0.67194,0.99922,0.00026,0.00052,0.00000
38.60000,0.67194,0.99917,0.00033,0.00050,0.00000
38.65000,0.67194,0.99902,0.00019,0.00079,0.00000
38.70000,0.67194,0.99907,0.00046,0.00047,0.00000
38.75000,0.67194,0.99872,0.00060,0.00068,0.00000
38.80000,0.67194,0.99880,0.00081,0.00040,0.00000
38.85000,0.67194,0.99904,0.00052,0.00043,0.00000
38.90000,0.67194,0.99795,0.00155,0.00050,0.00000
38.95000,0.67194,0.99838,0.00142,0.00020,0.00000
39.00000,0.67194,0.99787,0.00199,0.00014,0.00000
39.05000,0.67194,0.99721,0.00264,0.00015,0.00000
39.10000,0.67194,0.99778,0.00201,0.00022,0.00000
39.15000,0.67194,0.99641,0.00354,0.00005,0.00000
39.20000,0.67194,0.99869,0.00125,0.00006,0.00000
39.25000,0.67194,0.99917,0.00016,0.00067,0.00000
39.30000,0.67194,0.99787,0.00031,0.00182,0.00000
39.35000,0.67194,0.99325,0.00021,0.00654,0.00000
39.40000,0.67194,0.98107,0.00130,0.01763,0.00000
39.45000,0.67194,0.96587,0.00071,0.03342,0.00000
39.50000,0.67194,0.89330,0.00062,0.10608,0.00000
39.55000,0.67194,0.77210,0.00012,0.22778,0.00000
39.60000,0.67194,0.61542,0.00049,0.38408,0.00000
39.65000,0.67194,0.22915,0.00007,0.77078,0.00000
39.70000,0.67194,0.17920,0.00012,0.82067,0.00000
39.75000,0.67194,0.18693,0.00005,0.81302,0.00000
39.80000,0.67194,0.27496,0.00070,0.72434,0.00000
39.85000,0.67194,0.26811,0.00097,0.73092,0.00000
39.90000,0.67194,0.55178,0.00203,0.44619,0.00000
39.95000,0.67194,0.57670,0.00761,0.41569,0.00000
40.00000,0.67194,0.85921,0.00079,0.14000,0.00000
40.05000,0.67194,0.97203,0.00191,0.02606,0.00001
40.10000,0.67194,0.97610,0.00327,0.02063,0.00000
40.15000,0.67194,0.98885,0.00647,0.00468,0.00000
40.20000,0.67194,0.99722,0.00197,0.00082,0.00000
40.25000,0.67194,0.99752,0.00162,0.00086,0.00000
40.30000,0.67194,0.99901,0.00064,0.00035,0.00000
40.35000,0.67194,0.99856,0.00097,0.00047,0.00000
40.40000,0.67194,0.99926,0.00038,0.00036,0.00000
40.45000,0.67194,0.99929,0.00055,0.00016,0.00000
40.50000,0.67194,0.99818,0.00149,0.00032,0.00000
40.55000,0.67194,0.99879,0.00097,0.00023,0.00000
40.60000,0.67194,0.99835,0.00121,0.00043,0.00000
40.65000,0.67194,0.99910,0.00051,0.00039,0.00000
40.70000,0.67194,0.99847,0.00122,0.00031,0.00000
40.75000,0.67194,0.99907,0.00054,0.00038,0.00000
40.80000,0.67194,0.99898,0.00083,0.00019,0.00000
40.85000,0.67194,0.99905,0.00068,0.00028,0.00000
40.90000,0.67194,0.99930,0.00054,0.00016,0.00000
40.95000,0.67194,0.99922,0.00039,0.00038,0.00000
41.00000,0.67194,0.99912,0.00044,0.00044,0.00000
41.05000,0.67194,0.99912,0.00028,0.00061,0.00000
41.10000,0.67194,0.99929,0.00028,0.00043,0.00000
41.15000,0.67194,0.99919,0.00025,0.00056,0.00000
41.20000,0.67194,0.99956,0.00022,0.00022,0.00000
41.25000,0.67194,0.99917,0.00030,0.00054,0.00000
41.30000,0.67194,0.99952,0.00013,0.00035,0.00000
41.35000,0.67194,0.99937,0.00017,0.00046,0.00000
41.40000,0.67194,0.99945,0.00017,0.00039,0.00000
41.45000,0.67194,0.99892,0.00014,0.00094,0.00000
41.50000,0.67194,0.99875,0.00018,0.00106,0.00000
41.55000,0.67194,0.99940,0.00022,0.00037,0.00000
41.60000,0.67194,0.99932,0.00025,0.00043,0.00000
41.65000,0.67194,0.99917,0.00039,0.00043,0.00000
41.70000,0.67194,0.99868,0.00054,0.00078,0.00000
41.75000,0.67194,0.99862,0.00105,0.00033,0.00000
41.80000,0.67194,0.99908,0.00048,0.00044,0.00000
41.85000,0.67194,0.99901,0.00076,0.00023,0.00000
41.90000,0.67194,0.99886,0.00072,0.00042,0.00000
41.95000,0.67194,0.99880,0.00076,0.00044,0.00000
42.00000,0.67194,0.99842,0.00113,0.00045,0.00000
42.05000,0.67194,0.99824,0.00153,0.00023,0.00000
42.10000,0.67194,0.99911,0.00063,0.00027,0.00000
42.15000,0.67194,0.99908,0.00053,0.00038,0.00000
42.20000,0.67194,0.99863,0.00033,0.00104,0.00000
42.25000,0.67194,0.98880,0.00014,0.01106,0.00000
42.30000,0.67194,0.99453,0.00010,0.00537,0.00000
42.35000,0.67194,0.96998,0.00003,0.02998,0.00000
42.40000,0.67194,0.95075,0.00016,0.04910,0.00000
42.45000,0.67194,0.86804,0.00016,0.13180,0.00000
42.50000,0.67194,0.80109,0.00005,0.19886,0.00000
42.55000,0.67194,0.74985,0.00013,0.25002,0.00000
42.60000,0.67194,0.22829,0.00002,0.77169,0.00000
42.65000,0.67194,0.21524,0.00003,0.78473,0.00000
42.70000,0.67194,0.17645,0.00020,0.82335,0.00000
42.75000,0.67194,0.23164,0.00005,0.76830,0.00000
42.80000,0.67194,0.13954,0.00023,0.86023,0.00000
42.85000,0.67194,0.41766,0.00145,0.58089,0.00000
42.90000,0.67194,0.76109,0.01923,0.21968,0.00000
42.95000,0.67194,0.92555,0.00413,0.07030,0.00002
43.00000,0.67194,0.96362,0.00725,0.02912,0.00000
43.05000,0.67194,0.97837,0.00355,0.01805,0.00003
43.10000,0.67194,0.98464,0.01086,0.00450,0.00001
43.15000,0.67194,0.99453,0.00510,0.00037,0.00000
43.20000,0.67194,0.99911,0.00067,0.00021,0.00000
43.25000,0.67194,0.99841,0.00151,0.00008,0.00000
43.30000,0.67194,0.99935,0.00059,0.00006,0.00000
43.35000,0.67194,0.99915,0.00054,0.00031,0.00000
43.40000,0.67194,0.99923,0.00042,0.00035,0.00000
43.45000,0.67194,0.99912,0.00038,0.00050,0.00000
43.50000,0.67194,0.99928,0.00029,0.00043,0.00000
43.55000,0.67194,0.99908,0.00039,0.00053,0.00000
43.60000,0.67194,0.99886,0.00053,0.00061,0.00000
43.65000,0.67194,0.99890,0.00044,0.00066,0.00000
43.70000,0.67194,0.99933,0.00017,0.00050,0.00000
43.75000,0.67194,0.99915,0.00016,0.00069,0.00000
43.80000,0.67194,0.99926,0.00022,0.00051,0.00000
43.85000,0.67194,0.99960,0.00016,0.00023,0.00000
43.90000,0.67194,0.99952,0.00023,0.00025,0.00000
43.95000,0.67194,0.99946,0.00039,0.00014,0.00000
44.00000,0.67194,0.99959,0.00024,0.00017,0.00000
44.05000,0.67194,0.99956,0.00026,0.00018,0.00000
44.10000,0.67194,0.99948,0.00019,0.00033,0.00000
44.15000,0.67194,0.99940,0.00043,0.00017,0.00000
44.20000,0.67194,0.99915,0.00066,0.00019,0.00000
44.25000,0.67194,0.99927,0.00058,0.00016,0.00000
44.30000,0.67194,0.99918,0.00053,0.00029,0.00000
44.35000,0.67194,0.99860,0.00118,0.00022,0.00000
44.40000,0.67194,0.99815,0.00143,0.00042,0.00000
44.45000,0.67194,0.99808,0.00169,0.00023,0.00000
44.50000,0.67194,0.99798,0.00170,0.00032,0.00000
44.55000,0.67194,0.99693,0.00265,0.00043,0.00000
44.60000,0.67194,0.99544,0.00342,0.00114,0.00000
44.65000,0.67194,0.99567,0.00346,0.00087,0.00000
44.70000,0.67194,0.99708,0.00221,0.00071,0.00000
44.75000,0.67194,0.99690,0.00279,0.00031,0.00000
44.80000,0.67194,0.99744,0.00219,0.00037,0.00000
44.85000,0.67194,0.99446,0.00547,0.00006,0.00000
44.90000,0.67194,0.99253,0.00467,0.00281,0.00000
44.95000,0.67194,0.99768,0.00029,0.00204,0.00000
45.00000,0.67194,0.99829,0.00026,0.00145,0.00000
45.05000,0.67194,0.99425,0.00069,0.00506,0.00000
45.10000,0.67194,0.99070,0.00005,0.00925,0.00000
45.15000,0.67194,0.94921,0.00138,0.04941,0.00000
45.20000,0.67194,0.79860,0.00150,0.19991,0.00000
45.25000,0.67194,0.57174,0.00014,0.42812,0.00000
45.30000,0.67194,0.48871,0.00033,0.51095,0.00000
45.35000,0.67194,0.65523,0.00000,0.34476,0.00000
45.40000,0.67194,0.49126,0.00000,0.50874,0.00000
45.45000,0.67194,0.47280,0.00000,0.52719,0.00000
45.50000,0.67194,0.09508,0.00000,0.90492,0.00000
45.55000,0.67194,0.10590,0.00000,0.89410,0.00000
45.60000,0.67194,0.29539,0.00000,0.70461,0.00000
45.65000,0.67194,0.17358,0.00000,0.82642,0.00000
45.70000,0.67194,0.18409,0.00000,0.81591,0.00000
45.75000,0.67194,0.30454,0.00000,0.69546,0.00001
45.80000,0.67194,0.42408,0.00000,0.57592,0.00001
45.85000,0.67194,0.66890,0.00000,0.33109,0.00002
45.90000,0.67194,0.70798,0.00000,0.29176,0.00025
45.95000,0.67194,0.79331,0.00001,0.20663,0.00005
46.00000,0.67194,0.99481,0.00006,0.00511,0.00002
46.05000,0.67194,0.98745,0.00018,0.01231,0.00005
46.10000,0.67194,0.99146,0.00050,0.00794,0.00010
46.15000,0.67194,0.99831,0.00023,0.00145,0.00001
46.20000,0.67194,0.99914,0.00041,0.00045,0.00000
46.25000,0.67194,0.99953,0.00030,0.00017,0.00000
46.30000,0.67194,0.99963,0.00024,0.00013,0.00000
46.35000,0.67194,0.99963,0.00015,0.00022,0.00000
46.40000,0.67194,0.99958,0.00020,0.00022,0.00000
46.45000,0.67194,0.99942,0.00032,0.00026,0.00000
46.50000,0.67194,0.99949,0.00015,0.00035,0.00000
46.55000,0.67194,0.99913,0.00016,0.00071,0.00000
46.60000,0.67194,0.99918,0.00022,0.00060,0.00000
46.65000,0.67194,0.99905,0.00018,0.00077,0.00000
46.70000,0.67194,0.99836,0.00026,0.00138,0.00000
46.75000,0.67194,0.99911,0.00016,0.00073,0.00000
46.80000,0.67194,0.99887,0.00026,0.00086,0.00000
46.85000,0.67194,0.99883,0.00026,0.00091,0.00000
46.90000,0.67194,0.99830,0.00032,0.00138,0.00000
46.95000,0.67194,0.99844,0.00053,0.00104,0.00000
47.00000,0.67194,0.99890,0.00084,0.00026,0.00000
47.05000,0.67194,0.99870,0.00026,0.00103,0.00000
47.10000,0.67194,0.99888,0.00059,0.00053,0.00000
47.15000,0.67194,0.99919,0.00048,0.00033,0.00000
47.20000,0.67194,0.99890,0.00085,0.00025,0.00000
47.25000,0.67194,0.99814,0.00160,0.00026,0.00000
47.30000,0.67194,0.99892,0.00093,0.00015,0.00000
47.35000,0.67194,0.99872,0.00091,0.00037,0.00000
47.40000,0.67194,0.99863,0.00106,0.00031,0.00000
47.45000,0.67194,0.99868,0.00072,0.00060,0.00000
47.50000,0.67194,0.99890,0.00083,0.00027,0.00000
47.55000,0.67194,0.99886,0.00097,0.00017,0.00000
47.60000,0.67194,0.99907,0.00045,0.00048,0.00000
47.65000,0.67194,0.99890,0.00070,0.00040,0.00000
47.70000,0.67194,0.99850,0.00108,0.00042,0.00000
47.75000,0.67194,0.99884,0.00091,0.00026,0.00000
47.80000,0.67194,0.99860,0.00090,0.00051,0.00000
47.85000,0.67194,0.99879,0.00076,0.00045,0.00000
47.90000,0.67194,0.99833,0.00105,0.00061,0.00000
47.95000,0.67194,0.99815,0.00172,0.00013,0.00000
48.00000,0.67194,0.99861,0.00122,0.00017,0.00000
48.05000,0.67194,0.99915,0.00071,0.00014,0.00000
48.10000,0.67194,0.99671,0.00129,0.00200,0.00000
48.15000,0.67194,0.99687,0.00029,0.00283,0.00000
48.20000,0.67194,0.99455,0.00064,0.00481,0.00000
48.25000,0.67194,0.99176,0.00013,0.00810,0.00000
48.30000,0.67194,0.98568,0.00042,0.01390,0.00000
48.35000,0.67194,0.95377,0.00064,0.04559,0.00000
48.40000,0.67194,0.63522,0.00013,0.36465,0.00000
48.45000,0.67194,0.70893,0.00032,0.29076,0.00000
48.50000,0.67194,0.38496,0.00016,0.61488,0.00000
48.55000,0.67194,0.26145,0.00006,0.73848,0.00000
48.60000,0.67194,0.13534,0.00007,0.86460,0.00000
48.65000,0.67194,0.06832,0.00017,0.93151,0.00000
48.70000,0.67194,0.08539,0.00014,0.91446,0.00001
48.75000,0.67194,0.29573,0.00090,0.70319,0.00018
48.80000,0.67194,0.40809,0.00293,0.58613,0.00285
48.85000,0.67194,0.79786,0.00086,0.20095,0.00033
48.90000,0.67194,0.90213,0.00380,0.08934,0.00473
48.95000,0.67194,0.96442,0.00165,0.03271,0.00121
49.00000,0.67194,0.98590,0.00454,0.00907,0.00049
49.05000,0.67194,0.99573,0.00147,0.00267,0.00014
49.10000,0.67194,0.99921,0.00038,0.00039,0.00003
49.15000,0.67194,0.99840,0.00141,0.00019,0.00000
49.20000,0.67194,0.99903,0.00084,0.00012,0.00000
49.25000,0.67194,0.99931,0.00049,0.00020,0.00000
49.30000,0.67194,0.99883,0.00102,0.00015,0.00000
49.35000,0.67194,0.99834,0.00117,0.00049,0.00000
49.40000,0.67194,0.99832,0.00109,0.00059,0.00000
49.45000,0.67194,0.99864,0.00105,0.00031,0.00000
49.50000,0.67194,0.99876,0.00087,0.00038,0.00000
49.55000,0.67194,0.99856,0.00100,0.00045,0.00000
49.60000,0.67194,0.99884,0.00062,0.00054,0.00000
49.65000,0.67194,0.99923,0.00060,0.00017,0.00000
49.70000,0.67194,0.99929,0.00022,0.00049,0.00000
49.75000,0.67194,0.99931,0.00053,0.00016,0.00000
49.80000,0.67194,0.99949,0.00015,0.00036,0.00000
49.85000,0.67194,0.99936,0.00026,0.00038,0.00000
49.90000,0.67194,0.99937,0.00022,0.00040,0.00000
49.95000,0.67194,0.99943,0.00024,0.00033,0.00000
50.00000,0.67194,0.99925,0.00018,0.00057,0.00000
50.05000,0.67194,0.99918,0.00018,0.00064,0.00000
50.10000,0.67194,0.99888,0.00036,0.00076,0.00000
50.15000,0.67194,0.99845,0.00038,0.00118,0.00000
50.20000,0.67194,0.99877,0.00022,0.00101,0.00000
50.25000,0.67194,0.99709,0.00028,0.00263,0.00000
50.30000,0.67194,0.99833,0.00023,0.00144,0.00000
50.35000,0.67194,0.99779,0.00018,0.00204,0.00000
50.40000,0.67194,0.99812,0.00036,0.00152,0.00000
50.45000,0.67194,0.99693,0.00030,0.00277,0.00000
50.50000,0.67194,0.99809,0.00086,0.00106,0.00000
50.55000,0.67194,0.99654,0.00152,0.00193,0.00000
50.60000,0.67194,0.99456,0.00176,0.00367,0.00000
50.65000,0.67194,0.99443,0.00129,0.00428,0.00000
50.70000,0.67194,0.99472,0.00208,0.00319,0.00000
50.75000,0.67194,0.99624,0.00237,0.00139,0.00000
50.80000,0.67194,0.99626,0.00319,0.00054,0.00000
50.85000,0.67194,0.96793,0.00453,0.02754,0.00000
50.90000,0.67194,0.98588,0.00010,0.01402,0.00000
50.95000,0.67194,0.98839,0.00046,0.01115,0.00000
51.00000,0.67194,0.98183,0.00072,0.01744,0.00000
51.05000,0.67194,0.97186,0.00015,0.02799,0.00000
51.10000,0.67194,0.97300,0.00024,0.02677,0.00000
51.15000,0.67194,0.92441,0.00096,0.07463,0.00000
51.20000,0.67194,0.94310,0.00022,0.05669,0.00000
51.25000,0.67194,0.37350,0.00041,0.62609,0.00000
51.30000,0.67194,0.39986,0.00006,0.60008,0.00000
51.35000,0.67194,0.18786,0.00011,0.81203,0.00000
51.40000,0.67194,0.23738,0.00026,0.76236,0.00000
51.45000,0.67194,0.33047,0.00111,0.66839,0.00002
51.50000,0.67194,0.72851,0.00743,0.26406,0.00000
51.55000,0.67194,0.90692,0.00192,0.09110,0.00006
51.60000,0.67194,0.98386,0.00197,0.01415,0.00002
51.65000,0.67194,0.94362,0.00800,0.04837,0.00001
51.70000,0.67194,0.98927,0.00439,0.00634,0.00000
51.75000,0.67194,0.99582,0.00332,0.00085,0.00002
51.80000,0.67194,0.99857,0.00122,0.00021,0.00000
51.85000,0.67194,0.99846,0.00137,0.00016,0.00000
51.90000,0.67194,0.99890,0.00098,0.00013,0.00000
51.95000,0.67194,0.99840,0.00136,0.00024,0.00000
52.00000,0.67194,0.99851,0.00110,0.00039,0.00000
52.05000,0.67194,0.99865,0.00100,0.00035,0.00000
52.10000,0.67194,0.99897,0.00075,0.00028,0.00000
52.15000,0.67194,0.99863,0.00076,0.00060,0.00000
52.20000,0.67194,0.99855,0.00117,0.00027,0.00000
52.25000,0.67194,0.99871,0.00103,0.00026,0.00000
52.30000,0.67194,0.99905,0.00063,0.00031,0.00000
52.35000,0.67194,0.99903,0.00078,0.00019,0.00000
52.40000,0.67194,0.99895,0.00062,0.00042,0.00000
52.45000,0.67194,0.99910,0.00066,0.00024,0.00000
52.50000,0.67194,0.99929,0.00032,0.00039,0.00000
52.55000,0.67194,0.99921,0.00063,0.00016,0.00000
52.60000,0.67194,0.99907,0.00069,0.00024,0.00000
52.65000,0.67194,0.99931,0.00047,0.00022,0.00000
52.70000,0.67194,0.99912,0.00048,0.00040,0.00000
52.75000,0.67194,0.99908,0.00070,0.00022,0.00000
52.80000,0.67194,0.99891,0.00086,0.00023,0.00000
52.85000,0.67194,0.99902,0.00067,0.00030,0.00000
52.90000,0.67194,0.99927,0.00032,0.00041,0.00000
52.95000,0.67194,0.99920,0.00022,0.00058,0.00000
53.00000,0.67194,0.99914,0.00048,0.00038,0.00000
53.05000,0.67194,0.99908,0.00056,0.00035,0.00000
53.10000,0.67194,0.99903,0.00050,0.00047,0.00000
53.15000,0.67194,0.99875,0.00029,0.00096,0.00000
53.20000,0.67194,0.99919,0.00027,0.00054,0.00000
53.25000,0.67194,0.99910,0.00013,0.00076,0.00000
53.30000,0.67194,0.99904,0.00029,0.00066,0.00000
53.35000,0.67194,0.99863,0.00025,0.00112,0.00000
53.40000,0.67194,0.99894,0.00046,0.00060,0.00000
53.45000,0.67194,0.99912,0.00018,0.00070,0.00000
53.50000,0.67194,0.99900,0.00024,0.00076,0.00000
