Time (seconds), Duration (seconds),pred_unlabelled,pred_sirens
0.00000,1.01194,0.08309,0.91691
0.12000,1.01194,0.05172,0.94828
0.24000,1.01194,0.00981,0.99019
0.36000,1.01194,0.01390,0.98610
0.48000,1.01194,0.00990,0.99010
0.60000,1.01194,0.03974,0.96026
0.72000,1.01194,0.05151,0.94849
0.84000,1.01194,0.01840,0.98160
0.96000,1.01194,0.02344,0.97656
1.08000,1.01194,0.04111,0.95889
1.20000,1.01194,0.05710,0.94290
1.32000,1.01194,0.14296,0.85704
1.44000,1.01194,0.04555,0.95445
1.56000,1.01194,0.01585,0.98415
1.68000,1.01194,0.02358,0.97642
1.80000,1.01194,0.00966,0.99034
1.92000,1.01194,0.00984,0.99016
2.04000,1.01194,0.00414,0.99586
2.16000,1.01194,0.00586,0.99414
2.28000,1.01194,0.00901,0.99099
2.40000,1.01194,0.02043,0.97957
2.52000,1.01194,0.03206,0.96794
2.64000,1.01194,0.04000,0.96000
2.76000,1.01194,0.06608,0.93392
2.88000,1.01194,0.04740,0.95260
3.00000,1.01194,0.04271,0.95729
3.12000,1.01194,0.04508,0.95492
3.24000,1.01194,0.03587,0.96413
3.36000,1.01194,0.01877,0.98123
3.48000,1.01194,0.01788,0.98212
3.60000,1.01194,0.03015,0.96985
3.72000,1.01194,0.03613,0.96387
3.84000,1.01194,0.03954,0.96046
3.96000,1.01194,0.03696,0.96304
4.08000,1.01194,0.08558,0.91442
4.20000,1.01194,0.04059,0.95941
4.32000,1.01194,0.07216,0.92784
4.44000,1.01194,0.05873,0.94127
4.56000,1.01194,0.18413,0.81587
4.68000,1.01194,0.24985,0.75015
4.80000,1.01194,0.24145,0.75855
4.92000,1.01194,0.43931,0.56069
5.04000,1.01194,0.58685,0.41315
5.16000,1.01194,0.57056,0.42944
5.28000,1.01194,0.43241,0.56759
5.40000,1.01194,0.28947,0.71053
5.52000,1.01194,0.17519,0.82481
5.64000,1.01194,0.11013,0.88987
5.76000,1.01194,0.16308,0.83692
5.88000,1.01194,0.11853,0.88147
6.00000,1.01194,0.07949,0.92051
6.12000,1.01194,0.04625,0.95375
6.24000,1.01194,0.06735,0.93265
6.36000,1.01194,0.08822,0.91178
6.48000,1.01194,0.10994,0.89006
6.60000,1.01194,0.16421,0.83579
6.72000,1.01194,0.04970,0.95030
6.84000,1.01194,0.13868,0.86132
6.96000,1.01194,0.09916,0.90084
7.08000,1.01194,0.11820,0.88180
7.20000,1.01194,0.08350,0.91650
7.32000,1.01194,0.03653,0.96347
7.44000,1.01194,0.04086,0.95914
7.56000,1.01194,0.04069,0.95931
7.68000,1.01194,0.05186,0.94814
7.80000,1.01194,0.01790,0.98210
7.92000,1.01194,0.01168,0.98832
8.04000,1.01194,0.02387,0.97613
8.16000,1.01194,0.01332,0.98668
8.28000,1.01194,0.00713,0.99287
8.40000,1.01194,0.00833,0.99167
8.52000,1.01194,0.00279,0.99721
8.64000,1.01194,0.00574,0.99426
8.76000,1.01194,0.00515,0.99485
8.88000,1.01194,0.00472,0.99528
9.00000,1.01194,0.00999,0.99001
9.12000,1.01194,0.02168,0.97832
9.24000,1.01194,0.06362,0.93638
9.36000,1.01194,0.10358,0.89642
9.48000,1.01194,0.09684,0.90316
9.60000,1.01194,0.03776,0.96224
9.72000,1.01194,0.01209,0.98791
9.84000,1.01194,0.00315,0.99685
9.96000,1.01194,0.00151,0.99849
10.08000,1.01194,0.00175,0.99825
10.20000,1.01194,0.00120,0.99880
10.32000,1.01194,0.00070,0.99930
10.44000,1.01194,0.00136,0.99864
10.56000,1.01194,0.00229,0.99771
10.68000,1.01194,0.00590,0.99410
10.80000,1.01194,0.00668,0.99332
10.92000,1.01194,0.01785,0.98215
11.04000,1.01194,0.01135,0.98865
11.16000,1.01194,0.01191,0.98809
11.28000,1.01194,0.00914,0.99086
11.40000,1.01194,0.03527,0.96473
11.52000,1.01194,0.02399,0.97601
11.64000,1.01194,0.05443,0.94557
11.76000,1.01194,0.10216,0.89784
11.88000,1.01194,0.12030,0.87970
12.00000,1.01194,0.08882,0.91118
12.12000,1.01194,0.07494,0.92506
12.24000,1.01194,0.09545,0.90455
12.36000,1.01194,0.07375,0.92625
12.48000,1.01194,0.10027,0.89973
12.60000,1.01194,0.12311,0.87689
12.72000,1.01194,0.19662,0.80338
12.84000,1.01194,0.19014,0.80986
12.96000,1.01194,0.12032,0.87968
13.08000,1.01194,0.22759,0.77241
13.20000,1.01194,0.25594,0.74406
13.32000,1.01194,0.20719,0.79281
13.44000,1.01194,0.12676,0.87324
13.56000,1.01194,0.12463,0.87537
13.68000,1.01194,0.18404,0.81596
13.80000,1.01194,0.12135,0.87865
13.92000,1.01194,0.22946,0.77054
14.04000,1.01194,0.10618,0.89382
14.16000,1.01194,0.11898,0.88102
14.28000,1.01194,0.11649,0.88351
14.40000,1.01194,0.17653,0.82347
14.52000,1.01194,0.07390,0.92610
14.64000,1.01194,0.07102,0.92898
14.76000,1.01194,0.03788,0.96212
14.88000,1.01194,0.04769,0.95231
15.00000,1.01194,0.03008,0.96993
15.12000,1.01194,0.02039,0.97961
15.24000,1.01194,0.02342,0.97658
15.36000,1.01194,0.01838,0.98162
15.48000,1.01194,0.01937,0.98063
15.60000,1.01194,0.04204,0.95796
15.72000,1.01194,0.04565,0.95435
15.84000,1.01194,0.07162,0.92838
15.96000,1.01194,0.07660,0.92340
16.08000,1.01194,0.04739,0.95261
16.20000,1.01194,0.15075,0.84925
16.32000,1.01194,0.03651,0.96349
16.44000,1.01194,0.16399,0.83601
16.56000,1.01194,0.03188,0.96812
16.68000,1.01194,0.06202,0.93798
16.80000,1.01194,0.01937,0.98063
16.92000,1.01194,0.03268,0.96732
17.04000,1.01194,0.02970,0.97030
17.16000,1.01194,0.04066,0.95934
17.28000,1.01194,0.03511,0.96489
17.40000,1.01194,0.05211,0.94789
17.52000,1.01194,0.08310,0.91690
17.64000,1.01194,0.08651,0.91349
17.76000,1.01194,0.10579,0.89421
17.88000,1.01194,0.19607,0.80393
18.00000,1.01194,0.34139,0.65861
18.12000,1.01194,0.21247,0.78753
18.24000,1.01194,0.24950,0.75050
18.36000,1.01194,0.27822,0.72178
18.48000,1.01194,0.24339,0.75661
18.60000,1.01194,0.19728,0.80272
18.72000,1.01194,0.25081,0.74919
18.84000,1.01194,0.16278,0.83722
18.96000,1.01194,0.16625,0.83375
19.08000,1.01194,0.10809,0.89191
19.20000,1.01194,0.17503,0.82497
19.32000,1.01194,0.11634,0.88366
19.44000,1.01194,0.14421,0.85579
19.56000,1.01194,0.15823,0.84177
19.68000,1.01194,0.23489,0.76511
19.80000,1.01194,0.18742,0.81258
19.92000,1.01194,0.24693,0.75307
20.04000,1.01194,0.23020,0.76980
20.16000,1.01194,0.40181,0.59819
20.28000,1.01194,0.46951,0.53049
20.40000,1.01194,0.43865,0.56135
20.52000,1.01194,0.31007,0.68993
20.64000,1.01194,0.36263,0.63737
20.76000,1.01194,0.26293,0.73707
20.88000,1.01194,0.21779,0.78221
21.00000,1.01194,0.15717,0.84283
21.12000,1.01194,0.25881,0.74119
21.24000,1.01194,0.11360,0.88640
21.36000,1.01194,0.16713,0.83287
21.48000,1.01194,0.11714,0.88286
21.60000,1.01194,0.09310,0.90690
21.72000,1.01194,0.05295,0.94705
21.84000,1.01194,0.03881,0.96119
21.96000,1.01194,0.01354,0.98646
22.08000,1.01194,0.00952,0.99048
22.20000,1.01194,0.00735,0.99265
22.32000,1.01194,0.00719,0.99281
22.44000,1.01194,0.00362,0.99638
22.56000,1.01194,0.00762,0.99238
22.68000,1.01194,0.00857,0.99143
22.80000,1.01194,0.03475,0.96525
22.92000,1.01194,0.12305,0.87695
23.04000,1.01194,0.12599,0.87401
23.16000,1.01194,0.31642,0.68358
23.28000,1.01194,0.32247,0.67753
23.40000,1.01194,0.60005,0.39995
23.52000,1.01194,0.47114,0.52886
23.64000,1.01194,0.48329,0.51671
23.76000,1.01194,0.45550,0.54450
23.88000,1.01194,0.39829,0.60171
24.00000,1.01194,0.27788,0.72212
24.12000,1.01194,0.35282,0.64718
24.24000,1.01194,0.53693,0.46307
24.36000,1.01194,0.54986,0.45014
24.48000,1.01194,0.44965,0.55035
24.60000,1.01194,0.62113,0.37887
24.72000,1.01194,0.65769,0.34231
24.84000,1.01194,0.71877,0.28123
24.96000,1.01194,0.86644,0.13356
25.08000,1.01194,0.72578,0.27422
25.20000,1.01194,0.86769,0.13231
25.32000,1.01194,0.73227,0.26773
25.44000,1.01194,0.71018,0.28982
25.56000,1.01194,0.59039,0.40961
25.68000,1.01194,0.70123,0.29877
25.80000,1.01194,0.44864,0.55136
25.92000,1.01194,0.58885,0.41115
26.04000,1.01194,0.36883,0.63117
26.16000,1.01194,0.60442,0.39558
26.28000,1.01194,0.31733,0.68267
26.40000,1.01194,0.61852,0.38148
26.52000,1.01194,0.35125,0.64875
26.64000,1.01194,0.55487,0.44513
26.76000,1.01194,0.17643,0.82357
26.88000,1.01194,0.40563,0.59437
27.00000,1.01194,0.10578,0.89422
27.12000,1.01194,0.14070,0.85930
27.24000,1.01194,0.05828,0.94172
27.36000,1.01194,0.18535,0.81465
27.48000,1.01194,0.11014,0.88986
27.60000,1.01194,0.12985,0.87015
27.72000,1.01194,0.14823,0.85177
27.84000,1.01194,0.22467,0.77533
27.96000,1.01194,0.12570,0.87430
28.08000,1.01194,0.44397,0.55603
28.20000,1.01194,0.35477,0.64523
28.32000,1.01194,0.30446,0.69554
28.44000,1.01194,0.53844,0.46156
28.56000,1.01194,0.19856,0.80144
28.68000,1.01194,0.35975,0.64025
28.80000,1.01194,0.27736,0.72264
28.92000,1.01194,0.40757,0.59243
29.04000,1.01194,0.29999,0.70001
29.16000,1.01194,0.45158,0.54842
29.28000,1.01194,0.51000,0.49000
29.40000,1.01194,0.41945,0.58055
29.52000,1.01194,0.52747,0.47253
29.64000,1.01194,0.79101,0.20899
