Time(Seconds),Length(Seconds),Label(string),Confidence(double),Comment(string)
1.525,0.27300000000000013,touch,1.0,
2.812,0.28200000000000003,touch,1.0,
4.191,0.18400000000000016,touch,1.0,
5.436,0.11000000000000032,touch,1.0,
8.035,0.0909999999999993,touch,1.0,
9.108,0.11399999999999899,touch,1.0,
9.805,0.13000000000000078,touch,1.0,
10.34,0.10899999999999999,touch,1.0,
10.936,0.10299999999999976,touch,1.0,
11.708,0.10800000000000054,touch,1.0,
12.542,0.07600000000000051,touch,1.0,
13.263,0.09399999999999942,touch,1.0,
14.214,0.0909999999999993,touch,1.0,
14.844,0.08800000000000097,touch,1.0,
15.438,0.10099999999999909,touch,1.0,
16.01,0.1280000000000001,touch,1.0,
16.593,0.11899999999999977,touch,1.0,
17.276,0.10699999999999932,touch,1.0,
17.784,0.1460000000000008,touch,1.0,
18.365,0.10700000000000287,touch,1.0,
18.843,0.09600000000000009,touch,1.0,
19.371,0.10700000000000287,touch,1.0,
19.889,0.09799999999999898,touch,1.0,
20.589,0.09800000000000253,touch,1.0,
21.088,0.09499999999999886,touch,1.0,
21.673,0.08600000000000207,touch,1.0,
22.323,0.08699999999999974,touch,1.0,
22.876,0.11399999999999721,touch,1.0,
23.398,0.0990000000000002,touch,1.0,
23.927,0.10800000000000054,touch,1.0,
24.539,0.12899999999999778,touch,1.0,
25.243,0.11899999999999977,touch,1.0,
25.663,0.11700000000000088,touch,1.0,
26.276,0.0990000000000002,touch,1.0,
26.746,0.12700000000000244,touch,1.0,
27.25,0.12600000000000122,touch,1.0,
27.736,0.12599999999999767,touch,1.0,
28.318,0.129999999999999,touch,1.0,
28.857,0.11100000000000065,touch,1.0,
29.416,0.13599999999999923,touch,1.0,
29.967,0.1509999999999998,touch,1.0,
30.487,0.13800000000000168,touch,1.0,
30.872,0.1269999999999989,touch,1.0,
31.247,0.14000000000000057,touch,1.0,
31.81,0.120000000000001,touch,1.0,
32.363,0.142000000000003,touch,1.0,
32.867,0.1110000000000042,touch,1.0,
33.447,0.14799999999999613,touch,1.0,
33.8,0.10800000000000409,touch,1.0,
34.078,0.12899999999999778,touch,1.0,
34.483,0.19600000000000506,touch,1.0,
34.949,0.1769999999999996,touch,1.0,
35.44,0.19300000000000495,touch,1.0,
35.988,0.11399999999999721,touch,1.0,
36.515,0.11999999999999744,touch,1.0,
37.02,0.10099999999999909,touch,1.0,
37.503,0.13100000000000023,touch,1.0,
38.037,0.142000000000003,touch,1.0,
38.518,0.13000000000000256,touch,1.0,
38.938,0.1669999999999945,touch,1.0,
39.628,0.13400000000000034,touch,1.0,
40.054,0.12699999999999534,touch,1.0,
40.555,0.16100000000000136,touch,1.0,
40.978,0.12599999999999767,touch,1.0,
41.463,0.11299999999999955,touch,1.0,
41.983,0.16800000000000637,touch,1.0,
42.426,0.1109999999999971,touch,1.0,
42.818,0.132000000000005,touch,1.0,
43.357,0.14800000000000324,touch,1.0,
43.763,0.17300000000000182,touch,1.0,
44.098,0.12599999999999767,touch,1.0,
44.583,0.1180000000000021,touch,1.0,
45.123,0.1280000000000001,touch,1.0,
45.573,0.1529999999999987,touch,1.0,
45.951,0.2049999999999983,touch,1.0,
46.59,0.11399999999999721,touch,1.0,
47.04,0.10699999999999932,touch,1.0,
47.541,0.09700000000000131,touch,1.0,
47.872,0.1109999999999971,touch,1.0,
48.168,0.11999999999999744,touch,1.0,
48.504,0.13500000000000512,touch,1.0,
