Time (seconds), Duration (seconds),pred_unlabelled,pred_baby_cry,pred_cough,pred_water_tap
0.00000,0.67194,0.99997,0.00003,0.00000,0.00000
0.05000,0.67194,0.99996,0.00004,0.00000,0.00000
0.10000,0.67194,0.99990,0.00010,0.00000,0.00000
0.15000,0.67194,0.99999,0.00001,0.00000,0.00000
0.20000,0.67194,0.99949,0.00051,0.00000,0.00000
0.25000,0.67194,0.99982,0.00017,0.00000,0.00001
0.30000,0.67194,0.99989,0.00010,0.00000,0.00000
0.35000,0.67194,0.99998,0.00002,0.00000,0.00000
0.40000,0.67194,0.99994,0.00006,0.00000,0.00001
0.45000,0.67194,0.99997,0.00002,0.00000,0.00001
0.50000,0.67194,0.99998,0.00002,0.00000,0.00000
0.55000,0.67194,0.99992,0.00007,0.00000,0.00000
0.60000,0.67194,0.99991,0.00008,0.00000,0.00002
0.65000,0.67194,0.99983,0.00010,0.00000,0.00008
0.70000,0.67194,0.99981,0.00012,0.00000,0.00007
0.75000,0.67194,0.99835,0.00160,0.00000,0.00005
0.80000,0.67194,0.99930,0.00047,0.00000,0.00023
0.85000,0.67194,0.99582,0.00415,0.00000,0.00003
0.90000,0.67194,0.99744,0.00255,0.00001,0.00001
0.95000,0.67194,0.98925,0.01073,0.00001,0.00001
1.00000,0.67194,0.98055,0.01941,0.00001,0.00003
1.05000,0.67194,0.98092,0.01893,0.00001,0.00013
1.10000,0.67194,0.93112,0.06869,0.00007,0.00012
1.15000,0.67194,0.89026,0.10889,0.00028,0.00057
1.20000,0.67194,0.83202,0.16750,0.00032,0.00016
1.25000,0.67194,0.89995,0.09968,0.00035,0.00002
1.30000,0.67194,0.95152,0.04828,0.00020,0.00001
1.35000,0.67194,0.97157,0.02835,0.00008,0.00000
1.40000,0.67194,0.99526,0.00470,0.00004,0.00000
1.45000,0.67194,0.99509,0.00488,0.00001,0.00002
1.50000,0.67194,0.99403,0.00595,0.00000,0.00002
1.55000,0.67194,0.99645,0.00334,0.00000,0.00020
1.60000,0.67194,0.99860,0.00125,0.00000,0.00014
1.65000,0.67194,0.99864,0.00132,0.00000,0.00004
1.70000,0.67194,0.99975,0.00023,0.00000,0.00002
1.75000,0.67194,0.99967,0.00028,0.00000,0.00005
1.80000,0.67194,0.99956,0.00015,0.00001,0.00028
1.85000,0.67194,0.99953,0.00027,0.00000,0.00019
1.90000,0.67194,0.99803,0.00034,0.00000,0.00163
1.95000,0.67194,0.99923,0.00008,0.00003,0.00066
2.00000,0.67194,0.98675,0.00012,0.00080,0.01232
2.05000,0.67194,0.98761,0.00022,0.00072,0.01144
2.10000,0.67194,0.96250,0.00041,0.00048,0.03661
2.15000,0.67194,0.96058,0.00039,0.00100,0.03803
2.20000,0.67194,0.96690,0.00010,0.00032,0.03267
2.25000,0.67194,0.94518,0.00049,0.00117,0.05316
2.30000,0.67194,0.91332,0.00031,0.00257,0.08380
2.35000,0.67194,0.95115,0.00007,0.00204,0.04674
2.40000,0.67194,0.94224,0.00020,0.00204,0.05551
2.45000,0.67194,0.97999,0.00003,0.00140,0.01858
2.50000,0.67194,0.88804,0.00007,0.00107,0.11082
2.55000,0.67194,0.99557,0.00003,0.00113,0.00327
2.60000,0.67194,0.99057,0.00007,0.00020,0.00916
2.65000,0.67194,0.99939,0.00013,0.00026,0.00023
2.70000,0.67194,0.99235,0.00016,0.00008,0.00740
2.75000,0.67194,0.99829,0.00026,0.00011,0.00135
2.80000,0.67194,0.99831,0.00005,0.00003,0.00161
2.85000,0.67194,0.99925,0.00018,0.00003,0.00054
2.90000,0.67194,0.99895,0.00024,0.00000,0.00081
2.95000,0.67194,0.99970,0.00009,0.00001,0.00020
3.00000,0.67194,0.99693,0.00015,0.00001,0.00291
3.05000,0.67194,0.99887,0.00006,0.00004,0.00102
3.10000,0.67194,0.99899,0.00023,0.00000,0.00079
3.15000,0.67194,0.99534,0.00162,0.00000,0.00304
3.20000,0.67194,0.99762,0.00128,0.00001,0.00109
3.25000,0.67194,0.98567,0.00484,0.00001,0.00947
3.30000,0.67194,0.95392,0.02750,0.00002,0.01856
3.35000,0.67194,0.94183,0.05198,0.00016,0.00603
3.40000,0.67194,0.96581,0.03172,0.00007,0.00240
3.45000,0.67194,0.88191,0.10182,0.00011,0.01616
3.50000,0.67194,0.97853,0.01555,0.00002,0.00589
3.55000,0.67194,0.91992,0.06864,0.00067,0.01077
3.60000,0.67194,0.93215,0.06694,0.00002,0.00090
3.65000,0.67194,0.94065,0.05453,0.00008,0.00473
3.70000,0.67194,0.96112,0.03592,0.00039,0.00257
3.75000,0.67194,0.99377,0.00565,0.00024,0.00034
3.80000,0.67194,0.99481,0.00279,0.00025,0.00216
3.85000,0.67194,0.99908,0.00081,0.00002,0.00009
3.90000,0.67194,0.99296,0.00556,0.00000,0.00147
3.95000,0.67194,0.99531,0.00407,0.00000,0.00062
4.00000,0.67194,0.99901,0.00083,0.00000,0.00016
4.05000,0.67194,0.99424,0.00399,0.00010,0.00168
4.10000,0.67194,0.98265,0.01411,0.00001,0.00323
4.15000,0.67194,0.99317,0.00585,0.00001,0.00097
4.20000,0.67194,0.95428,0.01096,0.00013,0.03462
4.25000,0.67194,0.94612,0.03978,0.00001,0.01409
4.30000,0.67194,0.95342,0.03124,0.00026,0.01508
4.35000,0.67194,0.90126,0.09435,0.00008,0.00431
4.40000,0.67194,0.89363,0.10580,0.00011,0.00046
4.45000,0.67194,0.74895,0.22308,0.00105,0.02691
4.50000,0.67194,0.90511,0.07200,0.00084,0.02205
4.55000,0.67194,0.96827,0.01322,0.00006,0.01845
4.60000,0.67194,0.87636,0.05461,0.00000,0.06903
4.65000,0.67194,0.63051,0.01883,0.00018,0.35048
4.70000,0.67194,0.70847,0.05679,0.00002,0.23472
4.75000,0.67194,0.80835,0.05283,0.00001,0.13882
4.80000,0.67194,0.82484,0.14728,0.00025,0.02762
4.85000,0.67194,0.59230,0.40480,0.00094,0.00197
4.90000,0.67194,0.95438,0.04193,0.00014,0.00355
4.95000,0.67194,0.89197,0.10709,0.00020,0.00074
5.00000,0.67194,0.91984,0.07845,0.00138,0.00033
5.05000,0.67194,0.79748,0.18374,0.01834,0.00043
5.10000,0.67194,0.27564,0.71642,0.00699,0.00095
5.15000,0.67194,0.35391,0.53750,0.10778,0.00081
5.20000,0.67194,0.27654,0.70529,0.01787,0.00030
5.25000,0.67194,0.29233,0.56315,0.14436,0.00017
5.30000,0.67194,0.34346,0.60628,0.05019,0.00007
5.35000,0.67194,0.12746,0.86893,0.00359,0.00002
5.40000,0.67194,0.11453,0.85499,0.03047,0.00001
5.45000,0.67194,0.09819,0.87628,0.02534,0.00019
5.50000,0.67194,0.06350,0.93325,0.00159,0.00166
5.55000,0.67194,0.07768,0.89494,0.00184,0.02555
5.60000,0.67194,0.09955,0.88970,0.00150,0.00924
5.65000,0.67194,0.04425,0.95498,0.00008,0.00069
5.70000,0.67194,0.06197,0.93782,0.00005,0.00016
5.75000,0.67194,0.10894,0.88970,0.00090,0.00047
5.80000,0.67194,0.09927,0.90010,0.00044,0.00018
5.85000,0.67194,0.16905,0.82852,0.00217,0.00026
5.90000,0.67194,0.10447,0.89482,0.00067,0.00004
5.95000,0.67194,0.11213,0.88597,0.00187,0.00003
6.00000,0.67194,0.12592,0.87100,0.00304,0.00004
6.05000,0.67194,0.10344,0.89357,0.00297,0.00003
6.10000,0.67194,0.11322,0.87240,0.01437,0.00002
6.15000,0.67194,0.04936,0.94854,0.00210,0.00000
6.20000,0.67194,0.04140,0.91581,0.04279,0.00000
6.25000,0.67194,0.02217,0.96743,0.01041,0.00000
6.30000,0.67194,0.00765,0.98814,0.00420,0.00000
6.35000,0.67194,0.00547,0.98834,0.00619,0.00000
6.40000,0.67194,0.00485,0.99168,0.00347,0.00000
6.45000,0.67194,0.00632,0.98199,0.01169,0.00000
6.50000,0.67194,0.01023,0.98085,0.00892,0.00000
6.55000,0.67194,0.02137,0.96706,0.01157,0.00000
6.60000,0.67194,0.03209,0.94827,0.01961,0.00003
6.65000,0.67194,0.04035,0.95070,0.00894,0.00001
6.70000,0.67194,0.11834,0.86778,0.01387,0.00001
6.75000,0.67194,0.08714,0.90912,0.00373,0.00000
6.80000,0.67194,0.59465,0.36113,0.04420,0.00001
6.85000,0.67194,0.86600,0.13123,0.00274,0.00003
6.90000,0.67194,0.82805,0.16809,0.00350,0.00036
6.95000,0.67194,0.95954,0.04041,0.00004,0.00001
7.00000,0.67194,0.99729,0.00256,0.00001,0.00014
7.05000,0.67194,0.99632,0.00365,0.00002,0.00001
7.10000,0.67194,0.99919,0.00078,0.00000,0.00003
7.15000,0.67194,0.99854,0.00144,0.00000,0.00002
7.20000,0.67194,0.99966,0.00027,0.00000,0.00007
7.25000,0.67194,0.99923,0.00076,0.00000,0.00001
7.30000,0.67194,0.99988,0.00011,0.00000,0.00001
7.35000,0.67194,0.99971,0.00028,0.00000,0.00000
7.40000,0.67194,0.99936,0.00064,0.00000,0.00000
7.45000,0.67194,0.99917,0.00082,0.00000,0.00001
7.50000,0.67194,0.99973,0.00027,0.00000,0.00001
7.55000,0.67194,0.99907,0.00091,0.00000,0.00002
7.60000,0.67194,0.99721,0.00278,0.00000,0.00001
7.65000,0.67194,0.99882,0.00096,0.00000,0.00022
7.70000,0.67194,0.99422,0.00576,0.00000,0.00002
7.75000,0.67194,0.98623,0.01363,0.00000,0.00014
7.80000,0.67194,0.98254,0.01737,0.00000,0.00010
7.85000,0.67194,0.93800,0.06057,0.00000,0.00143
7.90000,0.67194,0.90791,0.09182,0.00000,0.00027
7.95000,0.67194,0.60344,0.39610,0.00001,0.00046
8.00000,0.67194,0.59772,0.40206,0.00001,0.00021
8.05000,0.67194,0.75923,0.22778,0.00003,0.01296
8.10000,0.67194,0.53432,0.46480,0.00018,0.00070
8.15000,0.67194,0.53382,0.46453,0.00092,0.00073
8.20000,0.67194,0.16451,0.83524,0.00001,0.00023
8.25000,0.67194,0.46523,0.53446,0.00015,0.00016
8.30000,0.67194,0.48231,0.51711,0.00044,0.00013
8.35000,0.67194,0.53402,0.46585,0.00011,0.00002
8.40000,0.67194,0.74055,0.25931,0.00014,0.00001
8.45000,0.67194,0.74022,0.25937,0.00036,0.00005
8.50000,0.67194,0.88549,0.11360,0.00089,0.00003
8.55000,0.67194,0.95808,0.04160,0.00025,0.00008
8.60000,0.67194,0.99767,0.00225,0.00002,0.00006
8.65000,0.67194,0.99623,0.00371,0.00002,0.00003
8.70000,0.67194,0.99924,0.00073,0.00001,0.00002
8.75000,0.67194,0.99987,0.00010,0.00000,0.00002
8.80000,0.67194,0.99972,0.00019,0.00002,0.00007
8.85000,0.67194,0.99975,0.00008,0.00001,0.00016
8.90000,0.67194,0.99995,0.00002,0.00000,0.00003
8.95000,0.67194,0.99812,0.00071,0.00000,0.00117
9.00000,0.67194,0.99886,0.00102,0.00000,0.00011
9.05000,0.67194,0.99690,0.00126,0.00004,0.00179
9.10000,0.67194,0.98641,0.01055,0.00002,0.00302
9.15000,0.67194,0.97115,0.02086,0.00001,0.00798
9.20000,0.67194,0.92781,0.07083,0.00005,0.00132
9.25000,0.67194,0.85016,0.14454,0.00065,0.00466
9.30000,0.67194,0.87207,0.12214,0.00010,0.00568
9.35000,0.67194,0.46632,0.52865,0.00021,0.00483
9.40000,0.67194,0.42113,0.57697,0.00080,0.00110
9.45000,0.67194,0.37398,0.62390,0.00019,0.00194
9.50000,0.67194,0.46410,0.52985,0.00026,0.00579
9.55000,0.67194,0.52586,0.47186,0.00144,0.00085
9.60000,0.67194,0.76505,0.22593,0.00017,0.00884
9.65000,0.67194,0.81684,0.18208,0.00006,0.00102
9.70000,0.67194,0.88242,0.11577,0.00015,0.00166
9.75000,0.67194,0.97519,0.02267,0.00007,0.00207
9.80000,0.67194,0.97953,0.00499,0.00042,0.01507
9.85000,0.67194,0.99291,0.00136,0.00006,0.00567
9.90000,0.67194,0.99385,0.00045,0.00022,0.00548
9.95000,0.67194,0.98716,0.00040,0.00006,0.01237
10.00000,0.67194,0.98252,0.00009,0.00005,0.01734
10.05000,0.67194,0.95501,0.00083,0.00003,0.04414
10.10000,0.67194,0.99360,0.00022,0.00001,0.00617
10.15000,0.67194,0.97172,0.00096,0.00001,0.02731
10.20000,0.67194,0.96597,0.00835,0.00005,0.02563
10.25000,0.67194,0.99302,0.00681,0.00005,0.00012
10.30000,0.67194,0.96661,0.03247,0.00047,0.00045
10.35000,0.67194,0.94407,0.05538,0.00049,0.00005
10.40000,0.67194,0.94376,0.05533,0.00082,0.00009
10.45000,0.67194,0.83795,0.15708,0.00497,0.00001
10.50000,0.67194,0.76864,0.22866,0.00269,0.00001
10.55000,0.67194,0.82663,0.16266,0.01070,0.00001
10.60000,0.67194,0.48887,0.44816,0.06296,0.00001
10.65000,0.67194,0.13431,0.85196,0.01373,0.00000
10.70000,0.67194,0.10552,0.86704,0.02744,0.00000
10.75000,0.67194,0.10067,0.88479,0.01454,0.00000
10.80000,0.67194,0.14548,0.84237,0.01210,0.00004
10.85000,0.67194,0.08223,0.91492,0.00198,0.00086
10.90000,0.67194,0.08017,0.91539,0.00300,0.00144
10.95000,0.67194,0.18839,0.80076,0.00274,0.00812
11.00000,0.67194,0.14218,0.84946,0.00071,0.00764
11.05000,0.67194,0.08577,0.91264,0.00052,0.00107
11.10000,0.67194,0.04859,0.95040,0.00005,0.00096
11.15000,0.67194,0.04726,0.95160,0.00102,0.00012
11.20000,0.67194,0.05089,0.94869,0.00030,0.00012
11.25000,0.67194,0.13153,0.86532,0.00309,0.00005
11.30000,0.67194,0.45059,0.53043,0.01891,0.00007
11.35000,0.67194,0.19780,0.79995,0.00217,0.00008
11.40000,0.67194,0.44877,0.54181,0.00921,0.00021
11.45000,0.67194,0.67896,0.29032,0.02679,0.00394
11.50000,0.67194,0.89232,0.09534,0.01207,0.00026
11.55000,0.67194,0.96166,0.03277,0.00481,0.00076
11.60000,0.67194,0.96750,0.02807,0.00431,0.00012
11.65000,0.67194,0.99824,0.00160,0.00016,0.00001
11.70000,0.67194,0.99843,0.00133,0.00002,0.00021
11.75000,0.67194,0.99942,0.00043,0.00010,0.00005
11.80000,0.67194,0.99960,0.00008,0.00001,0.00030
11.85000,0.67194,0.99952,0.00011,0.00000,0.00037
11.90000,0.67194,0.99986,0.00001,0.00000,0.00012
11.95000,0.67194,0.99966,0.00006,0.00001,0.00027
12.00000,0.67194,0.99965,0.00002,0.00000,0.00033
12.05000,0.67194,0.99990,0.00002,0.00000,0.00008
12.10000,0.67194,0.99919,0.00006,0.00000,0.00075
12.15000,0.67194,0.99907,0.00019,0.00000,0.00074
12.20000,0.67194,0.99846,0.00019,0.00001,0.00134
12.25000,0.67194,0.99892,0.00083,0.00000,0.00025
12.30000,0.67194,0.99666,0.00185,0.00001,0.00149
12.35000,0.67194,0.96460,0.03445,0.00001,0.00094
12.40000,0.67194,0.98584,0.01280,0.00005,0.00131
12.45000,0.67194,0.94543,0.04942,0.00020,0.00494
12.50000,0.67194,0.82346,0.17443,0.00003,0.00208
12.55000,0.67194,0.75265,0.18197,0.00012,0.06526
12.60000,0.67194,0.23324,0.76314,0.00010,0.00352
12.65000,0.67194,0.13037,0.86270,0.00007,0.00686
12.70000,0.67194,0.17687,0.78069,0.00025,0.04219
12.75000,0.67194,0.16712,0.70369,0.00019,0.12901
12.80000,0.67194,0.16198,0.76417,0.00010,0.07375
12.85000,0.67194,0.06086,0.91045,0.00010,0.02859
12.90000,0.67194,0.06187,0.93271,0.00022,0.00520
12.95000,0.67194,0.05507,0.94207,0.00031,0.00255
13.00000,0.67194,0.09316,0.90562,0.00032,0.00090
13.05000,0.67194,0.10099,0.89622,0.00269,0.00009
13.10000,0.67194,0.14055,0.84208,0.01736,0.00001
13.15000,0.67194,0.13476,0.85194,0.01330,0.00000
13.20000,0.67194,0.06368,0.91393,0.02239,0.00000
13.25000,0.67194,0.08163,0.87877,0.03960,0.00000
13.30000,0.67194,0.07273,0.91450,0.01278,0.00000
13.35000,0.67194,0.05064,0.94032,0.00904,0.00000
13.40000,0.67194,0.04833,0.92412,0.02755,0.00000
13.45000,0.67194,0.06045,0.87977,0.05977,0.00000
13.50000,0.67194,0.05762,0.85673,0.08565,0.00000
13.55000,0.67194,0.03822,0.95621,0.00557,0.00000
13.60000,0.67194,0.08669,0.82311,0.09020,0.00000
13.65000,0.67194,0.05180,0.94024,0.00795,0.00001
13.70000,0.67194,0.15180,0.77986,0.06678,0.00157
13.75000,0.67194,0.08226,0.89783,0.01873,0.00118
13.80000,0.67194,0.08823,0.89854,0.01259,0.00063
13.85000,0.67194,0.06928,0.89153,0.03912,0.00007
13.90000,0.67194,0.17092,0.80198,0.02699,0.00011
13.95000,0.67194,0.19415,0.75882,0.04696,0.00007
14.00000,0.67194,0.41686,0.53772,0.03823,0.00719
14.05000,0.67194,0.64482,0.34459,0.00331,0.00729
14.10000,0.67194,0.89763,0.09864,0.00315,0.00058
14.15000,0.67194,0.85233,0.14729,0.00021,0.00017
14.20000,0.67194,0.94959,0.04966,0.00028,0.00047
14.25000,0.67194,0.98852,0.01127,0.00013,0.00008
14.30000,0.67194,0.99592,0.00406,0.00001,0.00001
14.35000,0.67194,0.98927,0.01072,0.00001,0.00001
14.40000,0.67194,0.99813,0.00185,0.00000,0.00002
14.45000,0.67194,0.99646,0.00352,0.00000,0.00001
14.50000,0.67194,0.99875,0.00123,0.00000,0.00002
14.55000,0.67194,0.99961,0.00035,0.00000,0.00004
14.60000,0.67194,0.99973,0.00019,0.00000,0.00008
14.65000,0.67194,0.99974,0.00023,0.00000,0.00003
14.70000,0.67194,0.99961,0.00038,0.00000,0.00001
14.75000,0.67194,0.99972,0.00025,0.00000,0.00003
14.80000,0.67194,0.99955,0.00044,0.00000,0.00001
14.85000,0.67194,0.99972,0.00028,0.00000,0.00000
14.90000,0.67194,0.99960,0.00039,0.00000,0.00000
14.95000,0.67194,0.99904,0.00095,0.00000,0.00000
15.00000,0.67194,0.99961,0.00038,0.00000,0.00000
15.05000,0.67194,0.99821,0.00169,0.00000,0.00010
15.10000,0.67194,0.99863,0.00134,0.00000,0.00002
15.15000,0.67194,0.99769,0.00227,0.00000,0.00004
15.20000,0.67194,0.99489,0.00503,0.00000,0.00008
15.25000,0.67194,0.97694,0.02303,0.00002,0.00001
15.30000,0.67194,0.98590,0.01409,0.00000,0.00000
15.35000,0.67194,0.93709,0.06290,0.00001,0.00000
15.40000,0.67194,0.94194,0.05795,0.00011,0.00001
15.45000,0.67194,0.79672,0.20325,0.00003,0.00000
15.50000,0.67194,0.41712,0.58282,0.00005,0.00001
15.55000,0.67194,0.17216,0.82783,0.00000,0.00000
15.60000,0.67194,0.05920,0.94080,0.00000,0.00000
15.65000,0.67194,0.11240,0.88757,0.00002,0.00000
15.70000,0.67194,0.02163,0.97837,0.00001,0.00000
15.75000,0.67194,0.12484,0.87495,0.00021,0.00000
15.80000,0.67194,0.07979,0.91987,0.00034,0.00000
15.85000,0.67194,0.09304,0.90673,0.00023,0.00000
15.90000,0.67194,0.41546,0.57268,0.01185,0.00000
15.95000,0.67194,0.21416,0.78523,0.00061,0.00000
16.00000,0.67194,0.65431,0.34533,0.00033,0.00004
16.05000,0.67194,0.62031,0.37934,0.00035,0.00000
16.10000,0.67194,0.84869,0.15073,0.00058,0.00000
16.15000,0.67194,0.96572,0.03391,0.00037,0.00000
16.20000,0.67194,0.99523,0.00413,0.00064,0.00000
16.25000,0.67194,0.99732,0.00259,0.00009,0.00000
16.30000,0.67194,0.99909,0.00088,0.00002,0.00000
16.35000,0.67194,0.99925,0.00071,0.00003,0.00001
16.40000,0.67194,0.99822,0.00173,0.00001,0.00005
16.45000,0.67194,0.99880,0.00118,0.00001,0.00001
16.50000,0.67194,0.99367,0.00629,0.00003,0.00001
16.55000,0.67194,0.94423,0.05573,0.00004,0.00000
16.60000,0.67194,0.96924,0.03048,0.00028,0.00001
16.65000,0.67194,0.91784,0.08177,0.00039,0.00001
16.70000,0.67194,0.61998,0.37862,0.00139,0.00000
16.75000,0.67194,0.35448,0.62612,0.01940,0.00000
16.80000,0.67194,0.18974,0.80823,0.00203,0.00000
16.85000,0.67194,0.04888,0.94775,0.00337,0.00000
16.90000,0.67194,0.07102,0.89745,0.03153,0.00000
16.95000,0.67194,0.17586,0.75263,0.07150,0.00001
17.00000,0.67194,0.26666,0.70569,0.02762,0.00002
17.05000,0.67194,0.54957,0.31351,0.13691,0.00001
17.10000,0.67194,0.79660,0.13369,0.06869,0.00102
17.15000,0.67194,0.83947,0.11668,0.04347,0.00038
17.20000,0.67194,0.92864,0.06811,0.00233,0.00092
17.25000,0.67194,0.97779,0.00994,0.01184,0.00043
17.30000,0.67194,0.95703,0.00551,0.00412,0.03334
17.35000,0.67194,0.98978,0.00130,0.00112,0.00779
17.40000,0.67194,0.98598,0.00080,0.00058,0.01265
17.45000,0.67194,0.99428,0.00028,0.00050,0.00494
17.50000,0.67194,0.98588,0.00094,0.00005,0.01312
17.55000,0.67194,0.99809,0.00034,0.00001,0.00156
17.60000,0.67194,0.98395,0.00852,0.00001,0.00751
17.65000,0.67194,0.99423,0.00486,0.00005,0.00086
17.70000,0.67194,0.98467,0.01489,0.00019,0.00025
17.75000,0.67194,0.97919,0.02067,0.00012,0.00002
17.80000,0.67194,0.97843,0.02114,0.00039,0.00004
17.85000,0.67194,0.91198,0.08774,0.00025,0.00002
17.90000,0.67194,0.89236,0.10647,0.00115,0.00002
17.95000,0.67194,0.52293,0.47680,0.00027,0.00000
18.00000,0.67194,0.52539,0.47373,0.00087,0.00001
18.05000,0.67194,0.42715,0.57190,0.00094,0.00001
18.10000,0.67194,0.39679,0.60300,0.00021,0.00000
18.15000,0.67194,0.40802,0.59064,0.00134,0.00000
18.20000,0.67194,0.69415,0.30353,0.00230,0.00002
18.25000,0.67194,0.95234,0.04697,0.00022,0.00047
18.30000,0.67194,0.98810,0.01070,0.00054,0.00066
18.35000,0.67194,0.99589,0.00343,0.00002,0.00066
18.40000,0.67194,0.99683,0.00249,0.00001,0.00067
18.45000,0.67194,0.99177,0.00363,0.00000,0.00460
18.50000,0.67194,0.99470,0.00157,0.00000,0.00373
18.55000,0.67194,0.96857,0.00897,0.00000,0.02246
18.60000,0.67194,0.99483,0.00332,0.00000,0.00185
18.65000,0.67194,0.98052,0.01004,0.00001,0.00943
18.70000,0.67194,0.84723,0.01057,0.00001,0.14219
18.75000,0.67194,0.94247,0.02602,0.00002,0.03149
18.80000,0.67194,0.89832,0.05382,0.00045,0.04741
18.85000,0.67194,0.88195,0.07010,0.00058,0.04737
18.90000,0.67194,0.71092,0.15167,0.00278,0.13462
18.95000,0.67194,0.54179,0.12963,0.02224,0.30634
19.00000,0.67194,0.16427,0.31211,0.02466,0.49896
19.05000,0.67194,0.27263,0.38371,0.04783,0.29583
19.10000,0.67194,0.23295,0.38220,0.20045,0.18439
19.15000,0.67194,0.25142,0.31479,0.35584,0.07795
19.20000,0.67194,0.32685,0.48833,0.13237,0.05245
19.25000,0.67194,0.16792,0.79243,0.03072,0.00894
19.30000,0.67194,0.08801,0.88732,0.02346,0.00120
19.35000,0.67194,0.12575,0.83653,0.03751,0.00021
19.40000,0.67194,0.06805,0.90031,0.03161,0.00004
19.45000,0.67194,0.16662,0.77260,0.06049,0.00028
19.50000,0.67194,0.08698,0.89701,0.01595,0.00006
19.55000,0.67194,0.20945,0.55986,0.23069,0.00000
19.60000,0.67194,0.13092,0.82145,0.04763,0.00000
19.65000,0.67194,0.30552,0.34629,0.34818,0.00001
19.70000,0.67194,0.23343,0.57407,0.19249,0.00001
19.75000,0.67194,0.16959,0.62697,0.20344,0.00000
19.80000,0.67194,0.18498,0.47608,0.33892,0.00002
19.85000,0.67194,0.25250,0.47562,0.27184,0.00003
19.90000,0.67194,0.61470,0.32081,0.06427,0.00022
19.95000,0.67194,0.93225,0.02109,0.04654,0.00012
20.00000,0.67194,0.95232,0.02027,0.01123,0.01617
20.05000,0.67194,0.97975,0.00347,0.00567,0.01110
20.10000,0.67194,0.96632,0.00062,0.00024,0.03283
20.15000,0.67194,0.99425,0.00047,0.00028,0.00501
20.20000,0.67194,0.97729,0.00026,0.00019,0.02227
20.25000,0.67194,0.98406,0.00013,0.00002,0.01579
20.30000,0.67194,0.99932,0.00010,0.00004,0.00055
20.35000,0.67194,0.99418,0.00032,0.00000,0.00549
20.40000,0.67194,0.99911,0.00039,0.00000,0.00050
20.45000,0.67194,0.99938,0.00048,0.00000,0.00014
20.50000,0.67194,0.99944,0.00052,0.00000,0.00003
20.55000,0.67194,0.99880,0.00110,0.00000,0.00010
20.60000,0.67194,0.99857,0.00141,0.00000,0.00001
20.65000,0.67194,0.99908,0.00087,0.00000,0.00005
20.70000,0.67194,0.99938,0.00060,0.00000,0.00002
20.75000,0.67194,0.99940,0.00057,0.00000,0.00003
20.80000,0.67194,0.99857,0.00143,0.00000,0.00000
20.85000,0.67194,0.99895,0.00103,0.00000,0.00002
20.90000,0.67194,0.98509,0.01489,0.00002,0.00000
20.95000,0.67194,0.99260,0.00739,0.00000,0.00000
21.00000,0.67194,0.99713,0.00265,0.00020,0.00001
21.05000,0.67194,0.99808,0.00190,0.00001,0.00001
21.10000,0.67194,0.99372,0.00343,0.00015,0.00270
21.15000,0.67194,0.99881,0.00066,0.00010,0.00043
21.20000,0.67194,0.99702,0.00131,0.00005,0.00163
21.25000,0.67194,0.99061,0.00065,0.00075,0.00799
21.30000,0.67194,0.99873,0.00083,0.00020,0.00025
21.35000,0.67194,0.99164,0.00036,0.00015,0.00785
21.40000,0.67194,0.99888,0.00017,0.00044,0.00050
21.45000,0.67194,0.97829,0.00013,0.00005,0.02153
21.50000,0.67194,0.95498,0.00011,0.00000,0.04491
21.55000,0.67194,0.96937,0.00023,0.00001,0.03039
21.60000,0.67194,0.98124,0.00014,0.00002,0.01861
21.65000,0.67194,0.99963,0.00031,0.00002,0.00005
21.70000,0.67194,0.99841,0.00140,0.00008,0.00011
21.75000,0.67194,0.99814,0.00154,0.00023,0.00009
21.80000,0.67194,0.99527,0.00460,0.00013,0.00000
21.85000,0.67194,0.99391,0.00560,0.00049,0.00001
21.90000,0.67194,0.98070,0.01610,0.00319,0.00001
21.95000,0.67194,0.66110,0.33489,0.00399,0.00001
22.00000,0.67194,0.71393,0.27108,0.01492,0.00007
22.05000,0.67194,0.26496,0.70979,0.02524,0.00000
22.10000,0.67194,0.13556,0.78683,0.07760,0.00001
22.15000,0.67194,0.13785,0.64335,0.21880,0.00000
22.20000,0.67194,0.07930,0.47195,0.44875,0.00000
22.25000,0.67194,0.15065,0.69111,0.15823,0.00001
22.30000,0.67194,0.10255,0.85699,0.04044,0.00002
22.35000,0.67194,0.08902,0.89439,0.01658,0.00001
22.40000,0.67194,0.05132,0.94643,0.00219,0.00006
22.45000,0.67194,0.05256,0.94506,0.00225,0.00013
22.50000,0.67194,0.23597,0.72026,0.04346,0.00030
22.55000,0.67194,0.16703,0.79659,0.03559,0.00079
22.60000,0.67194,0.13236,0.86241,0.00522,0.00001
22.65000,0.67194,0.42708,0.55111,0.02178,0.00003
22.70000,0.67194,0.67921,0.31164,0.00906,0.00009
22.75000,0.67194,0.87573,0.12041,0.00274,0.00111
22.80000,0.67194,0.94202,0.05573,0.00048,0.00178
22.85000,0.67194,0.98770,0.00873,0.00349,0.00007
22.90000,0.67194,0.99561,0.00409,0.00030,0.00000
22.95000,0.67194,0.99821,0.00089,0.00085,0.00005
23.00000,0.67194,0.99958,0.00026,0.00006,0.00010
23.05000,0.67194,0.99968,0.00009,0.00004,0.00019
23.10000,0.67194,0.99970,0.00009,0.00000,0.00021
23.15000,0.67194,0.99972,0.00008,0.00006,0.00014
23.20000,0.67194,0.99980,0.00012,0.00000,0.00008
23.25000,0.67194,0.99909,0.00005,0.00001,0.00085
23.30000,0.67194,0.99719,0.00020,0.00000,0.00261
23.35000,0.67194,0.99746,0.00028,0.00000,0.00225
23.40000,0.67194,0.99289,0.00034,0.00000,0.00677
23.45000,0.67194,0.98734,0.00098,0.00000,0.01168
23.50000,0.67194,0.96294,0.00125,0.00000,0.03581
23.55000,0.67194,0.91595,0.01037,0.00000,0.07369
23.60000,0.67194,0.84382,0.09983,0.00000,0.05636
23.65000,0.67194,0.83751,0.08118,0.00000,0.08132
23.70000,0.67194,0.81586,0.17697,0.00000,0.00717
23.75000,0.67194,0.70173,0.24256,0.00000,0.05571
23.80000,0.67194,0.46010,0.53899,0.00000,0.00091
23.85000,0.67194,0.89360,0.10596,0.00000,0.00044
23.90000,0.67194,0.94976,0.05019,0.00000,0.00005
23.95000,0.67194,0.99060,0.00932,0.00000,0.00009
24.00000,0.67194,0.99560,0.00437,0.00000,0.00003
24.05000,0.67194,0.99417,0.00581,0.00000,0.00002
24.10000,0.67194,0.98662,0.01338,0.00000,0.00000
24.15000,0.67194,0.99885,0.00114,0.00000,0.00001
24.20000,0.67194,0.99969,0.00031,0.00000,0.00000
24.25000,0.67194,0.99982,0.00017,0.00000,0.00001
24.30000,0.67194,0.99983,0.00013,0.00000,0.00004
24.35000,0.67194,0.99991,0.00001,0.00000,0.00008
24.40000,0.67194,0.99989,0.00004,0.00000,0.00006
24.45000,0.67194,0.99992,0.00003,0.00000,0.00005
24.50000,0.67194,0.99984,0.00001,0.00000,0.00015
24.55000,0.67194,0.99966,0.00005,0.00000,0.00029
24.60000,0.67194,0.99947,0.00007,0.00000,0.00045
24.65000,0.67194,0.99867,0.00013,0.00000,0.00119
24.70000,0.67194,0.99639,0.00038,0.00000,0.00323
24.75000,0.67194,0.99058,0.00014,0.00000,0.00928
24.80000,0.67194,0.99897,0.00010,0.00000,0.00093
24.85000,0.67194,0.99943,0.00019,0.00000,0.00039
24.90000,0.67194,0.99864,0.00124,0.00000,0.00012
24.95000,0.67194,0.99494,0.00503,0.00000,0.00004
25.00000,0.67194,0.99243,0.00757,0.00000,0.00001
25.05000,0.67194,0.99406,0.00590,0.00001,0.00003
25.10000,0.67194,0.96398,0.03601,0.00001,0.00000
25.15000,0.67194,0.96347,0.03651,0.00001,0.00002
25.20000,0.67194,0.87420,0.12575,0.00002,0.00002
25.25000,0.67194,0.80095,0.19888,0.00001,0.00015
25.30000,0.67194,0.81630,0.18352,0.00013,0.00006
25.35000,0.67194,0.62863,0.37084,0.00041,0.00012
25.40000,0.67194,0.37638,0.62285,0.00060,0.00017
25.45000,0.67194,0.62777,0.37019,0.00201,0.00003
25.50000,0.67194,0.96300,0.03665,0.00031,0.00004
25.55000,0.67194,0.93774,0.06138,0.00022,0.00066
25.60000,0.67194,0.98564,0.00652,0.00005,0.00780
25.65000,0.67194,0.99673,0.00092,0.00001,0.00234
25.70000,0.67194,0.99922,0.00022,0.00001,0.00055
25.75000,0.67194,0.99975,0.00018,0.00000,0.00007
25.80000,0.67194,0.99957,0.00037,0.00000,0.00005
25.85000,0.67194,0.99917,0.00081,0.00000,0.00002
25.90000,0.67194,0.99854,0.00127,0.00000,0.00020
25.95000,0.67194,0.99940,0.00043,0.00000,0.00017
26.00000,0.67194,0.99329,0.00057,0.00000,0.00614
26.05000,0.67194,0.97208,0.00479,0.00002,0.02311
26.10000,0.67194,0.95614,0.00167,0.00002,0.04217
26.15000,0.67194,0.96958,0.00968,0.00024,0.02051
26.20000,0.67194,0.91349,0.08061,0.00089,0.00501
26.25000,0.67194,0.81271,0.18235,0.00196,0.00297
26.30000,0.67194,0.82849,0.10774,0.00470,0.05907
26.35000,0.67194,0.78091,0.19719,0.00459,0.01731
26.40000,0.67194,0.69924,0.29599,0.00321,0.00156
26.45000,0.67194,0.75012,0.24008,0.00816,0.00164
26.50000,0.67194,0.94666,0.04989,0.00213,0.00131
26.55000,0.67194,0.99418,0.00196,0.00013,0.00373
26.60000,0.67194,0.99525,0.00445,0.00022,0.00007
26.65000,0.67194,0.99748,0.00238,0.00006,0.00008
26.70000,0.67194,0.99904,0.00056,0.00001,0.00039
26.75000,0.67194,0.99389,0.00086,0.00000,0.00525
26.80000,0.67194,0.99801,0.00034,0.00000,0.00165
26.85000,0.67194,0.99277,0.00317,0.00001,0.00406
26.90000,0.67194,0.98462,0.00325,0.00001,0.01212
26.95000,0.67194,0.99468,0.00346,0.00001,0.00184
27.00000,0.67194,0.96131,0.03105,0.00063,0.00702
27.05000,0.67194,0.95692,0.03180,0.00035,0.01093
27.10000,0.67194,0.75331,0.23532,0.00803,0.00334
27.15000,0.67194,0.73531,0.23871,0.02556,0.00042
27.20000,0.67194,0.45576,0.52459,0.01785,0.00180
27.25000,0.67194,0.63177,0.33276,0.03533,0.00014
27.30000,0.67194,0.70078,0.12480,0.17356,0.00086
27.35000,0.67194,0.91210,0.02755,0.06026,0.00008
27.40000,0.67194,0.88534,0.02119,0.09311,0.00036
27.45000,0.67194,0.96228,0.00843,0.02926,0.00003
27.50000,0.67194,0.99088,0.00134,0.00745,0.00032
27.55000,0.67194,0.97891,0.00033,0.02074,0.00003
27.60000,0.67194,0.99770,0.00010,0.00162,0.00059
27.65000,0.67194,0.99484,0.00009,0.00493,0.00015
27.70000,0.67194,0.99488,0.00006,0.00087,0.00418
27.75000,0.67194,0.99849,0.00001,0.00014,0.00136
27.80000,0.67194,0.98616,0.00009,0.00030,0.01344
27.85000,0.67194,0.92407,0.00009,0.00016,0.07568
27.90000,0.67194,0.98858,0.00027,0.00012,0.01102
27.95000,0.67194,0.99555,0.00125,0.00135,0.00184
28.00000,0.67194,0.86955,0.00100,0.00258,0.12687
28.05000,0.67194,0.97925,0.00837,0.00859,0.00378
28.10000,0.67194,0.94836,0.02983,0.01595,0.00586
28.15000,0.67194,0.95514,0.02253,0.02042,0.00190
28.20000,0.67194,0.96653,0.02525,0.00700,0.00122
28.25000,0.67194,0.97938,0.01016,0.01007,0.00040
28.30000,0.67194,0.97137,0.00599,0.02259,0.00005
28.35000,0.67194,0.91016,0.02042,0.06938,0.00004
28.40000,0.67194,0.97094,0.01789,0.01102,0.00014
28.45000,0.67194,0.98700,0.00318,0.00981,0.00001
28.50000,0.67194,0.99484,0.00073,0.00440,0.00003
28.55000,0.67194,0.99955,0.00020,0.00011,0.00014
28.60000,0.67194,0.99855,0.00102,0.00042,0.00001
28.65000,0.67194,0.99826,0.00137,0.00036,0.00001
28.70000,0.67194,0.99828,0.00134,0.00034,0.00004
28.75000,0.67194,0.99624,0.00255,0.00118,0.00004
28.80000,0.67194,0.98552,0.01288,0.00159,0.00001
28.85000,0.67194,0.95938,0.00597,0.00063,0.03401
28.90000,0.67194,0.97780,0.01869,0.00320,0.00032
28.95000,0.67194,0.96621,0.02978,0.00328,0.00073
29.00000,0.67194,0.95387,0.03448,0.01117,0.00048
29.05000,0.67194,0.74500,0.21146,0.04337,0.00016
29.10000,0.67194,0.67094,0.11702,0.21176,0.00027
29.15000,0.67194,0.84744,0.10000,0.05242,0.00014
29.20000,0.67194,0.85070,0.13446,0.01464,0.00019
29.25000,0.67194,0.86320,0.01961,0.11697,0.00021
29.30000,0.67194,0.98607,0.00821,0.00561,0.00010
29.35000,0.67194,0.99469,0.00121,0.00410,0.00000
29.40000,0.67194,0.99848,0.00068,0.00084,0.00000
29.45000,0.67194,0.99670,0.00268,0.00062,0.00000
29.50000,0.67194,0.98286,0.01675,0.00039,0.00000
29.55000,0.67194,0.99761,0.00232,0.00006,0.00001
29.60000,0.67194,0.99692,0.00289,0.00018,0.00000
29.65000,0.67194,0.95197,0.04802,0.00001,0.00001
29.70000,0.67194,0.92166,0.07832,0.00001,0.00001
29.75000,0.67194,0.88656,0.11344,0.00001,0.00000
29.80000,0.67194,0.79982,0.20018,0.00000,0.00000
29.85000,0.67194,0.58437,0.41562,0.00001,0.00000
29.90000,0.67194,0.48912,0.51087,0.00001,0.00000
29.95000,0.67194,0.38436,0.61563,0.00001,0.00000
30.00000,0.67194,0.72712,0.27273,0.00015,0.00000
30.05000,0.67194,0.75321,0.24676,0.00003,0.00000
30.10000,0.67194,0.91650,0.08347,0.00001,0.00003
30.15000,0.67194,0.91689,0.08305,0.00001,0.00005
30.20000,0.67194,0.61955,0.38044,0.00001,0.00000
30.25000,0.67194,0.70871,0.29128,0.00000,0.00001
30.30000,0.67194,0.81592,0.18407,0.00001,0.00000
30.35000,0.67194,0.89885,0.10113,0.00001,0.00001
30.40000,0.67194,0.75433,0.24524,0.00000,0.00043
30.45000,0.67194,0.87714,0.12271,0.00000,0.00014
30.50000,0.67194,0.98479,0.01508,0.00000,0.00013
30.55000,0.67194,0.97793,0.02193,0.00000,0.00014
30.60000,0.67194,0.95587,0.04408,0.00000,0.00005
30.65000,0.67194,0.95782,0.04216,0.00000,0.00002
30.70000,0.67194,0.93953,0.06041,0.00000,0.00006
30.75000,0.67194,0.96432,0.03568,0.00000,0.00000
30.80000,0.67194,0.92334,0.07666,0.00000,0.00000
30.85000,0.67194,0.99233,0.00766,0.00000,0.00000
30.90000,0.67194,0.99248,0.00752,0.00000,0.00000
