Time (seconds), Duration (seconds),pred_unlabelled,pred_sirens
0.00000,1.01194,0.99954,0.00046
0.12000,1.01194,0.99881,0.00119
0.24000,1.01194,0.99681,0.00319
0.36000,1.01194,0.99727,0.00273
0.48000,1.01194,0.99067,0.00933
0.60000,1.01194,0.99299,0.00701
0.72000,1.01194,0.98677,0.01323
0.84000,1.01194,0.99452,0.00548
0.96000,1.01194,0.99096,0.00904
1.08000,1.01194,0.98767,0.01233
1.20000,1.01194,0.99280,0.00720
1.32000,1.01194,0.99520,0.00480
1.44000,1.01194,0.99444,0.00556
1.56000,1.01194,0.99472,0.00528
1.68000,1.01194,0.99100,0.00900
1.80000,1.01194,0.99062,0.00938
1.92000,1.01194,0.97306,0.02694
2.04000,1.01194,0.97136,0.02864
2.16000,1.01194,0.98152,0.01848
2.28000,1.01194,0.97780,0.02220
2.40000,1.01194,0.98039,0.01961
2.52000,1.01194,0.92006,0.07994
2.64000,1.01194,0.97014,0.02986
2.76000,1.01194,0.95618,0.04382
2.88000,1.01194,0.98353,0.01647
3.00000,1.01194,0.97607,0.02393
3.12000,1.01194,0.95618,0.04382
3.24000,1.01194,0.96662,0.03338
3.36000,1.01194,0.98213,0.01787
3.48000,1.01194,0.97237,0.02763
3.60000,1.01194,0.98077,0.01923
3.72000,1.01194,0.96847,0.03153
3.84000,1.01194,0.98689,0.01311
3.96000,1.01194,0.94432,0.05568
4.08000,1.01194,0.99080,0.00920
4.20000,1.01194,0.97364,0.02636
4.32000,1.01194,0.97750,0.02250
4.44000,1.01194,0.89215,0.10785
4.56000,1.01194,0.97184,0.02816
4.68000,1.01194,0.94989,0.05011
4.80000,1.01194,0.95652,0.04348
4.92000,1.01194,0.97382,0.02618
5.04000,1.01194,0.85275,0.14725
5.16000,1.01194,0.96503,0.03497
5.28000,1.01194,0.82868,0.17132
5.40000,1.01194,0.87436,0.12564
5.52000,1.01194,0.59911,0.40089
5.64000,1.01194,0.89681,0.10319
5.76000,1.01194,0.67321,0.32679
5.88000,1.01194,0.85715,0.14285
6.00000,1.01194,0.84520,0.15480
6.12000,1.01194,0.88685,0.11315
6.24000,1.01194,0.87689,0.12311
6.36000,1.01194,0.69140,0.30860
6.48000,1.01194,0.91017,0.08983
6.60000,1.01194,0.86019,0.13981
6.72000,1.01194,0.95600,0.04400
6.84000,1.01194,0.83333,0.16667
6.96000,1.01194,0.96079,0.03921
7.08000,1.01194,0.92801,0.07199
7.20000,1.01194,0.95766,0.04234
7.32000,1.01194,0.96823,0.03177
7.44000,1.01194,0.96808,0.03192
7.56000,1.01194,0.95396,0.04604
7.68000,1.01194,0.96247,0.03753
7.80000,1.01194,0.97471,0.02529
7.92000,1.01194,0.96422,0.03578
8.04000,1.01194,0.94470,0.05530
8.16000,1.01194,0.88580,0.11420
8.28000,1.01194,0.88711,0.11289
8.40000,1.01194,0.86356,0.13644
8.52000,1.01194,0.79358,0.20642
8.64000,1.01194,0.89990,0.10010
8.76000,1.01194,0.73576,0.26424
8.88000,1.01194,0.79543,0.20457
9.00000,1.01194,0.78945,0.21055
9.12000,1.01194,0.92849,0.07151
9.24000,1.01194,0.90820,0.09180
9.36000,1.01194,0.89732,0.10268
9.48000,1.01194,0.95057,0.04943
9.60000,1.01194,0.96450,0.03550
9.72000,1.01194,0.96822,0.03178
9.84000,1.01194,0.96294,0.03706
9.96000,1.01194,0.95474,0.04526
10.08000,1.01194,0.95222,0.04778
10.20000,1.01194,0.90983,0.09017
10.32000,1.01194,0.85967,0.14033
10.44000,1.01194,0.63820,0.36180
10.56000,1.01194,0.63823,0.36177
10.68000,1.01194,0.64270,0.35730
10.80000,1.01194,0.73549,0.26451
10.92000,1.01194,0.76576,0.23424
11.04000,1.01194,0.74003,0.25997
11.16000,1.01194,0.82684,0.17316
11.28000,1.01194,0.77735,0.22265
11.40000,1.01194,0.76733,0.23267
11.52000,1.01194,0.76627,0.23374
11.64000,1.01194,0.78057,0.21943
11.76000,1.01194,0.77805,0.22195
11.88000,1.01194,0.70161,0.29839
12.00000,1.01194,0.81327,0.18673
12.12000,1.01194,0.78252,0.21748
12.24000,1.01194,0.70205,0.29795
12.36000,1.01194,0.89410,0.10590
12.48000,1.01194,0.95567,0.04433
12.60000,1.01194,0.92382,0.07618
12.72000,1.01194,0.97329,0.02671
12.84000,1.01194,0.93266,0.06734
12.96000,1.01194,0.98918,0.01082
13.08000,1.01194,0.87090,0.12910
13.20000,1.01194,0.97144,0.02856
13.32000,1.01194,0.86255,0.13745
13.44000,1.01194,0.97317,0.02683
13.56000,1.01194,0.88644,0.11356
13.68000,1.01194,0.95709,0.04291
13.80000,1.01194,0.78016,0.21984
13.92000,1.01194,0.88251,0.11749
14.04000,1.01194,0.80860,0.19140
14.16000,1.01194,0.85594,0.14406
14.28000,1.01194,0.81237,0.18763
14.40000,1.01194,0.78524,0.21476
14.52000,1.01194,0.65008,0.34992
14.64000,1.01194,0.73063,0.26937
14.76000,1.01194,0.78871,0.21129
14.88000,1.01194,0.83217,0.16783
15.00000,1.01194,0.63263,0.36737
15.12000,1.01194,0.73761,0.26239
15.24000,1.01194,0.58940,0.41060
15.36000,1.01194,0.58512,0.41488
15.48000,1.01194,0.63728,0.36272
15.60000,1.01194,0.60303,0.39697
15.72000,1.01194,0.61636,0.38364
15.84000,1.01194,0.58903,0.41097
15.96000,1.01194,0.84793,0.15207
16.08000,1.01194,0.73883,0.26117
16.20000,1.01194,0.83521,0.16479
16.32000,1.01194,0.83252,0.16748
16.44000,1.01194,0.88121,0.11879
16.56000,1.01194,0.89587,0.10413
16.68000,1.01194,0.82848,0.17152
16.80000,1.01194,0.88073,0.11927
16.92000,1.01194,0.93654,0.06346
17.04000,1.01194,0.86651,0.13349
17.16000,1.01194,0.94120,0.05880
17.28000,1.01194,0.93345,0.06655
17.40000,1.01194,0.94099,0.05901
17.52000,1.01194,0.75260,0.24740
17.64000,1.01194,0.94382,0.05618
17.76000,1.01194,0.87161,0.12839
17.88000,1.01194,0.98254,0.01746
18.00000,1.01194,0.85400,0.14600
18.12000,1.01194,0.87843,0.12157
18.24000,1.01194,0.93854,0.06146
18.36000,1.01194,0.92909,0.07091
18.48000,1.01194,0.90656,0.09344
18.60000,1.01194,0.95064,0.04936
18.72000,1.01194,0.92815,0.07185
18.84000,1.01194,0.86519,0.13481
18.96000,1.01194,0.90288,0.09712
19.08000,1.01194,0.92635,0.07365
19.20000,1.01194,0.92320,0.07680
19.32000,1.01194,0.77460,0.22540
19.44000,1.01194,0.78903,0.21097
19.56000,1.01194,0.65674,0.34326
19.68000,1.01194,0.72334,0.27666
19.80000,1.01194,0.57726,0.42274
19.92000,1.01194,0.43087,0.56913
20.04000,1.01194,0.73730,0.26270
20.16000,1.01194,0.63245,0.36755
20.28000,1.01194,0.84840,0.15160
20.40000,1.01194,0.52666,0.47334
20.52000,1.01194,0.65370,0.34630
20.64000,1.01194,0.50342,0.49658
20.76000,1.01194,0.52231,0.47769
20.88000,1.01194,0.33752,0.66248
21.00000,1.01194,0.57296,0.42704
21.12000,1.01194,0.36125,0.63875
21.24000,1.01194,0.83333,0.16667
21.36000,1.01194,0.84655,0.15345
21.48000,1.01194,0.84811,0.15189
21.60000,1.01194,0.90785,0.09215
21.72000,1.01194,0.93916,0.06084
21.84000,1.01194,0.87978,0.12022
21.96000,1.01194,0.77951,0.22049
22.08000,1.01194,0.88303,0.11697
22.20000,1.01194,0.86683,0.13317
22.32000,1.01194,0.83882,0.16118
22.44000,1.01194,0.63180,0.36820
22.56000,1.01194,0.86365,0.13635
22.68000,1.01194,0.73029,0.26971
22.80000,1.01194,0.70488,0.29512
22.92000,1.01194,0.82902,0.17098
23.04000,1.01194,0.71728,0.28272
23.16000,1.01194,0.79741,0.20259
23.28000,1.01194,0.81136,0.18864
23.40000,1.01194,0.71674,0.28326
23.52000,1.01194,0.89277,0.10723
23.64000,1.01194,0.75946,0.24054
23.76000,1.01194,0.94608,0.05392
23.88000,1.01194,0.92547,0.07453
24.00000,1.01194,0.96325,0.03675
24.12000,1.01194,0.91311,0.08689
24.24000,1.01194,0.92723,0.07277
24.36000,1.01194,0.90797,0.09203
24.48000,1.01194,0.90759,0.09241
24.60000,1.01194,0.97811,0.02189
24.72000,1.01194,0.88533,0.11467
24.84000,1.01194,0.91527,0.08473
24.96000,1.01194,0.88118,0.11882
25.08000,1.01194,0.89848,0.10152
25.20000,1.01194,0.75350,0.24650
25.32000,1.01194,0.72102,0.27898
25.44000,1.01194,0.85404,0.14596
25.56000,1.01194,0.81532,0.18468
25.68000,1.01194,0.81105,0.18895
25.80000,1.01194,0.81813,0.18187
25.92000,1.01194,0.68890,0.31110
26.04000,1.01194,0.66995,0.33005
26.16000,1.01194,0.80214,0.19786
26.28000,1.01194,0.51262,0.48738
26.40000,1.01194,0.75077,0.24923
26.52000,1.01194,0.56778,0.43222
26.64000,1.01194,0.76007,0.23993
26.76000,1.01194,0.78956,0.21044
26.88000,1.01194,0.83368,0.16632
27.00000,1.01194,0.73886,0.26114
27.12000,1.01194,0.83276,0.16724
27.24000,1.01194,0.91222,0.08778
27.36000,1.01194,0.83633,0.16367
27.48000,1.01194,0.87712,0.12288
27.60000,1.01194,0.76588,0.23412
27.72000,1.01194,0.90839,0.09161
27.84000,1.01194,0.85678,0.14322
27.96000,1.01194,0.91865,0.08135
28.08000,1.01194,0.82335,0.17665
28.20000,1.01194,0.90614,0.09386
28.32000,1.01194,0.39321,0.60679
28.44000,1.01194,0.78702,0.21298
28.56000,1.01194,0.57763,0.42237
28.68000,1.01194,0.82501,0.17499
28.80000,1.01194,0.37361,0.62639
28.92000,1.01194,0.82739,0.17261
29.04000,1.01194,0.55922,0.44078
29.16000,1.01194,0.92807,0.07193
29.28000,1.01194,0.86783,0.13217
29.40000,1.01194,0.77928,0.22072
29.52000,1.01194,0.82428,0.17572
29.64000,1.01194,0.92169,0.07831
29.76000,1.01194,0.78438,0.21562
29.88000,1.01194,0.86893,0.13107
30.00000,1.01194,0.58407,0.41593
30.12000,1.01194,0.90434,0.09566
30.24000,1.01194,0.69163,0.30837
30.36000,1.01194,0.68195,0.31805
30.48000,1.01194,0.85594,0.14406
30.60000,1.01194,0.70952,0.29048
30.72000,1.01194,0.83916,0.16084
30.84000,1.01194,0.86600,0.13400
30.96000,1.01194,0.83814,0.16186
31.08000,1.01194,0.56844,0.43156
31.20000,1.01194,0.79145,0.20855
31.32000,1.01194,0.67511,0.32489
31.44000,1.01194,0.81685,0.18315
31.56000,1.01194,0.56875,0.43125
31.68000,1.01194,0.52108,0.47892
31.80000,1.01194,0.84964,0.15036
31.92000,1.01194,0.85699,0.14301
32.04000,1.01194,0.79333,0.20667
32.16000,1.01194,0.81477,0.18523
32.28000,1.01194,0.91886,0.08114
32.40000,1.01194,0.80742,0.19258
32.52000,1.01194,0.87790,0.12210
32.64000,1.01194,0.65582,0.34418
32.76000,1.01194,0.47708,0.52292
32.88000,1.01194,0.79927,0.20073
33.00000,1.01194,0.72233,0.27767
33.12000,1.01194,0.74740,0.25260
33.24000,1.01194,0.36020,0.63980
33.36000,1.01194,0.85323,0.14677
33.48000,1.01194,0.79103,0.20897
33.60000,1.01194,0.82137,0.17863
33.72000,1.01194,0.91642,0.08358
33.84000,1.01194,0.85809,0.14191
33.96000,1.01194,0.79538,0.20462
34.08000,1.01194,0.92103,0.07897
34.20000,1.01194,0.95730,0.04270
34.32000,1.01194,0.80794,0.19206
34.44000,1.01194,0.87471,0.12529
34.56000,1.01194,0.82221,0.17779
34.68000,1.01194,0.89387,0.10613
34.80000,1.01194,0.72962,0.27038
34.92000,1.01194,0.75317,0.24683
35.04000,1.01194,0.38319,0.61681
35.16000,1.01194,0.68048,0.31952
35.28000,1.01194,0.19078,0.80922
35.40000,1.01194,0.44279,0.55721
35.52000,1.01194,0.25413,0.74587
35.64000,1.01194,0.39616,0.60384
35.76000,1.01194,0.57544,0.42456
35.88000,1.01194,0.58122,0.41878
36.00000,1.01194,0.70907,0.29093
36.12000,1.01194,0.73454,0.26546
36.24000,1.01194,0.86357,0.13643
36.36000,1.01194,0.77653,0.22347
36.48000,1.01194,0.82652,0.17348
36.60000,1.01194,0.92485,0.07515
36.72000,1.01194,0.74068,0.25932
36.84000,1.01194,0.89179,0.10821
36.96000,1.01194,0.40408,0.59592
37.08000,1.01194,0.84273,0.15727
37.20000,1.01194,0.69937,0.30063
37.32000,1.01194,0.92345,0.07655
37.44000,1.01194,0.82518,0.17482
37.56000,1.01194,0.88102,0.11898
37.68000,1.01194,0.69879,0.30121
37.80000,1.01194,0.91576,0.08424
37.92000,1.01194,0.84545,0.15455
38.04000,1.01194,0.87604,0.12396
38.16000,1.01194,0.76017,0.23983
38.28000,1.01194,0.88150,0.11850
38.40000,1.01194,0.87557,0.12443
38.52000,1.01194,0.82628,0.17372
38.64000,1.01194,0.87267,0.12733
38.76000,1.01194,0.83389,0.16611
38.88000,1.01194,0.90859,0.09141
39.00000,1.01194,0.89993,0.10007
39.12000,1.01194,0.94388,0.05612
39.24000,1.01194,0.88046,0.11954
39.36000,1.01194,0.85686,0.14314
39.48000,1.01194,0.90026,0.09974
39.60000,1.01194,0.92765,0.07235
39.72000,1.01194,0.94469,0.05531
39.84000,1.01194,0.94124,0.05876
39.96000,1.01194,0.95623,0.04377
40.08000,1.01194,0.90645,0.09355
40.20000,1.01194,0.95033,0.04967
40.32000,1.01194,0.87405,0.12595
40.44000,1.01194,0.96328,0.03672
40.56000,1.01194,0.86457,0.13543
40.68000,1.01194,0.93070,0.06930
40.80000,1.01194,0.84633,0.15367
40.92000,1.01194,0.96222,0.03778
41.04000,1.01194,0.92696,0.07304
41.16000,1.01194,0.95269,0.04731
41.28000,1.01194,0.90335,0.09665
41.40000,1.01194,0.92430,0.07570
41.52000,1.01194,0.87915,0.12085
41.64000,1.01194,0.74995,0.25005
41.76000,1.01194,0.83578,0.16422
41.88000,1.01194,0.78244,0.21756
42.00000,1.01194,0.90314,0.09686
42.12000,1.01194,0.74712,0.25288
42.24000,1.01194,0.82731,0.17269
42.36000,1.01194,0.63789,0.36211
42.48000,1.01194,0.59391,0.40609
42.60000,1.01194,0.67053,0.32947
42.72000,1.01194,0.65288,0.34712
42.84000,1.01194,0.59084,0.40916
42.96000,1.01194,0.83655,0.16345
43.08000,1.01194,0.73892,0.26108
43.20000,1.01194,0.79886,0.20114
43.32000,1.01194,0.49856,0.50144
43.44000,1.01194,0.77229,0.22771
43.56000,1.01194,0.55773,0.44227
43.68000,1.01194,0.75330,0.24670
43.80000,1.01194,0.78518,0.21482
43.92000,1.01194,0.83312,0.16688
44.04000,1.01194,0.70512,0.29488
44.16000,1.01194,0.97403,0.02597
44.28000,1.01194,0.93773,0.06227
44.40000,1.01194,0.96030,0.03970
44.52000,1.01194,0.94908,0.05092
44.64000,1.01194,0.97236,0.02764
44.76000,1.01194,0.93761,0.06239
44.88000,1.01194,0.97817,0.02183
45.00000,1.01194,0.90859,0.09141
45.12000,1.01194,0.92151,0.07849
45.24000,1.01194,0.90912,0.09088
45.36000,1.01194,0.83039,0.16961
45.48000,1.01194,0.87052,0.12948
45.60000,1.01194,0.81402,0.18598
45.72000,1.01194,0.82506,0.17494
45.84000,1.01194,0.77070,0.22930
45.96000,1.01194,0.92254,0.07746
46.08000,1.01194,0.80611,0.19389
46.20000,1.01194,0.85025,0.14975
46.32000,1.01194,0.77169,0.22831
46.44000,1.01194,0.91473,0.08527
46.56000,1.01194,0.88393,0.11607
46.68000,1.01194,0.95962,0.04038
46.80000,1.01194,0.87794,0.12206
46.92000,1.01194,0.89428,0.10572
47.04000,1.01194,0.92015,0.07985
47.16000,1.01194,0.84781,0.15219
47.28000,1.01194,0.86029,0.13971
47.40000,1.01194,0.59268,0.40732
47.52000,1.01194,0.76897,0.23103
47.64000,1.01194,0.72378,0.27622
47.76000,1.01194,0.71724,0.28276
47.88000,1.01194,0.78430,0.21570
48.00000,1.01194,0.78684,0.21316
48.12000,1.01194,0.72816,0.27184
48.24000,1.01194,0.83952,0.16048
48.36000,1.01194,0.80883,0.19117
48.48000,1.01194,0.76888,0.23112
48.60000,1.01194,0.72729,0.27271
48.72000,1.01194,0.82018,0.17982
48.84000,1.01194,0.76317,0.23683
48.96000,1.01194,0.87418,0.12582
49.08000,1.01194,0.70892,0.29108
49.20000,1.01194,0.81437,0.18563
49.32000,1.01194,0.70713,0.29287
49.44000,1.01194,0.88662,0.11338
49.56000,1.01194,0.77123,0.22877
49.68000,1.01194,0.75340,0.24660
49.80000,1.01194,0.86024,0.13976
49.92000,1.01194,0.86654,0.13346
50.04000,1.01194,0.87392,0.12608
50.16000,1.01194,0.83968,0.16032
50.28000,1.01194,0.91611,0.08389
50.40000,1.01194,0.92369,0.07631
50.52000,1.01194,0.96100,0.03900
50.64000,1.01194,0.95181,0.04819
50.76000,1.01194,0.96793,0.03207
50.88000,1.01194,0.91847,0.08153
51.00000,1.01194,0.96803,0.03197
51.12000,1.01194,0.93378,0.06622
51.24000,1.01194,0.96269,0.03731
51.36000,1.01194,0.85534,0.14466
51.48000,1.01194,0.87213,0.12787
51.60000,1.01194,0.94505,0.05495
51.72000,1.01194,0.86443,0.13557
51.84000,1.01194,0.87373,0.12627
51.96000,1.01194,0.84924,0.15076
52.08000,1.01194,0.94479,0.05521
52.20000,1.01194,0.96284,0.03716
52.32000,1.01194,0.92850,0.07150
52.44000,1.01194,0.96239,0.03761
52.56000,1.01194,0.96583,0.03417
52.68000,1.01194,0.94684,0.05316
52.80000,1.01194,0.96015,0.03985
52.92000,1.01194,0.94011,0.05989
53.04000,1.01194,0.97393,0.02607
53.16000,1.01194,0.88138,0.11862
53.28000,1.01194,0.92667,0.07333
53.40000,1.01194,0.94229,0.05771
53.52000,1.01194,0.92316,0.07684
53.64000,1.01194,0.97020,0.02980
53.76000,1.01194,0.96468,0.03532
53.88000,1.01194,0.95508,0.04492
54.00000,1.01194,0.96884,0.03116
54.12000,1.01194,0.93639,0.06361
54.24000,1.01194,0.98073,0.01927
54.36000,1.01194,0.91239,0.08761
54.48000,1.01194,0.96636,0.03364
54.60000,1.01194,0.90525,0.09475
54.72000,1.01194,0.94519,0.05481
54.84000,1.01194,0.85280,0.14720
54.96000,1.01194,0.93636,0.06364
55.08000,1.01194,0.87741,0.12259
55.20000,1.01194,0.97368,0.02632
55.32000,1.01194,0.84988,0.15012
55.44000,1.01194,0.94514,0.05486
55.56000,1.01194,0.96952,0.03048
55.68000,1.01194,0.92572,0.07428
55.80000,1.01194,0.85919,0.14081
55.92000,1.01194,0.87129,0.12871
56.04000,1.01194,0.91341,0.08659
56.16000,1.01194,0.72886,0.27114
56.28000,1.01194,0.83147,0.16853
56.40000,1.01194,0.37763,0.62237
56.52000,1.01194,0.87400,0.12600
56.64000,1.01194,0.49183,0.50817
56.76000,1.01194,0.87699,0.12301
56.88000,1.01194,0.70302,0.29698
57.00000,1.01194,0.85492,0.14508
57.12000,1.01194,0.90677,0.09323
57.24000,1.01194,0.91271,0.08729
57.36000,1.01194,0.65941,0.34059
57.48000,1.01194,0.97652,0.02348
57.60000,1.01194,0.90339,0.09661
57.72000,1.01194,0.80670,0.19330
57.84000,1.01194,0.74810,0.25190
57.96000,1.01194,0.89428,0.10572
58.08000,1.01194,0.92953,0.07047
58.20000,1.01194,0.73967,0.26032
58.32000,1.01194,0.89013,0.10987
58.44000,1.01194,0.94182,0.05818
58.56000,1.01194,0.86216,0.13784
58.68000,1.01194,0.92791,0.07209
58.80000,1.01194,0.84051,0.15949
58.92000,1.01194,0.85205,0.14795
59.04000,1.01194,0.86580,0.13420
59.16000,1.01194,0.90792,0.09208
59.28000,1.01194,0.88218,0.11782
59.40000,1.01194,0.89510,0.10490
59.52000,1.01194,0.90916,0.09084
59.64000,1.01194,0.93814,0.06186
59.76000,1.01194,0.87510,0.12490
59.88000,1.01194,0.87513,0.12487
60.00000,1.01194,0.94631,0.05369
60.12000,1.01194,0.85702,0.14298
60.24000,1.01194,0.87884,0.12116
60.36000,1.01194,0.95381,0.04619
60.48000,1.01194,0.93682,0.06318
60.60000,1.01194,0.93544,0.06456
60.72000,1.01194,0.93193,0.06807
60.84000,1.01194,0.81040,0.18960
60.96000,1.01194,0.93964,0.06036
61.08000,1.01194,0.88203,0.11798
61.20000,1.01194,0.88702,0.11298
61.32000,1.01194,0.94790,0.05210
61.44000,1.01194,0.93329,0.06671
61.56000,1.01194,0.94655,0.05345
61.68000,1.01194,0.70498,0.29502
61.80000,1.01194,0.85849,0.14151
61.92000,1.01194,0.76106,0.23894
62.04000,1.01194,0.68302,0.31698
62.16000,1.01194,0.80986,0.19014
62.28000,1.01194,0.82545,0.17455
62.40000,1.01194,0.87494,0.12506
62.52000,1.01194,0.84900,0.15100
62.64000,1.01194,0.97144,0.02856
62.76000,1.01194,0.96209,0.03791
62.88000,1.01194,0.94358,0.05642
63.00000,1.01194,0.94913,0.05087
63.12000,1.01194,0.91550,0.08450
63.24000,1.01194,0.97168,0.02832
63.36000,1.01194,0.95297,0.04703
63.48000,1.01194,0.86531,0.13469
63.60000,1.01194,0.92137,0.07863
63.72000,1.01194,0.78490,0.21510
63.84000,1.01194,0.76491,0.23509
63.96000,1.01194,0.70541,0.29459
64.08000,1.01193,0.90589,0.09411
64.20000,1.01194,0.94269,0.05731
64.32000,1.01194,0.97429,0.02571
64.44000,1.01193,0.97220,0.02780
64.56000,1.01194,0.97510,0.02490
64.68000,1.01194,0.95919,0.04081
64.80000,1.01193,0.99520,0.00480
64.92000,1.01194,0.96311,0.03689
65.04000,1.01194,0.98764,0.01236
65.16000,1.01193,0.95009,0.04991
65.28000,1.01194,0.98556,0.01444
65.40000,1.01193,0.82751,0.17249
65.52000,1.01194,0.96693,0.03307
65.64000,1.01194,0.87958,0.12042
65.76000,1.01193,0.96124,0.03876
65.88000,1.01194,0.94289,0.05711
66.00000,1.01194,0.96837,0.03163
66.12000,1.01193,0.92952,0.07048
66.24000,1.01194,0.88195,0.11805
66.36000,1.01194,0.90795,0.09205
66.48000,1.01193,0.97134,0.02866
66.60000,1.01194,0.84694,0.15306
66.72000,1.01194,0.88359,0.11641
66.84000,1.01194,0.66842,0.33158
66.96000,1.01194,0.94740,0.05260
67.08000,1.01193,0.86285,0.13715
67.20000,1.01194,0.96322,0.03678
67.32000,1.01194,0.97453,0.02547
67.44000,1.01193,0.98111,0.01889
67.56000,1.01194,0.99194,0.00806
67.68000,1.01194,0.96586,0.03414
67.80000,1.01193,0.98491,0.01509
67.92000,1.01194,0.98303,0.01697
68.04000,1.01194,0.98526,0.01474
68.16000,1.01193,0.98939,0.01061
68.28000,1.01194,0.94976,0.05024
68.40000,1.01193,0.98058,0.01942
68.52000,1.01194,0.89710,0.10290
68.64000,1.01194,0.96488,0.03512
68.76000,1.01193,0.88515,0.11485
68.88000,1.01194,0.85659,0.14341
69.00000,1.01194,0.82360,0.17640
69.12000,1.01193,0.93933,0.06067
69.24000,1.01194,0.91776,0.08224
69.36000,1.01194,0.95045,0.04955
69.48000,1.01193,0.98088,0.01912
69.60000,1.01194,0.99035,0.00965
69.72000,1.01194,0.99017,0.00983
69.84000,1.01194,0.98997,0.01003
69.96000,1.01194,0.98000,0.02000
70.08000,1.01193,0.98697,0.01303
70.20000,1.01194,0.98366,0.01634
70.32000,1.01194,0.99011,0.00989
70.44000,1.01193,0.94848,0.05152
70.56000,1.01194,0.98068,0.01932
70.68000,1.01194,0.98248,0.01752
70.80000,1.01193,0.99342,0.00658
70.92000,1.01194,0.97119,0.02881
71.04000,1.01194,0.95511,0.04489
71.16000,1.01193,0.98383,0.01617
71.28000,1.01194,0.90196,0.09804
71.40000,1.01193,0.93887,0.06113
71.52000,1.01194,0.83817,0.16183
71.64000,1.01194,0.96618,0.03382
71.76000,1.01193,0.84607,0.15393
71.88000,1.01194,0.96346,0.03654
72.00000,1.01194,0.84605,0.15395
72.12000,1.01193,0.98708,0.01292
72.24000,1.01194,0.96088,0.03912
72.36000,1.01194,0.98263,0.01737
72.48000,1.01193,0.96859,0.03141
72.60000,1.01194,0.97871,0.02129
72.72000,1.01194,0.97751,0.02249
72.84000,1.01194,0.94321,0.05679
72.96000,1.01194,0.93232,0.06768
73.08000,1.01193,0.94722,0.05278
73.20000,1.01194,0.93989,0.06011
73.32000,1.01194,0.93102,0.06898
73.44000,1.01193,0.96122,0.03878
73.56000,1.01194,0.87223,0.12777
73.68000,1.01194,0.95952,0.04048
73.80000,1.01193,0.91737,0.08263
73.92000,1.01194,0.96777,0.03223
74.04000,1.01194,0.76043,0.23957
74.16000,1.01193,0.96632,0.03368
74.28000,1.01194,0.95732,0.04268
74.40000,1.01193,0.95582,0.04418
74.52000,1.01194,0.89050,0.10950
74.64000,1.01194,0.87744,0.12256
74.76000,1.01193,0.60067,0.39933
74.88000,1.01194,0.73212,0.26788
75.00000,1.01194,0.53958,0.46042
75.12000,1.01193,0.43674,0.56326
75.24000,1.01194,0.84761,0.15239
75.36000,1.01194,0.80417,0.19583
75.48000,1.01193,0.86647,0.13353
75.60000,1.01194,0.77318,0.22682
75.72000,1.01194,0.91495,0.08505
75.84000,1.01194,0.74892,0.25108
75.96000,1.01194,0.72985,0.27015
76.08000,1.01193,0.66021,0.33979
76.20000,1.01194,0.62117,0.37883
76.32000,1.01194,0.80126,0.19874
76.44000,1.01193,0.86217,0.13783
76.56000,1.01194,0.89837,0.10163
76.68000,1.01194,0.94445,0.05555
76.80000,1.01193,0.91144,0.08856
76.92000,1.01194,0.80880,0.19120
77.04000,1.01194,0.93257,0.06743
77.16000,1.01193,0.95964,0.04036
77.28000,1.01194,0.95730,0.04270
77.40000,1.01193,0.93974,0.06026
77.52000,1.01194,0.96155,0.03845
77.64000,1.01194,0.97066,0.02934
77.76000,1.01193,0.97390,0.02610
77.88000,1.01194,0.97099,0.02901
78.00000,1.01194,0.92408,0.07592
78.12000,1.01193,0.97476,0.02524
78.24000,1.01194,0.88600,0.11400
78.36000,1.01194,0.98384,0.01616
78.48000,1.01193,0.82772,0.17228
78.60000,1.01194,0.92256,0.07744
78.72000,1.01194,0.89520,0.10480
78.84000,1.01194,0.87376,0.12624
78.96000,1.01194,0.65565,0.34435
79.08000,1.01193,0.48591,0.51409
79.20000,1.01194,0.68590,0.31410
79.32000,1.01194,0.88183,0.11817
79.44000,1.01193,0.83543,0.16457
79.56000,1.01194,0.87420,0.12580
79.68000,1.01194,0.95911,0.04089
79.80000,1.01193,0.87222,0.12778
79.92000,1.01194,0.93803,0.06197
80.04000,1.01194,0.90709,0.09291
80.16000,1.01193,0.95522,0.04478
80.28000,1.01194,0.95486,0.04514
80.40000,1.01193,0.94734,0.05266
80.52000,1.01194,0.77144,0.22856
80.64000,1.01194,0.79878,0.20122
80.76000,1.01193,0.89047,0.10953
80.88000,1.01194,0.80730,0.19270
81.00000,1.01194,0.86869,0.13131
81.12000,1.01193,0.88602,0.11398
81.24000,1.01194,0.64393,0.35607
81.36000,1.01194,0.73921,0.26079
81.48000,1.01193,0.81887,0.18113
81.60000,1.01194,0.66972,0.33028
81.72000,1.01194,0.71264,0.28736
81.84000,1.01194,0.59384,0.40616
81.96000,1.01194,0.75863,0.24137
82.08000,1.01193,0.82686,0.17314
82.20000,1.01194,0.78276,0.21724
82.32000,1.01194,0.69152,0.30848
82.44000,1.01193,0.90684,0.09316
82.56000,1.01194,0.90765,0.09235
82.68000,1.01194,0.94401,0.05599
82.80000,1.01193,0.91989,0.08011
82.92000,1.01194,0.92282,0.07718
83.04000,1.01194,0.86495,0.13505
83.16000,1.01193,0.89963,0.10037
83.28000,1.01194,0.84843,0.15157
83.40000,1.01193,0.57942,0.42058
83.52000,1.01194,0.86340,0.13660
83.64000,1.01194,0.79089,0.20911
83.76000,1.01193,0.81186,0.18814
83.88000,1.01194,0.89997,0.10003
84.00000,1.01194,0.97075,0.02925
84.12000,1.01193,0.93811,0.06189
84.24000,1.01194,0.82754,0.17246
84.36000,1.01194,0.83363,0.16637
84.48000,1.01193,0.72586,0.27414
84.60000,1.01194,0.79892,0.20108
84.72000,1.01194,0.81315,0.18685
84.84000,1.01194,0.84092,0.15908
84.96000,1.01194,0.81432,0.18568
85.08000,1.01193,0.72562,0.27438
85.20000,1.01194,0.80799,0.19201
85.32000,1.01194,0.81933,0.18067
85.44000,1.01193,0.76704,0.23296
85.56000,1.01194,0.22425,0.77575
85.68000,1.01194,0.80782,0.19218
85.80000,1.01193,0.50916,0.49084
85.92000,1.01194,0.57178,0.42822
86.04000,1.01194,0.72057,0.27943
86.16000,1.01193,0.82974,0.17026
86.28000,1.01194,0.67281,0.32719
86.40000,1.01193,0.84819,0.15181
86.52000,1.01194,0.81477,0.18523
86.64000,1.01194,0.77948,0.22052
86.76000,1.01193,0.57466,0.42534
86.88000,1.01194,0.90119,0.09881
87.00000,1.01194,0.85897,0.14103
87.12000,1.01193,0.71630,0.28370
87.24000,1.01194,0.94059,0.05941
87.36000,1.01194,0.88514,0.11486
87.48000,1.01193,0.79960,0.20040
87.60000,1.01194,0.57025,0.42975
87.72000,1.01194,0.70049,0.29951
87.84000,1.01194,0.67082,0.32918
87.96000,1.01194,0.69957,0.30043
88.08000,1.01193,0.59292,0.40708
88.20000,1.01194,0.54840,0.45160
88.32000,1.01194,0.80173,0.19827
88.44000,1.01193,0.81644,0.18356
88.56000,1.01194,0.67082,0.32918
88.68000,1.01194,0.63474,0.36526
88.80000,1.01193,0.95264,0.04736
88.92000,1.01194,0.74302,0.25698
89.04000,1.01194,0.89268,0.10732
89.16000,1.01193,0.81958,0.18042
89.28000,1.01194,0.87236,0.12764
89.40000,1.01193,0.88952,0.11048
89.52000,1.01194,0.94271,0.05729
89.64000,1.01194,0.88270,0.11730
89.76000,1.01193,0.89870,0.10130
89.88000,1.01194,0.92428,0.07572
90.00000,1.01194,0.96183,0.03817
90.12000,1.01193,0.95306,0.04694
90.24000,1.01194,0.80934,0.19066
90.36000,1.01194,0.84480,0.15520
90.48000,1.01193,0.62491,0.37509
90.60000,1.01194,0.88330,0.11670
90.72000,1.01194,0.84286,0.15714
90.84000,1.01194,0.89048,0.10952
90.96000,1.01194,0.64568,0.35432
91.08000,1.01193,0.76647,0.23353
91.20000,1.01194,0.85395,0.14605
91.32000,1.01194,0.91404,0.08596
91.44000,1.01193,0.87350,0.12650
91.56000,1.01194,0.90025,0.09975
91.68000,1.01194,0.87670,0.12330
91.80000,1.01193,0.90456,0.09544
91.92000,1.01194,0.87830,0.12170
92.04000,1.01194,0.95697,0.04303
92.16000,1.01193,0.96215,0.03785
92.28000,1.01194,0.96500,0.03500
92.40000,1.01193,0.96025,0.03975
92.52000,1.01194,0.92614,0.07386
92.64000,1.01194,0.96914,0.03086
92.76000,1.01193,0.96322,0.03678
92.88000,1.01194,0.95667,0.04333
93.00000,1.01194,0.94112,0.05888
93.12000,1.01193,0.95636,0.04364
93.24000,1.01194,0.97458,0.02542
93.36000,1.01194,0.93958,0.06042
93.48000,1.01193,0.95423,0.04577
93.60000,1.01194,0.84983,0.15017
93.72000,1.01194,0.89539,0.10461
93.84000,1.01194,0.80753,0.19247
93.96000,1.01194,0.87447,0.12553
94.08000,1.01193,0.85075,0.14925
94.20000,1.01194,0.68766,0.31234
94.32000,1.01194,0.67414,0.32586
94.44000,1.01193,0.56457,0.43543
94.56000,1.01194,0.80565,0.19435
94.68000,1.01194,0.72455,0.27545
94.80000,1.01193,0.59782,0.40218
94.92000,1.01194,0.75178,0.24822
95.04000,1.01194,0.77856,0.22144
95.16000,1.01193,0.79592,0.20408
95.28000,1.01194,0.56662,0.43338
95.40000,1.01193,0.88049,0.11951
95.52000,1.01194,0.66855,0.33145
95.64000,1.01194,0.69881,0.30119
95.76000,1.01193,0.48524,0.51476
95.88000,1.01194,0.62169,0.37831
96.00000,1.01194,0.77303,0.22697
96.12000,1.01193,0.87561,0.12439
96.24000,1.01194,0.90760,0.09240
96.36000,1.01194,0.90569,0.09431
96.48000,1.01193,0.96263,0.03737
96.60000,1.01194,0.92840,0.07160
96.72000,1.01194,0.94386,0.05614
96.84000,1.01194,0.93312,0.06688
96.96000,1.01194,0.90255,0.09745
97.08000,1.01193,0.89002,0.10998
97.20000,1.01194,0.78917,0.21083
97.32000,1.01194,0.82760,0.17240
97.44000,1.01193,0.88764,0.11236
97.56000,1.01194,0.92330,0.07670
97.68000,1.01194,0.90663,0.09337
97.80000,1.01193,0.97585,0.02415
97.92000,1.01194,0.96691,0.03309
98.04000,1.01194,0.98314,0.01686
98.16000,1.01193,0.91227,0.08773
98.28000,1.01194,0.92489,0.07511
98.40000,1.01193,0.84748,0.15252
98.52000,1.01194,0.94349,0.05651
98.64000,1.01194,0.88100,0.11900
98.76000,1.01193,0.87822,0.12178
98.88000,1.01194,0.74073,0.25927
99.00000,1.01194,0.66628,0.33372
99.12000,1.01193,0.81067,0.18933
99.24000,1.01194,0.92697,0.07303
99.36000,1.01194,0.80735,0.19265
99.48000,1.01193,0.74888,0.25112
99.60000,1.01194,0.80444,0.19556
99.72000,1.01194,0.80187,0.19813
99.84000,1.01194,0.91292,0.08708
99.96000,1.01194,0.84852,0.15148
100.08000,1.01193,0.80024,0.19976
100.20000,1.01194,0.64093,0.35907
100.32000,1.01194,0.64365,0.35635
100.44000,1.01193,0.60412,0.39588
100.56000,1.01194,0.62617,0.37383
100.68000,1.01194,0.87532,0.12468
100.80000,1.01193,0.54478,0.45522
100.92000,1.01194,0.78243,0.21757
101.04000,1.01194,0.59720,0.40280
101.16000,1.01193,0.91453,0.08547
101.28000,1.01194,0.62410,0.37590
101.40000,1.01193,0.93556,0.06444
101.52000,1.01194,0.65672,0.34328
101.64000,1.01194,0.92397,0.07603
101.76000,1.01193,0.77837,0.22163
101.88000,1.01194,0.87551,0.12449
102.00000,1.01194,0.92848,0.07152
102.12000,1.01193,0.74022,0.25978
102.24000,1.01194,0.89263,0.10737
102.36000,1.01194,0.38531,0.61469
102.48000,1.01193,0.78025,0.21975
102.60000,1.01194,0.54107,0.45893
102.72000,1.01194,0.78118,0.21882
102.84000,1.01194,0.56070,0.43930
102.96000,1.01194,0.86611,0.13389
103.08000,1.01193,0.82053,0.17947
103.20000,1.01194,0.88055,0.11945
103.32000,1.01194,0.88297,0.11703
103.44000,1.01193,0.93979,0.06021
103.56000,1.01194,0.85828,0.14172
103.68000,1.01194,0.91076,0.08924
103.80000,1.01193,0.84384,0.15616
103.92000,1.01194,0.91539,0.08461
104.04000,1.01194,0.87670,0.12330
104.16000,1.01193,0.91424,0.08576
104.28000,1.01194,0.91934,0.08066
104.40000,1.01193,0.92852,0.07148
104.52000,1.01194,0.91777,0.08223
104.64000,1.01194,0.93908,0.06092
104.76000,1.01193,0.87774,0.12226
104.88000,1.01194,0.89079,0.10921
105.00000,1.01194,0.79879,0.20121
105.12000,1.01193,0.89589,0.10411
105.24000,1.01194,0.72341,0.27659
105.36000,1.01194,0.84402,0.15598
105.48000,1.01193,0.77381,0.22619
105.60000,1.01194,0.90641,0.09359
105.72000,1.01194,0.73091,0.26909
105.84000,1.01194,0.85300,0.14700
105.96000,1.01194,0.93837,0.06163
106.08000,1.01193,0.93791,0.06209
106.20000,1.01194,0.89324,0.10676
106.32000,1.01194,0.92183,0.07817
106.44000,1.01193,0.88819,0.11181
106.56000,1.01194,0.94189,0.05811
106.68000,1.01194,0.75460,0.24540
106.80000,1.01193,0.85951,0.14049
106.92000,1.01194,0.71349,0.28651
107.04000,1.01194,0.81304,0.18696
107.16000,1.01193,0.75441,0.24559
107.28000,1.01194,0.82805,0.17195
107.40000,1.01193,0.84677,0.15323
107.52000,1.01194,0.87518,0.12482
107.64000,1.01194,0.97534,0.02466
107.76000,1.01193,0.93373,0.06627
107.88000,1.01194,0.95896,0.04104
108.00000,1.01194,0.88642,0.11358
108.12000,1.01193,0.94913,0.05087
108.24000,1.01194,0.92929,0.07071
108.36000,1.01194,0.94316,0.05684
108.48000,1.01193,0.81756,0.18244
108.60000,1.01194,0.88523,0.11477
108.72000,1.01194,0.77054,0.22946
108.84000,1.01194,0.80707,0.19293
108.96000,1.01194,0.77974,0.22026
109.08000,1.01193,0.66564,0.33436
109.20000,1.01194,0.56653,0.43347
109.32000,1.01194,0.35138,0.64862
109.44000,1.01193,0.43658,0.56342
109.56000,1.01194,0.30360,0.69640
109.68000,1.01194,0.32690,0.67310
109.80000,1.01193,0.44952,0.55048
109.92000,1.01194,0.49671,0.50329
110.04000,1.01194,0.83971,0.16029
110.16000,1.01193,0.75246,0.24754
110.28000,1.01194,0.84023,0.15977
110.40000,1.01193,0.81407,0.18593
110.52000,1.01194,0.86171,0.13829
110.64000,1.01194,0.87554,0.12446
110.76000,1.01193,0.89592,0.10408
110.88000,1.01194,0.84044,0.15956
111.00000,1.01194,0.80237,0.19763
111.12000,1.01193,0.77561,0.22439
111.24000,1.01194,0.44222,0.55778
111.36000,1.01194,0.59585,0.40415
111.48000,1.01193,0.53397,0.46603
111.60000,1.01194,0.43247,0.56753
111.72000,1.01194,0.44710,0.55290
111.84000,1.01194,0.34525,0.65475
111.96000,1.01194,0.48454,0.51546
112.08000,1.01193,0.48837,0.51163
112.20000,1.01194,0.46507,0.53493
112.32000,1.01194,0.58808,0.41192
112.44000,1.01193,0.62962,0.37038
112.56000,1.01194,0.44112,0.55888
112.68000,1.01194,0.53442,0.46558
112.80000,1.01193,0.44559,0.55441
112.92000,1.01194,0.56814,0.43186
113.04000,1.01194,0.62459,0.37541
113.16000,1.01193,0.74980,0.25020
113.28000,1.01194,0.33871,0.66129
113.40000,1.01193,0.46468,0.53532
113.52000,1.01194,0.60896,0.39104
113.64000,1.01194,0.43918,0.56082
113.76000,1.01193,0.41959,0.58041
113.88000,1.01194,0.46247,0.53753
114.00000,1.01194,0.49658,0.50342
114.12000,1.01193,0.52569,0.47431
114.24000,1.01194,0.68061,0.31939
114.36000,1.01194,0.67075,0.32925
114.48000,1.01193,0.79764,0.20236
114.60000,1.01194,0.80190,0.19810
114.72000,1.01194,0.83176,0.16824
114.84000,1.01194,0.88895,0.11105
114.96000,1.01194,0.84394,0.15606
115.08000,1.01193,0.93508,0.06492
115.20000,1.01194,0.78614,0.21386
115.32000,1.01194,0.81949,0.18051
115.44000,1.01193,0.70400,0.29600
115.56000,1.01194,0.60016,0.39984
115.68000,1.01194,0.70135,0.29865
115.80000,1.01193,0.47676,0.52324
115.92000,1.01194,0.71187,0.28813
116.04000,1.01194,0.62720,0.37280
116.16000,1.01193,0.66932,0.33068
116.28000,1.01194,0.79020,0.20980
116.40000,1.01193,0.80107,0.19893
116.52000,1.01194,0.76829,0.23171
116.64000,1.01194,0.90360,0.09640
116.76000,1.01193,0.86344,0.13656
116.88000,1.01194,0.91636,0.08364
117.00000,1.01194,0.70014,0.29986
117.12000,1.01193,0.86673,0.13327
117.24000,1.01194,0.56232,0.43768
117.36000,1.01194,0.74841,0.25159
117.48000,1.01193,0.35230,0.64770
117.60000,1.01194,0.59036,0.40964
117.72000,1.01194,0.31348,0.68652
117.84000,1.01194,0.53523,0.46477
117.96000,1.01194,0.45414,0.54586
118.08000,1.01193,0.86674,0.13326
118.20000,1.01194,0.87324,0.12676
118.32000,1.01194,0.96082,0.03918
118.44000,1.01193,0.91241,0.08759
118.56000,1.01194,0.86826,0.13174
118.68000,1.01194,0.85142,0.14858
118.80000,1.01193,0.83036,0.16964
118.92000,1.01194,0.87516,0.12484
119.04000,1.01194,0.73683,0.26317
119.16000,1.01193,0.75294,0.24706
119.28000,1.01194,0.79585,0.20415
119.40000,1.01193,0.84741,0.15259
119.52000,1.01194,0.81532,0.18468
119.64000,1.01194,0.74395,0.25605
119.76000,1.01193,0.73229,0.26771
119.88000,1.01194,0.80909,0.19091
120.00000,1.01194,0.76488,0.23512
120.12000,1.01193,0.67498,0.32502
120.24000,1.01194,0.50000,0.50000
120.36000,1.01194,0.50872,0.49128
120.48000,1.01193,0.56444,0.43556
120.60000,1.01194,0.61305,0.38695
120.72000,1.01194,0.70120,0.29880
120.84000,1.01194,0.63009,0.36991
120.96000,1.01194,0.40025,0.59975
121.08000,1.01193,0.77269,0.22731
121.20000,1.01194,0.78933,0.21067
121.32000,1.01194,0.80254,0.19746
121.44000,1.01193,0.77565,0.22435
121.56000,1.01194,0.83577,0.16423
121.68000,1.01194,0.76749,0.23251
121.80000,1.01193,0.64939,0.35061
121.92000,1.01194,0.55564,0.44436
122.04000,1.01194,0.73772,0.26228
122.16000,1.01193,0.63565,0.36435
122.28000,1.01194,0.64419,0.35581
122.40000,1.01193,0.75349,0.24651
122.52000,1.01194,0.88928,0.11072
122.64000,1.01194,0.88575,0.11425
122.76000,1.01193,0.90081,0.09919
122.88000,1.01194,0.92016,0.07984
123.00000,1.01194,0.95006,0.04994
123.12000,1.01193,0.93210,0.06790
123.24000,1.01194,0.93537,0.06463
123.36000,1.01194,0.92800,0.07200
123.48000,1.01193,0.89673,0.10327
123.60000,1.01194,0.90774,0.09226
123.72000,1.01194,0.87934,0.12066
123.84000,1.01194,0.93108,0.06892
123.96000,1.01194,0.81252,0.18748
124.08000,1.01193,0.92815,0.07185
124.20000,1.01194,0.88839,0.11161
124.32000,1.01194,0.94345,0.05655
124.44000,1.01193,0.95560,0.04440
124.56000,1.01194,0.97069,0.02931
124.68000,1.01194,0.96160,0.03840
124.80000,1.01193,0.98217,0.01783
124.92000,1.01194,0.97015,0.02985
125.04000,1.01194,0.96236,0.03764
125.16000,1.01193,0.88932,0.11068
125.28000,1.01194,0.95540,0.04460
125.40000,1.01193,0.82321,0.17679
125.52000,1.01194,0.90869,0.09131
125.64000,1.01194,0.81231,0.18769
125.76000,1.01193,0.89873,0.10127
125.88000,1.01194,0.89763,0.10237
126.00000,1.01194,0.83592,0.16408
126.12000,1.01193,0.81379,0.18621
126.24000,1.01194,0.60282,0.39718
126.36000,1.01194,0.76624,0.23376
126.48000,1.01193,0.67566,0.32434
126.60000,1.01194,0.67256,0.32744
126.72000,1.01194,0.51645,0.48355
126.84000,1.01194,0.63442,0.36558
126.96000,1.01194,0.63423,0.36577
127.08000,1.01193,0.64350,0.35650
127.20000,1.01195,0.52175,0.47825
127.32000,1.01194,0.60760,0.39240
127.44000,1.01193,0.59202,0.40798
127.56000,1.01193,0.68384,0.31616
127.68000,1.01194,0.76146,0.23854
127.80000,1.01193,0.46480,0.53520
127.92000,1.01193,0.83565,0.16435
128.03999,1.01195,0.78574,0.21426
128.16000,1.01193,0.81119,0.18881
128.28000,1.01193,0.71479,0.28521
128.39999,1.01195,0.76172,0.23828
128.52000,1.01193,0.73577,0.26423
128.64000,1.01193,0.73302,0.26698
128.75999,1.01195,0.62148,0.37852
128.88000,1.01193,0.57964,0.42036
129.00000,1.01193,0.80683,0.19317
129.12000,1.01195,0.74656,0.25344
129.24001,1.01193,0.86196,0.13804
129.36000,1.01193,0.63722,0.36278
129.48000,1.01195,0.85708,0.14292
129.60001,1.01193,0.82619,0.17381
129.72000,1.01193,0.74744,0.25256
129.84000,1.01195,0.63724,0.36276
129.96001,1.01193,0.61998,0.38002
130.08000,1.01193,0.72408,0.27592
130.20000,1.01195,0.44847,0.55153
130.32001,1.01193,0.48720,0.51280
130.44000,1.01193,0.33238,0.66762
130.56000,1.01193,0.43252,0.56748
130.67999,1.01195,0.11615,0.88385
130.80000,1.01193,0.10453,0.89547
130.92000,1.01193,0.02170,0.97830
131.03999,1.01195,0.07075,0.92925
131.16000,1.01193,0.06693,0.93307
131.28000,1.01193,0.14184,0.85816
131.39999,1.01195,0.05141,0.94859
131.52000,1.01193,0.05195,0.94805
131.64000,1.01193,0.02152,0.97848
131.75999,1.01195,0.07799,0.92201
131.88000,1.01193,0.05334,0.94666
132.00000,1.01193,0.06262,0.93738
132.12000,1.01195,0.08204,0.91796
132.24001,1.01193,0.06195,0.93805
132.36000,1.01193,0.03674,0.96326
132.48000,1.01195,0.10758,0.89242
132.60001,1.01193,0.30681,0.69319
132.72000,1.01193,0.30760,0.69240
132.84000,1.01195,0.10974,0.89026
132.96001,1.01193,0.22277,0.77723
133.08000,1.01193,0.11501,0.88499
133.20000,1.01195,0.13889,0.86111
133.32001,1.01193,0.06471,0.93529
133.44000,1.01193,0.09177,0.90823
133.56000,1.01193,0.05334,0.94666
133.67999,1.01195,0.08969,0.91031
133.80000,1.01193,0.06036,0.93964
133.92000,1.01193,0.05081,0.94919
134.03999,1.01195,0.05396,0.94604
134.16000,1.01193,0.03892,0.96108
134.28000,1.01193,0.08835,0.91166
134.39999,1.01195,0.07653,0.92347
134.52000,1.01193,0.11058,0.88942
134.64000,1.01193,0.14037,0.85963
134.75999,1.01195,0.15449,0.84551
134.88000,1.01193,0.05675,0.94325
135.00000,1.01193,0.08195,0.91805
135.12000,1.01195,0.05294,0.94706
135.24001,1.01193,0.03119,0.96881
135.36000,1.01193,0.04287,0.95713
135.48000,1.01195,0.02601,0.97399
135.60001,1.01193,0.01600,0.98400
135.72000,1.01193,0.00542,0.99458
135.84000,1.01195,0.01104,0.98896
135.96001,1.01193,0.02390,0.97610
136.08000,1.01193,0.00951,0.99049
136.20000,1.01195,0.02184,0.97816
136.32001,1.01193,0.01528,0.98472
136.44000,1.01193,0.01753,0.98247
136.56000,1.01193,0.08520,0.91480
136.67999,1.01195,0.03511,0.96489
136.80000,1.01193,0.02755,0.97245
136.92000,1.01193,0.02019,0.97981
137.03999,1.01195,0.02004,0.97996
137.16000,1.01193,0.01819,0.98181
137.28000,1.01193,0.02490,0.97510
137.39999,1.01195,0.04992,0.95008
137.52000,1.01193,0.16746,0.83254
137.64000,1.01193,0.17179,0.82821
137.75999,1.01195,0.12746,0.87254
137.88000,1.01193,0.18953,0.81047
138.00000,1.01193,0.05266,0.94734
138.12000,1.01195,0.03504,0.96496
138.24001,1.01193,0.02558,0.97442
138.36000,1.01193,0.04545,0.95455
138.48000,1.01195,0.03670,0.96330
138.60001,1.01193,0.01835,0.98165
138.72000,1.01193,0.01315,0.98685
138.84000,1.01195,0.00887,0.99113
138.96001,1.01193,0.01589,0.98411
139.08000,1.01193,0.01137,0.98863
139.20000,1.01195,0.00887,0.99113
139.32001,1.01193,0.00881,0.99119
139.44000,1.01193,0.01454,0.98546
139.56000,1.01193,0.01025,0.98975
139.67999,1.01195,0.00977,0.99023
139.80000,1.01193,0.00396,0.99604
139.92000,1.01193,0.00640,0.99360
140.03999,1.01195,0.00264,0.99736
140.16000,1.01193,0.00504,0.99496
140.28000,1.01193,0.00155,0.99845
140.39999,1.01195,0.00113,0.99887
140.52000,1.01193,0.00052,0.99948
140.64000,1.01193,0.00045,0.99955
140.75999,1.01195,0.00049,0.99951
140.88000,1.01193,0.00389,0.99611
141.00000,1.01193,0.00094,0.99906
141.12000,1.01195,0.00571,0.99429
141.24001,1.01193,0.00322,0.99678
141.36000,1.01193,0.01308,0.98692
141.48000,1.01195,0.04069,0.95931
141.60001,1.01193,0.06915,0.93085
141.72000,1.01193,0.00637,0.99363
141.84000,1.01195,0.00703,0.99297
141.96001,1.01193,0.00728,0.99272
142.08000,1.01193,0.02194,0.97806
142.20000,1.01195,0.00960,0.99040
142.32001,1.01193,0.02659,0.97341
142.44000,1.01193,0.00630,0.99370
142.56000,1.01193,0.00533,0.99467
142.67999,1.01195,0.00771,0.99229
142.80000,1.01193,0.00858,0.99142
142.92000,1.01193,0.01154,0.98846
143.03999,1.01195,0.00798,0.99202
143.16000,1.01193,0.00526,0.99474
143.28000,1.01193,0.00279,0.99721
143.39999,1.01195,0.00303,0.99697
143.52000,1.01193,0.00416,0.99584
143.64000,1.01193,0.00317,0.99683
143.75999,1.01195,0.00261,0.99739
143.88000,1.01193,0.00178,0.99822
144.00000,1.01193,0.00333,0.99667
144.12000,1.01195,0.00272,0.99728
144.24001,1.01193,0.00495,0.99505
144.36000,1.01193,0.01010,0.98990
144.48000,1.01195,0.00221,0.99779
144.60001,1.01193,0.00415,0.99585
144.72000,1.01193,0.00249,0.99751
144.84000,1.01195,0.00334,0.99666
144.96001,1.01193,0.00294,0.99706
145.08000,1.01193,0.00064,0.99936
145.20000,1.01195,0.00020,0.99980
145.32001,1.01193,0.00010,0.99990
145.44000,1.01193,0.00011,0.99989
145.56000,1.01193,0.00008,0.99992
145.67999,1.01195,0.00013,0.99987
145.80000,1.01193,0.00015,0.99985
145.92000,1.01193,0.00017,0.99983
146.03999,1.01195,0.00055,0.99945
146.16000,1.01193,0.00616,0.99384
146.28000,1.01193,0.00935,0.99065
146.39999,1.01195,0.01342,0.98658
146.52000,1.01193,0.00573,0.99427
146.64000,1.01193,0.00293,0.99707
146.75999,1.01195,0.00325,0.99675
146.88000,1.01193,0.00208,0.99792
147.00000,1.01193,0.00270,0.99730
147.12000,1.01195,0.00638,0.99362
147.24001,1.01193,0.00474,0.99526
147.36000,1.01193,0.00423,0.99577
147.48000,1.01195,0.00250,0.99750
147.60001,1.01193,0.00487,0.99513
147.72000,1.01193,0.00750,0.99250
147.84000,1.01195,0.00653,0.99347
147.96001,1.01193,0.00492,0.99508
148.08000,1.01193,0.00512,0.99488
148.20000,1.01195,0.00245,0.99755
148.32001,1.01193,0.00356,0.99644
148.44000,1.01193,0.00428,0.99572
148.56000,1.01193,0.00452,0.99548
148.67999,1.01195,0.00317,0.99683
148.80000,1.01193,0.00253,0.99747
148.92000,1.01193,0.00741,0.99259
149.03999,1.01195,0.00698,0.99302
149.16000,1.01193,0.01210,0.98790
149.28000,1.01193,0.00469,0.99531
149.39999,1.01195,0.00450,0.99550
149.52000,1.01193,0.00640,0.99360
149.64000,1.01193,0.00261,0.99739
149.75999,1.01195,0.00306,0.99694
149.88000,1.01193,0.00105,0.99895
150.00000,1.01193,0.00021,0.99979
150.12000,1.01195,0.00015,0.99985
150.24001,1.01193,0.00004,0.99996
150.36000,1.01193,0.00008,0.99992
150.48000,1.01195,0.00004,0.99996
150.60001,1.01193,0.00007,0.99993
150.72000,1.01193,0.00011,0.99989
150.84000,1.01195,0.00045,0.99955
150.96001,1.01193,0.00136,0.99864
151.08000,1.01193,0.00938,0.99062
151.20000,1.01195,0.01038,0.98962
151.32001,1.01193,0.00241,0.99759
151.44000,1.01193,0.00248,0.99752
151.56000,1.01193,0.00237,0.99763
151.67999,1.01195,0.00147,0.99853
151.80000,1.01193,0.00167,0.99833
151.92000,1.01193,0.00461,0.99539
152.03999,1.01195,0.00371,0.99629
152.16000,1.01193,0.00702,0.99298
152.28000,1.01193,0.00389,0.99611
152.39999,1.01195,0.00398,0.99602
152.52000,1.01193,0.00675,0.99325
152.64000,1.01193,0.00737,0.99263
152.75999,1.01195,0.00237,0.99763
152.88000,1.01193,0.00387,0.99613
153.00000,1.01193,0.00235,0.99765
153.12000,1.01195,0.00252,0.99748
153.24001,1.01193,0.00140,0.99860
153.36000,1.01193,0.00262,0.99738
153.48000,1.01195,0.00124,0.99876
153.60001,1.01193,0.00123,0.99877
153.72000,1.01193,0.00221,0.99778
153.84000,1.01195,0.00422,0.99578
153.96001,1.01193,0.00212,0.99788
154.08000,1.01193,0.00324,0.99676
154.20000,1.01195,0.00439,0.99561
154.32001,1.01193,0.00169,0.99831
154.44000,1.01193,0.00500,0.99500
154.56000,1.01193,0.00228,0.99772
154.67999,1.01195,0.00189,0.99811
154.80000,1.01193,0.00031,0.99969
154.92000,1.01193,0.00020,0.99980
155.03999,1.01195,0.00033,0.99967
155.16000,1.01193,0.00008,0.99992
155.28000,1.01193,0.00016,0.99984
155.39999,1.01195,0.00014,0.99986
155.52000,1.01193,0.00031,0.99969
155.64000,1.01193,0.00150,0.99850
155.75999,1.01195,0.00654,0.99346
155.88000,1.01193,0.00396,0.99604
156.00000,1.01193,0.01688,0.98312
156.12000,1.01195,0.01275,0.98725
156.24001,1.01193,0.00480,0.99520
156.36000,1.01193,0.00588,0.99412
156.48000,1.01195,0.00167,0.99833
156.60001,1.01193,0.00544,0.99456
156.72000,1.01193,0.00502,0.99498
156.84000,1.01195,0.00645,0.99355
156.96001,1.01193,0.00282,0.99718
157.08000,1.01193,0.00372,0.99628
157.20000,1.01195,0.00167,0.99833
157.32001,1.01193,0.00096,0.99904
157.44000,1.01193,0.00189,0.99811
157.56000,1.01193,0.00107,0.99893
157.67999,1.01195,0.00101,0.99899
157.80000,1.01193,0.00058,0.99942
157.92000,1.01193,0.00047,0.99953
158.03999,1.01195,0.00069,0.99931
158.16000,1.01193,0.00065,0.99935
158.28000,1.01193,0.00065,0.99935
158.39999,1.01195,0.00087,0.99913
158.52000,1.01193,0.00145,0.99855
158.64000,1.01193,0.00678,0.99322
158.75999,1.01195,0.00444,0.99556
158.88000,1.01193,0.00452,0.99548
159.00000,1.01193,0.00412,0.99588
159.12000,1.01195,0.00364,0.99636
159.24001,1.01193,0.00478,0.99522
159.36000,1.01193,0.01649,0.98351
159.48000,1.01195,0.00147,0.99853
159.60001,1.01193,0.00200,0.99800
159.72000,1.01193,0.00166,0.99834
159.84000,1.01195,0.00171,0.99829
159.96001,1.01193,0.00517,0.99483
160.08000,1.01193,0.00383,0.99617
160.20000,1.01195,0.00434,0.99566
160.32001,1.01193,0.01084,0.98916
160.44000,1.01193,0.00969,0.99031
160.56000,1.01193,0.01286,0.98714
160.67999,1.01195,0.04831,0.95169
160.80000,1.01193,0.04381,0.95619
160.92000,1.01193,0.02509,0.97491
161.03999,1.01195,0.03276,0.96724
161.16000,1.01193,0.12047,0.87953
161.28000,1.01193,0.07892,0.92108
161.39999,1.01195,0.09988,0.90012
161.52000,1.01193,0.02499,0.97501
161.64000,1.01193,0.03496,0.96504
161.75999,1.01195,0.00727,0.99273
161.88000,1.01193,0.01217,0.98783
162.00000,1.01193,0.00856,0.99144
162.12000,1.01195,0.01155,0.98845
162.24001,1.01193,0.01181,0.98819
162.36000,1.01193,0.01197,0.98803
162.48000,1.01195,0.02162,0.97838
162.60001,1.01193,0.02571,0.97429
162.72000,1.01193,0.02469,0.97531
162.84000,1.01195,0.01648,0.98352
162.96001,1.01193,0.02486,0.97514
163.08000,1.01193,0.00966,0.99034
163.20000,1.01195,0.02505,0.97495
163.32001,1.01193,0.00756,0.99244
163.44000,1.01193,0.01218,0.98782
163.56000,1.01193,0.00952,0.99048
163.67999,1.01195,0.01057,0.98943
163.80000,1.01193,0.00444,0.99556
163.92000,1.01193,0.00898,0.99102
164.03999,1.01195,0.00758,0.99242
164.16000,1.01193,0.01024,0.98976
164.28000,1.01193,0.01136,0.98864
164.39999,1.01195,0.01850,0.98150
164.52000,1.01193,0.01230,0.98770
164.64000,1.01193,0.01676,0.98324
164.75999,1.01195,0.01910,0.98090
164.88000,1.01193,0.02109,0.97891
165.00000,1.01193,0.01457,0.98544
165.12000,1.01195,0.02116,0.97884
165.24001,1.01193,0.02216,0.97784
165.36000,1.01193,0.01587,0.98413
165.48000,1.01195,0.01730,0.98270
165.60001,1.01193,0.03204,0.96796
165.72000,1.01193,0.02534,0.97466
165.84000,1.01195,0.02090,0.97910
165.96001,1.01193,0.02233,0.97767
166.08000,1.01193,0.01880,0.98120
166.20000,1.01195,0.01897,0.98103
166.32001,1.01193,0.01719,0.98281
166.44000,1.01193,0.01415,0.98585
166.56000,1.01193,0.00803,0.99197
166.67999,1.01195,0.00913,0.99087
166.80000,1.01193,0.00584,0.99416
166.92000,1.01193,0.01059,0.98941
167.03999,1.01195,0.00818,0.99182
167.16000,1.01193,0.00950,0.99050
167.28000,1.01193,0.01868,0.98132
167.39999,1.01195,0.01828,0.98172
167.52000,1.01193,0.00858,0.99142
167.64000,1.01193,0.01841,0.98159
167.75999,1.01195,0.01509,0.98491
167.88000,1.01193,0.01589,0.98411
168.00000,1.01193,0.01089,0.98911
168.12000,1.01195,0.02009,0.97991
168.24001,1.01193,0.01040,0.98960
168.36000,1.01193,0.01492,0.98508
168.48000,1.01195,0.01448,0.98552
168.60001,1.01193,0.01084,0.98916
168.72000,1.01193,0.00954,0.99046
168.84000,1.01195,0.01628,0.98372
168.96001,1.01193,0.00892,0.99108
169.08000,1.01193,0.00649,0.99351
169.20000,1.01195,0.01162,0.98838
169.32001,1.01193,0.01208,0.98792
169.44000,1.01193,0.01324,0.98676
169.56000,1.01193,0.01410,0.98590
169.67999,1.01195,0.01400,0.98600
169.80000,1.01193,0.01442,0.98558
169.92000,1.01193,0.00817,0.99183
170.03999,1.01195,0.00876,0.99124
170.16000,1.01193,0.02791,0.97209
170.28000,1.01193,0.01744,0.98256
170.39999,1.01195,0.02010,0.97990
170.52000,1.01193,0.01290,0.98710
170.64000,1.01193,0.01640,0.98360
170.75999,1.01195,0.00517,0.99483
170.88000,1.01193,0.01337,0.98663
171.00000,1.01193,0.00706,0.99294
171.12000,1.01195,0.01475,0.98525
171.24001,1.01193,0.00405,0.99595
171.36000,1.01193,0.00481,0.99519
171.48000,1.01195,0.00406,0.99594
171.60001,1.01193,0.00787,0.99213
171.72000,1.01193,0.00178,0.99822
171.84000,1.01195,0.00702,0.99298
171.96001,1.01193,0.00482,0.99518
172.08000,1.01193,0.00197,0.99803
172.20000,1.01195,0.00244,0.99756
172.32001,1.01193,0.00853,0.99147
172.44000,1.01193,0.00201,0.99799
172.56000,1.01193,0.00392,0.99608
172.67999,1.01195,0.00472,0.99528
172.80000,1.01193,0.00302,0.99698
172.92000,1.01193,0.00404,0.99596
173.03999,1.01195,0.00373,0.99627
173.16000,1.01193,0.00285,0.99715
173.28000,1.01193,0.00629,0.99371
173.39999,1.01195,0.00399,0.99601
173.52000,1.01193,0.00860,0.99140
173.64000,1.01193,0.00527,0.99473
173.75999,1.01195,0.00745,0.99255
173.88000,1.01193,0.00834,0.99166
174.00000,1.01193,0.01380,0.98620
174.12000,1.01195,0.00644,0.99356
174.24001,1.01193,0.00587,0.99413
174.36000,1.01193,0.00712,0.99288
174.48000,1.01195,0.00629,0.99371
174.60001,1.01193,0.00645,0.99355
174.72000,1.01193,0.00444,0.99556
174.84000,1.01195,0.00800,0.99200
174.96001,1.01193,0.00883,0.99117
175.08000,1.01193,0.00402,0.99598
175.20000,1.01195,0.00942,0.99058
175.32001,1.01193,0.00487,0.99513
175.44000,1.01193,0.00841,0.99159
175.56000,1.01193,0.00780,0.99220
175.67999,1.01195,0.00651,0.99349
175.80000,1.01193,0.01407,0.98593
175.92000,1.01193,0.01136,0.98864
176.03999,1.01195,0.01101,0.98899
176.16000,1.01193,0.00614,0.99386
176.28000,1.01193,0.00813,0.99187
176.39999,1.01195,0.01517,0.98483
176.52000,1.01193,0.00872,0.99128
176.64000,1.01193,0.00944,0.99056
176.75999,1.01195,0.01393,0.98607
176.88000,1.01193,0.01308,0.98692
177.00000,1.01193,0.01053,0.98947
177.12000,1.01195,0.01484,0.98516
177.24001,1.01193,0.00924,0.99076
177.36000,1.01193,0.00636,0.99364
177.48000,1.01195,0.01496,0.98504
177.60001,1.01193,0.01545,0.98454
177.72000,1.01193,0.00482,0.99518
177.84000,1.01195,0.02101,0.97899
177.96001,1.01193,0.01535,0.98465
178.08000,1.01193,0.00669,0.99331
178.20000,1.01195,0.01362,0.98638
178.32001,1.01193,0.01887,0.98113
178.44000,1.01193,0.01020,0.98980
178.56000,1.01193,0.01278,0.98722
178.67999,1.01195,0.01847,0.98153
178.80000,1.01193,0.02407,0.97593
178.92000,1.01193,0.01556,0.98444
179.03999,1.01195,0.01937,0.98063
179.16000,1.01193,0.02371,0.97629
179.28000,1.01193,0.01161,0.98839
179.39999,1.01195,0.00854,0.99146
179.52000,1.01193,0.02102,0.97898
179.64000,1.01193,0.00745,0.99255
179.75999,1.01195,0.00755,0.99245
179.88000,1.01193,0.01428,0.98572
180.00000,1.01193,0.01719,0.98281
180.12000,1.01195,0.00613,0.99387
180.24001,1.01193,0.02023,0.97977
180.36000,1.01193,0.02679,0.97321
180.48000,1.01195,0.02236,0.97764
180.60001,1.01193,0.02127,0.97873
180.72000,1.01193,0.05839,0.94161
180.84000,1.01195,0.03982,0.96018
180.96001,1.01193,0.11969,0.88031
181.08000,1.01193,0.13878,0.86122
181.20000,1.01195,0.17359,0.82641
181.32001,1.01193,0.20716,0.79284
181.44000,1.01193,0.50658,0.49342
181.56000,1.01193,0.36928,0.63072
181.67999,1.01195,0.53329,0.46671
181.80000,1.01193,0.60955,0.39045
181.92000,1.01193,0.62610,0.37390
182.03999,1.01195,0.83510,0.16490
182.16000,1.01193,0.86074,0.13926
182.28000,1.01193,0.87217,0.12783
182.39999,1.01195,0.90447,0.09553
182.52000,1.01193,0.90860,0.09140
182.64000,1.01193,0.91825,0.08175
182.75999,1.01195,0.81725,0.18275
182.88000,1.01193,0.78971,0.21029
183.00000,1.01193,0.76505,0.23495
183.12000,1.01195,0.72374,0.27626
183.24001,1.01193,0.51807,0.48193
183.36000,1.01193,0.87141,0.12859
183.48000,1.01195,0.81208,0.18792
183.60001,1.01193,0.94672,0.05328
183.72000,1.01193,0.84604,0.15396
183.84000,1.01195,0.94511,0.05489
183.96001,1.01193,0.94354,0.05646
184.08000,1.01193,0.89750,0.10250
184.20000,1.01195,0.91659,0.08341
184.32001,1.01193,0.84061,0.15939
184.44000,1.01193,0.92088,0.07912
184.56000,1.01193,0.89132,0.10868
184.67999,1.01195,0.90722,0.09278
184.80000,1.01193,0.74193,0.25807
184.92000,1.01193,0.88403,0.11597
185.03999,1.01195,0.84110,0.15890
185.16000,1.01193,0.82913,0.17087
185.28000,1.01193,0.74641,0.25359
185.39999,1.01195,0.89436,0.10564
185.52000,1.01193,0.65279,0.34721
185.64000,1.01193,0.63532,0.36468
185.75999,1.01195,0.67239,0.32761
185.88000,1.01193,0.74884,0.25116
186.00000,1.01193,0.84964,0.15036
186.12000,1.01195,0.48522,0.51478
186.24001,1.01193,0.54393,0.45607
186.36000,1.01193,0.72894,0.27106
186.48000,1.01195,0.74985,0.25015
186.60001,1.01193,0.64687,0.35313
186.72000,1.01193,0.60490,0.39510
186.84000,1.01195,0.75303,0.24697
186.96001,1.01193,0.73348,0.26652
187.08000,1.01193,0.81805,0.18195
187.20000,1.01195,0.67585,0.32415
187.32001,1.01193,0.80879,0.19120
187.44000,1.01193,0.62643,0.37357
187.56000,1.01193,0.82911,0.17089
187.67999,1.01195,0.54262,0.45738
187.80000,1.01193,0.84660,0.15340
187.92000,1.01193,0.55567,0.44433
188.03999,1.01195,0.86972,0.13028
188.16000,1.01193,0.61413,0.38587
188.28000,1.01193,0.80085,0.19915
188.39999,1.01195,0.86223,0.13777
188.52000,1.01193,0.84999,0.15001
188.64000,1.01193,0.89321,0.10679
188.75999,1.01195,0.75652,0.24348
188.88000,1.01193,0.86831,0.13169
189.00000,1.01193,0.74485,0.25515
189.12000,1.01195,0.93804,0.06196
189.24001,1.01193,0.79632,0.20368
189.36000,1.01193,0.85758,0.14242
189.48000,1.01195,0.79584,0.20416
189.60001,1.01193,0.80427,0.19573
189.72000,1.01193,0.70218,0.29782
189.84000,1.01195,0.56116,0.43884
189.96001,1.01193,0.52606,0.47394
190.08000,1.01193,0.45973,0.54027
190.20000,1.01195,0.52844,0.47156
190.32001,1.01193,0.37064,0.62936
190.44000,1.01193,0.42931,0.57069
190.56000,1.01193,0.36346,0.63654
190.67999,1.01195,0.34690,0.65310
190.80000,1.01193,0.22010,0.77990
190.92000,1.01193,0.37529,0.62471
191.03999,1.01195,0.33840,0.66160
191.16000,1.01193,0.22557,0.77443
191.28000,1.01193,0.50355,0.49645
191.39999,1.01195,0.33979,0.66021
191.52000,1.01193,0.60552,0.39448
191.64000,1.01193,0.48447,0.51553
191.75999,1.01195,0.58583,0.41417
191.88000,1.01193,0.67947,0.32053
192.00000,1.01193,0.70086,0.29914
192.12000,1.01195,0.74495,0.25505
192.24001,1.01193,0.86142,0.13858
192.36000,1.01193,0.89209,0.10791
192.48000,1.01195,0.86950,0.13050
192.60001,1.01193,0.88140,0.11860
192.72000,1.01193,0.78322,0.21678
192.84000,1.01195,0.91947,0.08053
192.96001,1.01193,0.87826,0.12174
193.08000,1.01193,0.87550,0.12450
193.20000,1.01195,0.84729,0.15271
193.32001,1.01193,0.90317,0.09683
193.44000,1.01193,0.90689,0.09311
193.56000,1.01193,0.87222,0.12778
193.67999,1.01195,0.61144,0.38856
193.80000,1.01193,0.72233,0.27767
193.92000,1.01193,0.58158,0.41842
194.03999,1.01195,0.70953,0.29047
194.16000,1.01193,0.67368,0.32632
194.28000,1.01193,0.83450,0.16550
194.39999,1.01195,0.83880,0.16120
194.52000,1.01193,0.85014,0.14986
194.64000,1.01193,0.88318,0.11682
194.75999,1.01195,0.78676,0.21324
194.88000,1.01193,0.78847,0.21153
195.00000,1.01193,0.70937,0.29063
195.12000,1.01195,0.60769,0.39231
195.24001,1.01193,0.69848,0.30152
195.36000,1.01193,0.78470,0.21530
195.48000,1.01195,0.82603,0.17397
195.60001,1.01193,0.84594,0.15406
195.72000,1.01193,0.94271,0.05729
195.84000,1.01195,0.96756,0.03244
195.96001,1.01193,0.92738,0.07262
196.08000,1.01193,0.97802,0.02198
196.20000,1.01195,0.94423,0.05577
196.32001,1.01193,0.97171,0.02829
196.44000,1.01193,0.88817,0.11183
196.56000,1.01193,0.89287,0.10713
196.67999,1.01195,0.85491,0.14509
196.80000,1.01193,0.76760,0.23240
196.92000,1.01193,0.75855,0.24145
197.03999,1.01195,0.47090,0.52910
197.16000,1.01193,0.52483,0.47517
197.28000,1.01193,0.33270,0.66730
197.39999,1.01195,0.69786,0.30214
197.52000,1.01193,0.60177,0.39823
197.64000,1.01193,0.68583,0.31417
197.75999,1.01195,0.83794,0.16206
197.88000,1.01193,0.91452,0.08548
198.00000,1.01193,0.77950,0.22050
198.12000,1.01195,0.81165,0.18835
198.24001,1.01193,0.81380,0.18620
198.36000,1.01193,0.84727,0.15273
198.48000,1.01195,0.77557,0.22443
198.60001,1.01193,0.83020,0.16980
198.72000,1.01193,0.84628,0.15372
198.84000,1.01195,0.89276,0.10724
198.96001,1.01193,0.82062,0.17938
199.08000,1.01193,0.73711,0.26289
199.20000,1.01195,0.84927,0.15073
199.32001,1.01193,0.81664,0.18336
199.44000,1.01193,0.76444,0.23556
199.56000,1.01193,0.82811,0.17189
199.67999,1.01195,0.91333,0.08667
199.80000,1.01193,0.85467,0.14533
199.92000,1.01193,0.95667,0.04333
200.03999,1.01195,0.87611,0.12389
200.16000,1.01193,0.97431,0.02569
200.28000,1.01193,0.87375,0.12625
200.39999,1.01195,0.97899,0.02101
200.52000,1.01193,0.84239,0.15761
200.64000,1.01193,0.95278,0.04722
200.75999,1.01195,0.95199,0.04801
200.88000,1.01193,0.92848,0.07152
201.00000,1.01193,0.97031,0.02969
201.12000,1.01195,0.96169,0.03831
201.24001,1.01193,0.97550,0.02450
201.36000,1.01193,0.98602,0.01398
201.48000,1.01195,0.98983,0.01017
201.60001,1.01193,0.99299,0.00701
201.72000,1.01193,0.99242,0.00758
201.84000,1.01195,0.98817,0.01183
201.96001,1.01193,0.98903,0.01097
202.08000,1.01193,0.99077,0.00923
202.20000,1.01195,0.99289,0.00711
202.32001,1.01193,0.98175,0.01825
202.44000,1.01193,0.99167,0.00833
202.56000,1.01193,0.93583,0.06417
202.67999,1.01195,0.95222,0.04778
202.80000,1.01193,0.95313,0.04687
202.92000,1.01193,0.92653,0.07347
203.03999,1.01195,0.88048,0.11952
203.16000,1.01193,0.78643,0.21357
203.28000,1.01193,0.74261,0.25739
203.39999,1.01195,0.75325,0.24675
203.52000,1.01193,0.91811,0.08189
203.64000,1.01193,0.91680,0.08320
203.75999,1.01195,0.84579,0.15421
203.88000,1.01193,0.92193,0.07807
204.00000,1.01193,0.70105,0.29895
204.12000,1.01195,0.81163,0.18837
204.24001,1.01193,0.69222,0.30778
204.36000,1.01193,0.68263,0.31737
204.48000,1.01195,0.57914,0.42086
204.60001,1.01193,0.72362,0.27638
204.72000,1.01193,0.74998,0.25002
204.84000,1.01195,0.80196,0.19804
204.96001,1.01193,0.94282,0.05718
205.08000,1.01193,0.83798,0.16202
205.20000,1.01195,0.90556,0.09444
205.32001,1.01193,0.91694,0.08306
205.44000,1.01193,0.94368,0.05632
205.56000,1.01193,0.97443,0.02557
205.67999,1.01195,0.90336,0.09664
205.80000,1.01193,0.89745,0.10255
205.92000,1.01193,0.87572,0.12428
206.03999,1.01195,0.76918,0.23082
206.16000,1.01193,0.90615,0.09385
206.28000,1.01193,0.88377,0.11623
206.39999,1.01195,0.83236,0.16764
206.52000,1.01193,0.89028,0.10972
206.64000,1.01193,0.95882,0.04118
206.75999,1.01195,0.97548,0.02452
206.88000,1.01193,0.98269,0.01731
207.00000,1.01193,0.96775,0.03225
207.12000,1.01195,0.98458,0.01542
207.24001,1.01193,0.98011,0.01989
207.36000,1.01193,0.98509,0.01491
207.48000,1.01195,0.96108,0.03892
207.60001,1.01193,0.95492,0.04508
207.72000,1.01193,0.89218,0.10782
207.84000,1.01195,0.97210,0.02790
207.96001,1.01193,0.92443,0.07557
208.08000,1.01193,0.90694,0.09306
208.20000,1.01195,0.92613,0.07387
208.32001,1.01193,0.96595,0.03405
208.44000,1.01193,0.97888,0.02112
208.56000,1.01193,0.96317,0.03683
208.67999,1.01195,0.98411,0.01589
208.80000,1.01193,0.94248,0.05752
208.92000,1.01193,0.97238,0.02762
209.03999,1.01195,0.94267,0.05733
209.16000,1.01193,0.97389,0.02611
209.28000,1.01193,0.91816,0.08184
209.39999,1.01195,0.96825,0.03175
209.52000,1.01193,0.93202,0.06798
209.64000,1.01193,0.95078,0.04922
209.75999,1.01195,0.92749,0.07251
209.88000,1.01193,0.74304,0.25696
210.00000,1.01193,0.88787,0.11213
210.12000,1.01195,0.50874,0.49126
210.24001,1.01193,0.93152,0.06848
210.36000,1.01193,0.79744,0.20256
210.48000,1.01195,0.93423,0.06577
210.60001,1.01193,0.96208,0.03792
210.72000,1.01193,0.79750,0.20250
210.84000,1.01195,0.94040,0.05960
210.96001,1.01193,0.77456,0.22544
211.08000,1.01193,0.94467,0.05533
211.20000,1.01195,0.85785,0.14215
211.32001,1.01193,0.89144,0.10856
211.44000,1.01193,0.93353,0.06647
211.56000,1.01193,0.89686,0.10314
211.67999,1.01195,0.84997,0.15003
211.80000,1.01193,0.90212,0.09788
211.92000,1.01193,0.95408,0.04592
212.03999,1.01195,0.87948,0.12052
212.16000,1.01193,0.68382,0.31618
212.28000,1.01193,0.94343,0.05657
212.39999,1.01195,0.91792,0.08208
212.52000,1.01193,0.96254,0.03746
212.64000,1.01193,0.95223,0.04777
212.75999,1.01195,0.97717,0.02283
212.88000,1.01193,0.97991,0.02009
213.00000,1.01193,0.99232,0.00768
213.12000,1.01195,0.97943,0.02057
213.24001,1.01193,0.99236,0.00764
213.36000,1.01193,0.99211,0.00789
213.48000,1.01195,0.99522,0.00478
213.60001,1.01193,0.98814,0.01186
213.72000,1.01193,0.99630,0.00370
213.84000,1.01195,0.99147,0.00853
213.96001,1.01193,0.99507,0.00493
214.08000,1.01193,0.99210,0.00790
214.20000,1.01195,0.99047,0.00953
214.32001,1.01193,0.99022,0.00978
214.44000,1.01193,0.99072,0.00928
214.56000,1.01193,0.99552,0.00448
214.67999,1.01195,0.98345,0.01655
214.80000,1.01193,0.99174,0.00826
214.92000,1.01193,0.94733,0.05267
215.03999,1.01195,0.95523,0.04477
215.16000,1.01193,0.96452,0.03548
215.28000,1.01193,0.95726,0.04274
215.39999,1.01195,0.87513,0.12487
215.52000,1.01193,0.94198,0.05802
215.64000,1.01193,0.92304,0.07696
215.75999,1.01195,0.95780,0.04220
215.88000,1.01193,0.96677,0.03323
216.00000,1.01193,0.94366,0.05634
216.12000,1.01195,0.96364,0.03636
216.24001,1.01193,0.93933,0.06067
216.36000,1.01193,0.95714,0.04286
216.48000,1.01195,0.91982,0.08018
216.60001,1.01193,0.94982,0.05018
216.72000,1.01193,0.83050,0.16950
216.84000,1.01195,0.96785,0.03215
216.96001,1.01193,0.89260,0.10740
217.08000,1.01193,0.97945,0.02055
217.20000,1.01195,0.96688,0.03312
217.32001,1.01193,0.98252,0.01748
217.44000,1.01193,0.99102,0.00898
217.56000,1.01193,0.99272,0.00728
217.67999,1.01195,0.98961,0.01039
217.80000,1.01193,0.99334,0.00666
217.92000,1.01193,0.97819,0.02181
218.03999,1.01195,0.98395,0.01605
218.16000,1.01193,0.98607,0.01393
218.28000,1.01193,0.96846,0.03154
218.39999,1.01195,0.98398,0.01602
218.52000,1.01193,0.96149,0.03851
218.64000,1.01193,0.95930,0.04070
218.75999,1.01195,0.66805,0.33195
218.88000,1.01193,0.97292,0.02708
219.00000,1.01193,0.65972,0.34028
219.12000,1.01195,0.97103,0.02897
219.24001,1.01193,0.71073,0.28927
219.36000,1.01193,0.87011,0.12989
219.48000,1.01195,0.89049,0.10951
219.60001,1.01193,0.92137,0.07863
219.72000,1.01193,0.94437,0.05563
219.84000,1.01195,0.95847,0.04153
219.96001,1.01193,0.92582,0.07418
220.08000,1.01193,0.96122,0.03878
220.20000,1.01195,0.98717,0.01283
220.32001,1.01193,0.99107,0.00893
220.44000,1.01193,0.98726,0.01274
220.56000,1.01193,0.98289,0.01711
220.67999,1.01195,0.99488,0.00512
220.80000,1.01193,0.99015,0.00985
220.92000,1.01193,0.99453,0.00547
221.03999,1.01195,0.99020,0.00980
221.16000,1.01193,0.99063,0.00937
221.28000,1.01193,0.99525,0.00475
221.39999,1.01195,0.98683,0.01317
221.52000,1.01193,0.99323,0.00677
221.64000,1.01193,0.99158,0.00842
221.75999,1.01195,0.99593,0.00407
221.88000,1.01193,0.99387,0.00613
222.00000,1.01193,0.99073,0.00927
222.12000,1.01195,0.97866,0.02134
222.24001,1.01193,0.97534,0.02466
222.36000,1.01193,0.98692,0.01308
222.48000,1.01195,0.98196,0.01804
222.60001,1.01193,0.98895,0.01105
222.72000,1.01193,0.96746,0.03254
222.84000,1.01195,0.99454,0.00546
222.96001,1.01193,0.98788,0.01212
223.08000,1.01193,0.99603,0.00397
223.20000,1.01195,0.99004,0.00996
223.32001,1.01193,0.99544,0.00456
223.44000,1.01193,0.99118,0.00882
223.56000,1.01193,0.98344,0.01656
223.67999,1.01195,0.99100,0.00900
223.80000,1.01193,0.99045,0.00955
223.92000,1.01193,0.98753,0.01247
224.03999,1.01195,0.98680,0.01320
224.16000,1.01193,0.97840,0.02160
224.28000,1.01193,0.99279,0.00721
224.39999,1.01195,0.98971,0.01029
224.52000,1.01193,0.99258,0.00742
224.64000,1.01193,0.97810,0.02190
224.75999,1.01195,0.98828,0.01172
224.88000,1.01193,0.99431,0.00569
225.00000,1.01193,0.99025,0.00975
225.12000,1.01195,0.99269,0.00731
