Time (seconds), Duration (seconds),pred_unlabelled,pred_baby_cry
0.00000,0.62194,1.00000,0.00000
0.33000,0.62194,1.00000,0.00000
0.66000,0.62194,1.00000,0.00000
0.99000,0.62194,1.00000,0.00000
1.32000,0.62194,1.00000,0.00000
1.65000,0.62194,1.00000,0.00000
1.98000,0.62194,1.00000,0.00000
2.31000,0.62194,1.00000,0.00000
2.64000,0.62194,1.00000,0.00000
2.97000,0.62194,1.00000,0.00000
3.30000,0.62194,1.00000,0.00000
3.63000,0.62194,0.25325,0.74675
3.96000,0.62194,0.00006,0.99994
4.29000,0.62194,0.23316,0.76684
4.62000,0.62194,0.54777,0.45223
4.95000,0.62194,0.36287,0.63713
5.28000,0.62194,1.00000,0.00000
5.61000,0.62194,1.00000,0.00000
5.94000,0.62194,1.00000,0.00000
6.27000,0.62194,1.00000,0.00000
6.60000,0.62194,0.99999,0.00001
6.93000,0.62194,0.89941,0.10059
7.26000,0.62194,0.00056,0.99944
7.59000,0.62194,0.00032,0.99968
7.92000,0.62194,0.00052,0.99948
8.25000,0.62194,0.00129,0.99871
8.58000,0.62194,0.00045,0.99955
8.91000,0.62194,0.99837,0.00163
9.24000,0.62194,1.00000,0.00000
9.57000,0.62194,1.00000,0.00000
9.90000,0.62194,1.00000,0.00000
10.23000,0.62194,0.81767,0.18233
10.56000,0.62194,0.00038,0.99962
10.89000,0.62194,0.00016,0.99984
11.22000,0.62194,0.00015,0.99985
11.55000,0.62194,0.81409,0.18591
11.88000,0.62194,1.00000,0.00000
12.21000,0.62194,1.00000,0.00000
12.54000,0.62194,0.95747,0.04253
12.87000,0.62194,0.01908,0.98092
13.20000,0.62194,0.89958,0.10042
13.53000,0.62194,0.99978,0.00022
13.86000,0.62194,0.98786,0.01214
14.19000,0.62194,0.00237,0.99763
14.52000,0.62194,0.00023,0.99977
14.85000,0.62194,0.00108,0.99892
15.18000,0.62194,0.00005,0.99995
15.51000,0.62194,0.00008,0.99992
15.84000,0.62194,0.99862,0.00138
16.17000,0.62194,1.00000,0.00000
16.50000,0.62194,0.99991,0.00009
16.83000,0.62194,0.02903,0.97097
17.16000,0.62194,0.00074,0.99926
17.49000,0.62194,0.00153,0.99847
17.82000,0.62194,0.00111,0.99889
18.15000,0.62194,0.00017,0.99983
18.48000,0.62194,0.00044,0.99956
18.81000,0.62194,0.93012,0.06988
19.14000,0.62194,1.00000,0.00000
19.47000,0.62194,1.00000,0.00000
19.80000,0.62194,1.00000,0.00000
20.13000,0.62194,1.00000,0.00000
20.46000,0.62194,1.00000,0.00000
20.79000,0.62194,1.00000,0.00000
21.12000,0.62194,0.78872,0.21128
21.45000,0.62194,0.00442,0.99558
21.78000,0.62194,0.00583,0.99417
22.11000,0.62194,0.98936,0.01064
22.44000,0.62194,0.99999,0.00001
22.77000,0.62194,1.00000,0.00000
23.10000,0.62194,1.00000,0.00000
23.43000,0.62194,1.00000,0.00000
23.76000,0.62194,1.00000,0.00000
24.09000,0.62194,1.00000,0.00000
24.42000,0.62194,1.00000,0.00000
24.75000,0.62194,1.00000,0.00000
25.08000,0.62194,1.00000,0.00000
25.41000,0.62194,1.00000,0.00000
25.74000,0.62194,1.00000,0.00000
26.07000,0.62194,0.99997,0.00003
26.40000,0.62194,0.53414,0.46586
26.73000,0.62194,0.00069,0.99931
27.06000,0.62194,0.00017,0.99983
27.39000,0.62194,0.07860,0.92140
27.72000,0.62194,0.10597,0.89403
28.05000,0.62194,1.00000,0.00000
28.38000,0.62194,1.00000,0.00000
28.71000,0.62194,1.00000,0.00000
29.04000,0.62194,0.99889,0.00111
29.37000,0.62194,0.01661,0.98339
29.70000,0.62194,0.02392,0.97608
30.03000,0.62194,0.00144,0.99856
30.36000,0.62194,0.00055,0.99945
30.69000,0.62194,0.00294,0.99706
31.02000,0.62194,0.76914,0.23086
31.35000,0.62194,1.00000,0.00000
31.68000,0.62194,1.00000,0.00000
32.01000,0.62194,0.74430,0.25570
32.34000,0.62194,0.01618,0.98382
32.67000,0.62194,0.05083,0.94917
33.00000,0.62194,0.01125,0.98875
33.33000,0.62194,0.00069,0.99931
33.66000,0.62194,0.34028,0.65972
33.99000,0.62194,1.00000,0.00000
34.32000,0.62194,0.04740,0.95260
34.65000,0.62194,0.00206,0.99794
34.98000,0.62194,0.00009,0.99991
35.31000,0.62194,0.00002,0.99998
35.64000,0.62194,0.00041,0.99959
35.97000,0.62194,0.97506,0.02494
36.30000,0.62194,0.99993,0.00007
36.63000,0.62194,0.01893,0.98107
36.96000,0.62194,0.00008,0.99992
37.29000,0.62194,0.00127,0.99873
37.62000,0.62194,0.49100,0.50900
37.95000,0.62194,0.99997,0.00003
38.28000,0.62194,0.14762,0.85238
38.61000,0.62194,0.00657,0.99343
38.94000,0.62194,0.00185,0.99815
39.27000,0.62194,0.02933,0.97067
39.60000,0.62194,0.17089,0.82911
39.93000,0.62194,0.99994,0.00006
40.26000,0.62194,1.00000,0.00000
40.59000,0.62194,1.00000,0.00000
40.92000,0.62194,1.00000,0.00000
41.25000,0.62194,1.00000,0.00000
41.58000,0.62194,1.00000,0.00000
41.91000,0.62194,1.00000,0.00000
42.24000,0.62194,1.00000,0.00000
42.57000,0.62194,0.99999,0.00001
42.90000,0.62194,0.99734,0.00266
43.23000,0.62194,0.00411,0.99589
43.56000,0.62194,1.00000,0.00000
43.89000,0.62194,0.99997,0.00003
44.22000,0.62194,1.00000,0.00000
44.55000,0.62194,1.00000,0.00000
44.88000,0.62194,1.00000,0.00000
45.21000,0.62194,1.00000,0.00000
45.54000,0.62194,1.00000,0.00000
45.87000,0.62194,1.00000,0.00000
46.20000,0.62194,1.00000,0.00000
46.53000,0.62194,1.00000,0.00000
46.86000,0.62194,1.00000,0.00000
47.19000,0.62194,1.00000,0.00000
47.52000,0.62194,1.00000,0.00000
47.85000,0.62194,1.00000,0.00000
48.18000,0.62194,1.00000,0.00000
48.51000,0.62194,1.00000,0.00000
48.84000,0.62194,1.00000,0.00000
49.17000,0.62194,1.00000,0.00000
49.50000,0.62194,1.00000,0.00000
49.83000,0.62194,1.00000,0.00000
50.16000,0.62194,1.00000,0.00000
50.49000,0.62194,1.00000,0.00000
50.82000,0.62194,0.99999,0.00001
51.15000,0.62194,1.00000,0.00000
51.48000,0.62194,1.00000,0.00000
51.81000,0.62194,1.00000,0.00000
52.14000,0.62194,1.00000,0.00000
52.47000,0.62194,1.00000,0.00000
52.80000,0.62194,1.00000,0.00000
53.13000,0.62194,1.00000,0.00000
53.46000,0.62194,1.00000,0.00000
53.79000,0.62194,1.00000,0.00000
54.12000,0.62194,1.00000,0.00000
54.45000,0.62194,1.00000,0.00000
54.78000,0.62194,1.00000,0.00000
55.11000,0.62194,1.00000,0.00000
55.44000,0.62194,1.00000,0.00000
55.77000,0.62194,1.00000,0.00000
56.10000,0.62194,0.79704,0.20296
56.43000,0.62194,0.00034,0.99966
56.76000,0.62194,0.79541,0.20459
57.09000,0.62194,0.62258,0.37742
57.42000,0.62194,0.98751,0.01249
57.75000,0.62194,1.00000,0.00000
58.08000,0.62194,1.00000,0.00000
58.41000,0.62194,1.00000,0.00000
58.74000,0.62194,0.83073,0.16927
59.07000,0.62194,0.53647,0.46353
59.40000,0.62194,0.04211,0.95789
59.73000,0.62194,0.61026,0.38974
60.06000,0.62194,0.99213,0.00787
60.39000,0.62194,0.31586,0.68414
60.72000,0.62194,0.99725,0.00275
61.05000,0.62194,1.00000,0.00000
61.38000,0.62194,1.00000,0.00000
61.71000,0.62194,0.99994,0.00006
62.04000,0.62194,0.12004,0.87996
62.37000,0.62194,0.18677,0.81323
62.70000,0.62194,0.02144,0.97856
63.03000,0.62194,0.00633,0.99367
63.36000,0.62194,0.00628,0.99372
63.69000,0.62194,0.36642,0.63358
64.02000,0.62194,1.00000,0.00000
64.35000,0.62194,0.99998,0.00002
64.68000,0.62194,1.00000,0.00000
65.01000,0.62193,1.00000,0.00000
65.34000,0.62194,1.00000,0.00000
65.67000,0.62194,1.00000,0.00000
66.00000,0.62194,1.00000,0.00000
66.33000,0.62193,1.00000,0.00000
66.66000,0.62193,1.00000,0.00000
66.99000,0.62194,1.00000,0.00000
67.32000,0.62194,1.00000,0.00000
67.65000,0.62193,1.00000,0.00000
67.98000,0.62193,1.00000,0.00000
68.31000,0.62194,1.00000,0.00000
68.64000,0.62194,1.00000,0.00000
68.97000,0.62193,1.00000,0.00000
69.30000,0.62193,1.00000,0.00000
69.63000,0.62194,1.00000,0.00000
69.96000,0.62194,1.00000,0.00000
70.29000,0.62193,1.00000,0.00000
70.62000,0.62193,0.24119,0.75881
70.95000,0.62194,0.88836,0.11164
71.28000,0.62194,0.97006,0.02994
71.61000,0.62194,0.95978,0.04022
71.94000,0.62193,0.99972,0.00028
72.27000,0.62194,0.99990,0.00010
72.60000,0.62194,1.00000,0.00000
72.93000,0.62194,1.00000,0.00000
73.26000,0.62193,1.00000,0.00000
73.59000,0.62194,1.00000,0.00000
73.92000,0.62194,1.00000,0.00000
74.25000,0.62194,0.99998,0.00002
74.58000,0.62193,0.02742,0.97258
74.91000,0.62193,0.00288,0.99712
75.24000,0.62194,0.00048,0.99952
75.57000,0.62194,0.00653,0.99347
75.90000,0.62193,0.99360,0.00640
76.23000,0.62193,0.99999,0.00001
76.56000,0.62194,0.99458,0.00542
76.89000,0.62194,0.00518,0.99482
77.22000,0.62193,0.00704,0.99296
77.55000,0.62193,0.03798,0.96202
77.88000,0.62194,0.24263,0.75737
78.21000,0.62194,0.96914,0.03086
78.54000,0.62193,0.86274,0.13726
78.87000,0.62193,0.81161,0.18839
79.20000,0.62194,0.99999,0.00001
79.53000,0.62194,1.00000,0.00000
79.86000,0.62194,0.99987,0.00013
80.19000,0.62193,0.13369,0.86631
80.52000,0.62194,0.27716,0.72284
80.85000,0.62194,0.15070,0.84930
81.18000,0.62194,0.69946,0.30054
81.51000,0.62193,1.00000,0.00000
81.84000,0.62194,1.00000,0.00000
82.17000,0.62194,0.00261,0.99739
82.50000,0.62194,0.00006,0.99994
82.83000,0.62193,0.01299,0.98701
83.16000,0.62193,0.99990,0.00010
83.49000,0.62194,0.44443,0.55557
83.82000,0.62194,0.00012,0.99988
84.15000,0.62193,0.00018,0.99982
84.48000,0.62193,0.07591,0.92409
84.81000,0.62194,1.00000,0.00000
85.14000,0.62194,0.99705,0.00295
85.47000,0.62193,0.03468,0.96532
85.80000,0.62193,0.40256,0.59744
86.13000,0.62194,0.71758,0.28242
86.46000,0.62194,0.00031,0.99969
86.79000,0.62193,0.97366,0.02634
87.12000,0.62193,1.00000,0.00000
87.45000,0.62194,0.99997,0.00003
87.78000,0.62194,0.33908,0.66092
88.11000,0.62194,0.87345,0.12655
88.44000,0.62193,0.86401,0.13599
88.77000,0.62194,0.99800,0.00200
89.10000,0.62194,0.99044,0.00956
89.43000,0.62194,0.99676,0.00324
89.76000,0.62193,0.99982,0.00018
90.09000,0.62194,0.99880,0.00120
90.42000,0.62194,1.00000,0.00000
90.75000,0.62194,1.00000,0.00000
91.08000,0.62193,0.99364,0.00636
91.41000,0.62193,0.99999,0.00001
91.74000,0.62194,0.99999,0.00001
92.07000,0.62194,1.00000,0.00000
92.40000,0.62193,1.00000,0.00000
92.73000,0.62193,0.99997,0.00003
93.06000,0.62194,0.99991,0.00009
93.39000,0.62194,0.99999,0.00001
93.72000,0.62193,1.00000,0.00000
94.05000,0.62193,0.98191,0.01809
94.38000,0.62194,0.00409,0.99591
94.71000,0.62194,0.00032,0.99969
95.04000,0.62193,0.00911,0.99089
95.37000,0.62193,0.08878,0.91122
95.70000,0.62194,0.02408,0.97592
96.03000,0.62194,0.51147,0.48853
96.36000,0.62194,0.99975,0.00025
96.69000,0.62193,0.99997,0.00003
97.02000,0.62194,0.98708,0.01292
97.35000,0.62194,0.00004,0.99996
97.68000,0.62194,0.00004,0.99996
98.01000,0.62193,0.00130,0.99870
98.34000,0.62194,0.97352,0.02648
98.67000,0.62194,0.99032,0.00968
99.00000,0.62194,0.97337,0.02663
99.33000,0.62193,0.08876,0.91124
99.66000,0.62193,0.00372,0.99628
99.99000,0.62194,0.00034,0.99966
100.32000,0.62194,0.00358,0.99642
100.65000,0.62193,0.00032,0.99968
100.98000,0.62193,0.00080,0.99920
101.31000,0.62194,0.01276,0.98724
101.64000,0.62194,0.99851,0.00149
101.97000,0.62193,0.91331,0.08669
102.30000,0.62193,0.50067,0.49933
102.63000,0.62194,0.95142,0.04858
102.96000,0.62194,0.99611,0.00389
103.29000,0.62193,0.04958,0.95042
103.62000,0.62193,0.01996,0.98004
103.95000,0.62194,0.99916,0.00084
104.28000,0.62194,0.99989,0.00011
104.61000,0.62194,0.99998,0.00002
104.94000,0.62193,0.99990,0.00010
105.27000,0.62194,0.99995,0.00005
105.60000,0.62194,0.99994,0.00006
105.93000,0.62194,0.99942,0.00058
106.26000,0.62193,0.99888,0.00112
106.59000,0.62194,0.99913,0.00087
106.92000,0.62194,0.99970,0.00030
107.25000,0.62194,0.99952,0.00048
107.58000,0.62193,0.99932,0.00068
107.91000,0.62193,0.99970,0.00030
108.24000,0.62194,0.99811,0.00189
108.57000,0.62194,0.99919,0.00081
108.90000,0.62193,0.99824,0.00176
109.23000,0.62193,0.99992,0.00008
109.56000,0.62194,1.00000,0.00000
109.89000,0.62194,1.00000,0.00000
110.22000,0.62193,0.99998,0.00002
110.55000,0.62193,0.99925,0.00075
110.88000,0.62194,0.99431,0.00569
111.21000,0.62194,0.99973,0.00027
111.54000,0.62193,0.99997,0.00003
111.87000,0.62193,0.99942,0.00058
112.20000,0.62194,0.99937,0.00063
112.53000,0.62194,0.99948,0.00052
112.86000,0.62194,0.99978,0.00022
113.19000,0.62193,0.98982,0.01018
113.52000,0.62194,0.99664,0.00336
113.85000,0.62194,0.60027,0.39973
114.18000,0.62194,0.99981,0.00019
114.51000,0.62193,0.99901,0.00099
114.84000,0.62194,0.99302,0.00698
115.17000,0.62194,0.99955,0.00045
115.50000,0.62194,0.99892,0.00108
115.83000,0.62193,0.99918,0.00082
116.16000,0.62193,0.93360,0.06640
116.49000,0.62194,0.99999,0.00001
116.82000,0.62194,1.00000,0.00000
117.15000,0.62193,1.00000,0.00000
117.48000,0.62193,1.00000,0.00000
117.81000,0.62194,1.00000,0.00000
118.14000,0.62194,1.00000,0.00000
118.47000,0.62193,1.00000,0.00000
118.80000,0.62193,0.99960,0.00040
119.13000,0.62194,0.99991,0.00009
119.46000,0.62194,1.00000,0.00000
119.79000,0.62193,1.00000,0.00000
120.12000,0.62193,0.99997,0.00003
120.45000,0.62194,1.00000,0.00000
120.78000,0.62194,1.00000,0.00000
121.11000,0.62194,1.00000,0.00000
121.44000,0.62193,0.99996,0.00004
121.77000,0.62194,0.99994,0.00006
122.10000,0.62194,0.99308,0.00692
122.43000,0.62194,0.99998,0.00002
122.76000,0.62193,0.99998,0.00002
123.09000,0.62194,1.00000,0.00000
123.42000,0.62194,0.99999,0.00001
123.75000,0.62194,1.00000,0.00000
124.08000,0.62193,0.99990,0.00010
124.41000,0.62193,0.99999,0.00001
124.74000,0.62194,0.98210,0.01790
125.07000,0.62194,0.99362,0.00638
125.40000,0.62193,1.00000,0.00000
125.73000,0.62193,1.00000,0.00000
126.06000,0.62194,1.00000,0.00000
126.39000,0.62194,0.99998,0.00002
126.72000,0.62193,1.00000,0.00000
127.05000,0.62193,0.99754,0.00246
127.38000,0.62194,0.90406,0.09594
127.71000,0.62194,0.99998,0.00002
128.03999,0.62195,0.99974,0.00026
128.37000,0.62195,0.99998,0.00002
128.70000,0.62193,0.99999,0.00001
129.03000,0.62193,1.00000,0.00000
129.36000,0.62193,1.00000,0.00000
129.69000,0.62193,1.00000,0.00000
