Time (seconds), Duration (seconds),pred_unlabelled,pred_baby_cry,pred_cough,pred_water_tap
0.00000,0.67194,0.98714,0.00016,0.00000,0.01270
0.05000,0.67194,0.99200,0.00025,0.00000,0.00775
0.10000,0.67194,0.97707,0.00009,0.00000,0.02284
0.15000,0.67194,0.99380,0.00004,0.00000,0.00616
0.20000,0.67194,0.96674,0.00007,0.00000,0.03319
0.25000,0.67194,0.97532,0.00013,0.00000,0.02454
0.30000,0.67194,0.96783,0.00013,0.00000,0.03204
0.35000,0.67194,0.98153,0.00009,0.00000,0.01838
0.40000,0.67194,0.98467,0.00008,0.00000,0.01524
0.45000,0.67194,0.96476,0.00005,0.00000,0.03519
0.50000,0.67194,0.98323,0.00016,0.00000,0.01661
0.55000,0.67194,0.98073,0.00004,0.00000,0.01923
0.60000,0.67194,0.97543,0.00009,0.00000,0.02447
0.65000,0.67194,0.96608,0.00007,0.00000,0.03385
0.70000,0.67194,0.97413,0.00007,0.00000,0.02580
0.75000,0.67194,0.97101,0.00002,0.00000,0.02897
0.80000,0.67194,0.99273,0.00004,0.00000,0.00723
0.85000,0.67194,0.99050,0.00002,0.00000,0.00948
0.90000,0.67194,0.98803,0.00006,0.00000,0.01191
0.95000,0.67194,0.97359,0.00004,0.00000,0.02637
1.00000,0.67194,0.99521,0.00003,0.00000,0.00476
1.05000,0.67194,0.97234,0.00004,0.00000,0.02762
1.10000,0.67194,0.98930,0.00012,0.00000,0.01058
1.15000,0.67194,0.99131,0.00004,0.00000,0.00864
1.20000,0.67194,0.99417,0.00014,0.00000,0.00569
1.25000,0.67194,0.99462,0.00016,0.00000,0.00522
1.30000,0.67194,0.98257,0.00020,0.00000,0.01723
1.35000,0.67194,0.98376,0.00073,0.00000,0.01551
1.40000,0.67194,0.96372,0.00845,0.00000,0.02783
1.45000,0.67194,0.97985,0.00374,0.00000,0.01641
1.50000,0.67194,0.95147,0.02214,0.00000,0.02640
1.55000,0.67194,0.96652,0.01573,0.00001,0.01775
1.60000,0.67194,0.93702,0.04120,0.00001,0.02178
1.65000,0.67194,0.83292,0.09634,0.00006,0.07068
1.70000,0.67194,0.80277,0.13267,0.00018,0.06437
1.75000,0.67194,0.78581,0.17831,0.00022,0.03566
1.80000,0.67194,0.85708,0.10978,0.00305,0.03010
1.85000,0.67194,0.67551,0.28095,0.00219,0.04135
1.90000,0.67194,0.82943,0.14733,0.01900,0.00424
1.95000,0.67194,0.85789,0.12056,0.00557,0.01599
2.00000,0.67194,0.90488,0.09046,0.00305,0.00161
2.05000,0.67194,0.82896,0.16942,0.00065,0.00097
2.10000,0.67194,0.88029,0.11777,0.00144,0.00051
2.15000,0.67194,0.85721,0.14245,0.00013,0.00022
2.20000,0.67194,0.96251,0.03725,0.00014,0.00010
2.25000,0.67194,0.88612,0.11379,0.00001,0.00008
2.30000,0.67194,0.90852,0.09144,0.00002,0.00002
2.35000,0.67194,0.95395,0.04604,0.00001,0.00001
2.40000,0.67194,0.98178,0.01821,0.00001,0.00000
2.45000,0.67194,0.91811,0.08188,0.00000,0.00000
2.50000,0.67194,0.98096,0.01903,0.00000,0.00001
2.55000,0.67194,0.98289,0.01711,0.00000,0.00000
2.60000,0.67194,0.98277,0.01722,0.00000,0.00001
2.65000,0.67194,0.99017,0.00983,0.00000,0.00000
2.70000,0.67194,0.99632,0.00368,0.00000,0.00001
2.75000,0.67194,0.99828,0.00172,0.00000,0.00000
2.80000,0.67194,0.99947,0.00050,0.00000,0.00003
2.85000,0.67194,0.99838,0.00158,0.00000,0.00003
2.90000,0.67194,0.99940,0.00047,0.00000,0.00013
2.95000,0.67194,0.99977,0.00013,0.00000,0.00009
3.00000,0.67194,0.99958,0.00028,0.00000,0.00015
3.05000,0.67194,0.99969,0.00008,0.00000,0.00024
3.10000,0.67194,0.99916,0.00035,0.00000,0.00049
3.15000,0.67194,0.99927,0.00023,0.00000,0.00050
3.20000,0.67194,0.99863,0.00007,0.00000,0.00130
3.25000,0.67194,0.99758,0.00026,0.00000,0.00217
3.30000,0.67194,0.99415,0.00016,0.00000,0.00569
3.35000,0.67194,0.99368,0.00011,0.00000,0.00621
3.40000,0.67194,0.98657,0.00015,0.00000,0.01328
3.45000,0.67194,0.99478,0.00018,0.00000,0.00504
3.50000,0.67194,0.98686,0.00026,0.00000,0.01287
3.55000,0.67194,0.98782,0.00019,0.00000,0.01199
3.60000,0.67194,0.97002,0.00097,0.00000,0.02900
3.65000,0.67194,0.97727,0.00090,0.00000,0.02183
3.70000,0.67194,0.94915,0.00024,0.00000,0.05061
3.75000,0.67194,0.92303,0.00018,0.00000,0.07679
3.80000,0.67194,0.97515,0.00021,0.00000,0.02464
3.85000,0.67194,0.98468,0.00029,0.00000,0.01502
3.90000,0.67194,0.96358,0.00008,0.00000,0.03634
3.95000,0.67194,0.97348,0.00064,0.00000,0.02588
4.00000,0.67194,0.99036,0.00020,0.00000,0.00944
4.05000,0.67194,0.98917,0.00008,0.00000,0.01074
4.10000,0.67194,0.96523,0.00024,0.00000,0.03453
4.15000,0.67194,0.98898,0.00014,0.00000,0.01087
4.20000,0.67194,0.93819,0.00036,0.00000,0.06145
4.25000,0.67194,0.97834,0.00020,0.00000,0.02146
4.30000,0.67194,0.92369,0.00042,0.00007,0.07582
4.35000,0.67194,0.96883,0.00038,0.00004,0.03075
4.40000,0.67194,0.85805,0.00039,0.00010,0.14147
4.45000,0.67194,0.90174,0.00033,0.00010,0.09782
4.50000,0.67194,0.91536,0.00037,0.00049,0.08378
4.55000,0.67194,0.88923,0.00021,0.00030,0.11026
4.60000,0.67194,0.46384,0.00046,0.00025,0.53546
4.65000,0.67194,0.76147,0.00023,0.00069,0.23761
4.70000,0.67194,0.46737,0.00050,0.00012,0.53202
4.75000,0.67194,0.53578,0.00013,0.00004,0.46405
4.80000,0.67194,0.44800,0.00008,0.00002,0.55189
4.85000,0.67194,0.66277,0.00010,0.00001,0.33713
4.90000,0.67194,0.76334,0.00007,0.00002,0.23657
4.95000,0.67194,0.70095,0.00007,0.00000,0.29898
5.00000,0.67194,0.81323,0.00008,0.00000,0.18668
5.05000,0.67194,0.84725,0.00001,0.00000,0.15274
5.10000,0.67194,0.98852,0.00013,0.00000,0.01135
5.15000,0.67194,0.99815,0.00011,0.00000,0.00174
5.20000,0.67194,0.99737,0.00019,0.00000,0.00244
5.25000,0.67194,0.99828,0.00013,0.00000,0.00159
5.30000,0.67194,0.99815,0.00066,0.00000,0.00119
5.35000,0.67194,0.99844,0.00092,0.00000,0.00065
5.40000,0.67194,0.99961,0.00018,0.00000,0.00021
5.45000,0.67194,0.99828,0.00113,0.00000,0.00060
5.50000,0.67194,0.99881,0.00029,0.00000,0.00090
5.55000,0.67194,0.99821,0.00136,0.00000,0.00042
5.60000,0.67194,0.99908,0.00061,0.00000,0.00031
5.65000,0.67194,0.99885,0.00093,0.00001,0.00021
5.70000,0.67194,0.99866,0.00109,0.00000,0.00025
5.75000,0.67194,0.99920,0.00070,0.00000,0.00009
5.80000,0.67194,0.99869,0.00084,0.00000,0.00047
5.85000,0.67194,0.99683,0.00315,0.00000,0.00002
5.90000,0.67194,0.99855,0.00142,0.00000,0.00003
5.95000,0.67194,0.99662,0.00337,0.00000,0.00001
6.00000,0.67194,0.99598,0.00402,0.00000,0.00000
6.05000,0.67194,0.99026,0.00974,0.00000,0.00000
6.10000,0.67194,0.99413,0.00586,0.00002,0.00000
6.15000,0.67194,0.99132,0.00867,0.00001,0.00000
6.20000,0.67194,0.97960,0.02040,0.00000,0.00000
6.25000,0.67194,0.97946,0.02053,0.00000,0.00000
6.30000,0.67194,0.96453,0.03546,0.00001,0.00001
6.35000,0.67194,0.95961,0.04036,0.00000,0.00003
6.40000,0.67194,0.94809,0.05187,0.00000,0.00005
6.45000,0.67194,0.81920,0.18057,0.00000,0.00023
6.50000,0.67194,0.83891,0.16058,0.00001,0.00049
6.55000,0.67194,0.75545,0.24439,0.00002,0.00014
6.60000,0.67194,0.82897,0.16986,0.00005,0.00112
6.65000,0.67194,0.45128,0.54828,0.00001,0.00043
6.70000,0.67194,0.55919,0.43968,0.00009,0.00104
6.75000,0.67194,0.34989,0.64987,0.00005,0.00019
6.80000,0.67194,0.37966,0.61941,0.00029,0.00064
6.85000,0.67194,0.37146,0.62714,0.00133,0.00007
6.90000,0.67194,0.27298,0.72553,0.00079,0.00070
6.95000,0.67194,0.30653,0.68921,0.00424,0.00003
7.00000,0.67194,0.26713,0.73110,0.00174,0.00003
7.05000,0.67194,0.30706,0.68892,0.00401,0.00001
7.10000,0.67194,0.44149,0.55294,0.00556,0.00001
7.15000,0.67194,0.34322,0.65646,0.00032,0.00000
7.20000,0.67194,0.67322,0.32523,0.00155,0.00000
7.25000,0.67194,0.64624,0.35192,0.00183,0.00000
7.30000,0.67194,0.54322,0.45644,0.00034,0.00000
7.35000,0.67194,0.72229,0.27738,0.00032,0.00002
7.40000,0.67194,0.58321,0.41677,0.00002,0.00001
7.45000,0.67194,0.85965,0.14028,0.00001,0.00006
7.50000,0.67194,0.90461,0.09537,0.00001,0.00001
7.55000,0.67194,0.89465,0.10529,0.00000,0.00005
7.60000,0.67194,0.96305,0.03691,0.00000,0.00004
7.65000,0.67194,0.94588,0.05396,0.00000,0.00016
7.70000,0.67194,0.95720,0.04273,0.00000,0.00007
7.75000,0.67194,0.98617,0.01376,0.00000,0.00007
7.80000,0.67194,0.97420,0.02569,0.00000,0.00011
7.85000,0.67194,0.98131,0.01858,0.00000,0.00011
7.90000,0.67194,0.99268,0.00728,0.00000,0.00004
7.95000,0.67194,0.99165,0.00834,0.00000,0.00001
8.00000,0.67194,0.99704,0.00270,0.00000,0.00025
8.05000,0.67194,0.99102,0.00894,0.00000,0.00005
8.10000,0.67194,0.99734,0.00255,0.00000,0.00010
8.15000,0.67194,0.99479,0.00519,0.00000,0.00002
8.20000,0.67194,0.99592,0.00394,0.00000,0.00014
8.25000,0.67194,0.99804,0.00194,0.00000,0.00002
8.30000,0.67194,0.99301,0.00686,0.00000,0.00013
8.35000,0.67194,0.99655,0.00342,0.00000,0.00003
8.40000,0.67194,0.98926,0.01054,0.00000,0.00019
8.45000,0.67194,0.99472,0.00520,0.00000,0.00008
8.50000,0.67194,0.99247,0.00730,0.00000,0.00023
8.55000,0.67194,0.98540,0.01444,0.00000,0.00017
8.60000,0.67194,0.98902,0.01083,0.00000,0.00014
8.65000,0.67194,0.99401,0.00543,0.00000,0.00056
8.70000,0.67194,0.99117,0.00509,0.00000,0.00374
8.75000,0.67194,0.98413,0.01491,0.00000,0.00096
8.80000,0.67194,0.98226,0.00907,0.00000,0.00867
8.85000,0.67194,0.98679,0.00728,0.00000,0.00592
8.90000,0.67194,0.97686,0.00260,0.00001,0.02053
8.95000,0.67194,0.97336,0.00962,0.00000,0.01702
9.00000,0.67194,0.89466,0.00432,0.00001,0.10101
9.05000,0.67194,0.87102,0.00314,0.00002,0.12583
9.10000,0.67194,0.95383,0.00257,0.00003,0.04357
9.15000,0.67194,0.81574,0.00060,0.00007,0.18358
9.20000,0.67194,0.85596,0.00061,0.00013,0.14330
9.25000,0.67194,0.65431,0.00076,0.00071,0.34422
9.30000,0.67194,0.98253,0.00060,0.00025,0.01661
9.35000,0.67194,0.75683,0.00063,0.00286,0.23968
9.40000,0.67194,0.85365,0.00123,0.00188,0.14323
9.45000,0.67194,0.89491,0.00134,0.00934,0.09441
9.50000,0.67194,0.95470,0.00198,0.01515,0.02817
9.55000,0.67194,0.70796,0.00179,0.01004,0.28022
9.60000,0.67194,0.89778,0.00177,0.00649,0.09397
9.65000,0.67194,0.92558,0.00420,0.00701,0.06321
9.70000,0.67194,0.91467,0.00439,0.00098,0.07996
9.75000,0.67194,0.94978,0.00320,0.00258,0.04443
9.80000,0.67194,0.96408,0.00510,0.00120,0.02961
9.85000,0.67194,0.98463,0.00473,0.00018,0.01046
9.90000,0.67194,0.92710,0.00280,0.00003,0.07006
9.95000,0.67194,0.98929,0.00157,0.00001,0.00914
10.00000,0.67194,0.99380,0.00081,0.00000,0.00539
10.05000,0.67194,0.98167,0.00157,0.00000,0.01676
10.10000,0.67194,0.99056,0.00053,0.00000,0.00891
10.15000,0.67194,0.99863,0.00037,0.00000,0.00100
10.20000,0.67194,0.99840,0.00023,0.00000,0.00138
10.25000,0.67194,0.99822,0.00075,0.00000,0.00103
10.30000,0.67194,0.99826,0.00013,0.00000,0.00161
10.35000,0.67194,0.99814,0.00069,0.00000,0.00117
10.40000,0.67194,0.99859,0.00029,0.00000,0.00112
10.45000,0.67194,0.99590,0.00186,0.00000,0.00224
10.50000,0.67194,0.99627,0.00250,0.00000,0.00123
10.55000,0.67194,0.99691,0.00110,0.00000,0.00199
10.60000,0.67194,0.99470,0.00417,0.00000,0.00112
10.65000,0.67194,0.98223,0.01590,0.00000,0.00187
10.70000,0.67194,0.99140,0.00744,0.00000,0.00116
10.75000,0.67194,0.98098,0.01873,0.00000,0.00028
10.80000,0.67194,0.99283,0.00708,0.00001,0.00008
10.85000,0.67194,0.97389,0.02609,0.00000,0.00001
10.90000,0.67194,0.98246,0.01752,0.00001,0.00001
10.95000,0.67194,0.97975,0.02024,0.00001,0.00000
11.00000,0.67194,0.98982,0.01017,0.00001,0.00000
11.05000,0.67194,0.97060,0.02939,0.00001,0.00000
11.10000,0.67194,0.97718,0.02281,0.00000,0.00000
11.15000,0.67194,0.95881,0.04117,0.00003,0.00000
11.20000,0.67194,0.94162,0.05837,0.00001,0.00000
11.25000,0.67194,0.88672,0.11326,0.00001,0.00000
11.30000,0.67194,0.93456,0.06541,0.00003,0.00000
11.35000,0.67194,0.85542,0.14448,0.00010,0.00000
11.40000,0.67194,0.84497,0.15491,0.00012,0.00000
11.45000,0.67194,0.84851,0.15125,0.00024,0.00000
11.50000,0.67194,0.89076,0.10846,0.00078,0.00000
11.55000,0.67194,0.87763,0.12012,0.00223,0.00001
11.60000,0.67194,0.87499,0.12013,0.00487,0.00002
11.65000,0.67194,0.88901,0.10375,0.00712,0.00011
11.70000,0.67194,0.85908,0.13507,0.00577,0.00008
11.75000,0.67194,0.85817,0.13888,0.00248,0.00046
11.80000,0.67194,0.83768,0.11399,0.04827,0.00006
11.85000,0.67194,0.84229,0.10523,0.05200,0.00048
11.90000,0.67194,0.72065,0.13456,0.14430,0.00048
11.95000,0.67194,0.77370,0.15334,0.07169,0.00128
12.00000,0.67194,0.58345,0.10160,0.31451,0.00044
12.05000,0.67194,0.77294,0.07557,0.15004,0.00145
12.10000,0.67194,0.78459,0.07926,0.13466,0.00149
12.15000,0.67194,0.81363,0.16297,0.02329,0.00012
12.20000,0.67194,0.77946,0.08265,0.13784,0.00006
12.25000,0.67194,0.78682,0.05669,0.15646,0.00003
12.30000,0.67194,0.78909,0.08778,0.12311,0.00002
12.35000,0.67194,0.86693,0.07825,0.05480,0.00002
12.40000,0.67194,0.82301,0.15195,0.02501,0.00003
12.45000,0.67194,0.84948,0.14458,0.00587,0.00006
12.50000,0.67194,0.79241,0.20676,0.00083,0.00001
12.55000,0.67194,0.81700,0.18250,0.00047,0.00002
12.60000,0.67194,0.83245,0.16745,0.00010,0.00000
12.65000,0.67194,0.80675,0.19324,0.00001,0.00000
12.70000,0.67194,0.83228,0.16771,0.00000,0.00000
12.75000,0.67194,0.82996,0.17004,0.00000,0.00000
12.80000,0.67194,0.95943,0.04057,0.00000,0.00000
12.85000,0.67194,0.97165,0.02835,0.00000,0.00000
12.90000,0.67194,0.95988,0.04012,0.00000,0.00000
12.95000,0.67194,0.97565,0.02435,0.00000,0.00000
13.00000,0.67194,0.98516,0.01483,0.00000,0.00000
13.05000,0.67194,0.98647,0.01353,0.00000,0.00000
13.10000,0.67194,0.99164,0.00836,0.00000,0.00000
13.15000,0.67194,0.99589,0.00411,0.00000,0.00000
13.20000,0.67194,0.99610,0.00390,0.00000,0.00000
13.25000,0.67194,0.99610,0.00390,0.00000,0.00000
13.30000,0.67194,0.99731,0.00269,0.00000,0.00000
13.35000,0.67194,0.99587,0.00413,0.00000,0.00000
13.40000,0.67194,0.99441,0.00557,0.00000,0.00002
13.45000,0.67194,0.99178,0.00813,0.00000,0.00009
13.50000,0.67194,0.98979,0.00986,0.00000,0.00034
13.55000,0.67194,0.98101,0.01855,0.00000,0.00044
13.60000,0.67194,0.96756,0.03127,0.00000,0.00116
13.65000,0.67194,0.96707,0.03234,0.00000,0.00059
13.70000,0.67194,0.96038,0.03922,0.00000,0.00040
13.75000,0.67194,0.95611,0.04359,0.00000,0.00030
13.80000,0.67194,0.89823,0.10162,0.00000,0.00014
13.85000,0.67194,0.87463,0.12519,0.00000,0.00018
13.90000,0.67194,0.74739,0.25248,0.00000,0.00012
13.95000,0.67194,0.89052,0.10912,0.00000,0.00036
14.00000,0.67194,0.83755,0.16221,0.00000,0.00024
14.05000,0.67194,0.73812,0.26146,0.00000,0.00041
14.10000,0.67194,0.77297,0.22678,0.00000,0.00024
14.15000,0.67194,0.86329,0.13503,0.00001,0.00167
14.20000,0.67194,0.80183,0.19581,0.00005,0.00230
14.25000,0.67194,0.85179,0.14265,0.00014,0.00542
14.30000,0.67194,0.92196,0.06997,0.00119,0.00688
14.35000,0.67194,0.92124,0.05125,0.00312,0.02439
14.40000,0.67194,0.76642,0.11134,0.00897,0.11328
14.45000,0.67194,0.80453,0.07135,0.01206,0.11205
14.50000,0.67194,0.76073,0.07277,0.01734,0.14916
14.55000,0.67194,0.73752,0.08014,0.03813,0.14421
14.60000,0.67194,0.77284,0.07575,0.01846,0.13296
14.65000,0.67194,0.64777,0.10713,0.00379,0.24131
14.70000,0.67194,0.84974,0.06610,0.00511,0.07904
14.75000,0.67194,0.93409,0.04852,0.00197,0.01541
14.80000,0.67194,0.93512,0.05029,0.00057,0.01402
14.85000,0.67194,0.90513,0.08068,0.00013,0.01405
14.90000,0.67194,0.90169,0.08003,0.00001,0.01827
14.95000,0.67194,0.88242,0.10778,0.00001,0.00979
15.00000,0.67194,0.93058,0.06600,0.00000,0.00341
15.05000,0.67194,0.96440,0.03451,0.00000,0.00109
15.10000,0.67194,0.98732,0.01083,0.00000,0.00185
15.15000,0.67194,0.97586,0.02366,0.00000,0.00048
15.20000,0.67194,0.98653,0.01337,0.00000,0.00010
15.25000,0.67194,0.99415,0.00580,0.00000,0.00005
15.30000,0.67194,0.99408,0.00587,0.00000,0.00005
15.35000,0.67194,0.99377,0.00623,0.00000,0.00000
15.40000,0.67194,0.99566,0.00433,0.00000,0.00001
15.45000,0.67194,0.99515,0.00485,0.00000,0.00000
15.50000,0.67194,0.99492,0.00508,0.00000,0.00000
15.55000,0.67194,0.99287,0.00713,0.00000,0.00000
15.60000,0.67194,0.99303,0.00696,0.00000,0.00000
15.65000,0.67194,0.99383,0.00617,0.00000,0.00001
15.70000,0.67194,0.99152,0.00848,0.00000,0.00000
15.75000,0.67194,0.99466,0.00534,0.00000,0.00000
15.80000,0.67194,0.99517,0.00483,0.00000,0.00000
15.85000,0.67194,0.99526,0.00474,0.00000,0.00000
15.90000,0.67194,0.99764,0.00236,0.00000,0.00000
15.95000,0.67194,0.99590,0.00410,0.00000,0.00000
16.00000,0.67194,0.99556,0.00444,0.00000,0.00000
16.05000,0.67194,0.99490,0.00510,0.00000,0.00000
16.10000,0.67194,0.99674,0.00326,0.00000,0.00000
16.15000,0.67194,0.99369,0.00631,0.00000,0.00000
16.20000,0.67194,0.99163,0.00837,0.00000,0.00000
16.25000,0.67194,0.99009,0.00991,0.00000,0.00000
16.30000,0.67194,0.98399,0.01601,0.00000,0.00000
16.35000,0.67194,0.96372,0.03628,0.00000,0.00000
16.40000,0.67194,0.92923,0.07077,0.00000,0.00000
16.45000,0.67194,0.90551,0.09448,0.00000,0.00000
16.50000,0.67194,0.90830,0.09169,0.00001,0.00000
16.55000,0.67194,0.90411,0.09587,0.00001,0.00000
16.60000,0.67194,0.89517,0.10482,0.00001,0.00000
16.65000,0.67194,0.88423,0.11572,0.00005,0.00000
16.70000,0.67194,0.84956,0.15004,0.00040,0.00000
16.75000,0.67194,0.79396,0.20491,0.00112,0.00001
16.80000,0.67194,0.84342,0.15409,0.00247,0.00002
16.85000,0.67194,0.87914,0.10935,0.01143,0.00008
16.90000,0.67194,0.79070,0.19563,0.01356,0.00012
16.95000,0.67194,0.73985,0.21577,0.04350,0.00088
17.00000,0.67194,0.70412,0.26850,0.02223,0.00516
17.05000,0.67194,0.67892,0.25435,0.05330,0.01343
17.10000,0.67194,0.59853,0.17612,0.22143,0.00392
17.15000,0.67194,0.33448,0.21182,0.44144,0.01226
17.20000,0.67194,0.41022,0.20682,0.31584,0.06713
17.25000,0.67194,0.39526,0.12363,0.44783,0.03328
17.30000,0.67194,0.46721,0.13078,0.39058,0.01143
17.35000,0.67194,0.54596,0.24033,0.21046,0.00325
17.40000,0.67194,0.61689,0.29812,0.07339,0.01159
17.45000,0.67194,0.71330,0.24955,0.03673,0.00042
17.50000,0.67194,0.67132,0.31743,0.01088,0.00038
17.55000,0.67194,0.52373,0.47398,0.00222,0.00007
17.60000,0.67194,0.73425,0.26408,0.00130,0.00036
17.65000,0.67194,0.63585,0.36350,0.00061,0.00004
17.70000,0.67194,0.72468,0.27525,0.00002,0.00005
17.75000,0.67194,0.67324,0.32675,0.00001,0.00000
17.80000,0.67194,0.55815,0.44185,0.00000,0.00000
17.85000,0.67194,0.73968,0.26032,0.00000,0.00000
17.90000,0.67194,0.75731,0.24268,0.00000,0.00001
17.95000,0.67194,0.79416,0.20584,0.00000,0.00000
18.00000,0.67194,0.81822,0.18177,0.00000,0.00001
18.05000,0.67194,0.81334,0.18664,0.00000,0.00002
18.10000,0.67194,0.76329,0.23671,0.00000,0.00000
18.15000,0.67194,0.83342,0.16657,0.00000,0.00000
18.20000,0.67194,0.76810,0.23185,0.00000,0.00005
18.25000,0.67194,0.83800,0.16199,0.00000,0.00001
18.30000,0.67194,0.94124,0.05874,0.00000,0.00001
18.35000,0.67194,0.96489,0.03501,0.00000,0.00010
18.40000,0.67194,0.95848,0.04140,0.00000,0.00012
18.45000,0.67194,0.99116,0.00874,0.00000,0.00011
18.50000,0.67194,0.98384,0.01611,0.00000,0.00005
18.55000,0.67194,0.99131,0.00848,0.00000,0.00021
18.60000,0.67194,0.98534,0.01444,0.00000,0.00022
18.65000,0.67194,0.97478,0.02518,0.00000,0.00004
18.70000,0.67194,0.98814,0.01122,0.00000,0.00064
18.75000,0.67194,0.91629,0.08302,0.00000,0.00069
18.80000,0.67194,0.91093,0.08742,0.00000,0.00164
18.85000,0.67194,0.93392,0.06602,0.00000,0.00007
18.90000,0.67194,0.85864,0.13982,0.00000,0.00154
18.95000,0.67194,0.80058,0.19887,0.00000,0.00055
19.00000,0.67194,0.68815,0.31115,0.00000,0.00070
19.05000,0.67194,0.65141,0.34849,0.00000,0.00010
19.10000,0.67194,0.72443,0.27536,0.00000,0.00021
19.15000,0.67194,0.73786,0.26164,0.00000,0.00049
19.20000,0.67194,0.84771,0.15083,0.00000,0.00145
19.25000,0.67194,0.79674,0.20172,0.00000,0.00153
19.30000,0.67194,0.82549,0.16750,0.00004,0.00697
19.35000,0.67194,0.81400,0.18169,0.00003,0.00428
19.40000,0.67194,0.89454,0.09041,0.00007,0.01498
19.45000,0.67194,0.88952,0.09762,0.00005,0.01281
19.50000,0.67194,0.88261,0.05664,0.00023,0.06052
19.55000,0.67194,0.93410,0.03012,0.00023,0.03555
19.60000,0.67194,0.90667,0.02098,0.00138,0.07096
19.65000,0.67194,0.82585,0.04411,0.00351,0.12653
19.70000,0.67194,0.78812,0.02417,0.00268,0.18503
19.75000,0.67194,0.85325,0.05361,0.00315,0.08998
19.80000,0.67194,0.82624,0.02549,0.00705,0.14122
19.85000,0.67194,0.93732,0.02436,0.00255,0.03577
19.90000,0.67194,0.91484,0.04779,0.00022,0.03714
19.95000,0.67194,0.92759,0.06215,0.00012,0.01014
20.00000,0.67194,0.88573,0.09880,0.00015,0.01532
20.05000,0.67194,0.88663,0.10592,0.00004,0.00740
20.10000,0.67194,0.83222,0.12829,0.00004,0.03945
20.15000,0.67194,0.71090,0.27633,0.00004,0.01273
20.20000,0.67194,0.74652,0.23942,0.00001,0.01405
20.25000,0.67194,0.67170,0.32017,0.00000,0.00813
20.30000,0.67194,0.80190,0.18845,0.00000,0.00965
20.35000,0.67194,0.88770,0.10681,0.00000,0.00549
20.40000,0.67194,0.94830,0.04228,0.00000,0.00941
20.45000,0.67194,0.90712,0.08833,0.00000,0.00455
20.50000,0.67194,0.91751,0.08128,0.00000,0.00121
20.55000,0.67194,0.91332,0.08650,0.00000,0.00018
20.60000,0.67194,0.95942,0.04051,0.00000,0.00007
20.65000,0.67194,0.97568,0.02426,0.00000,0.00006
20.70000,0.67194,0.98760,0.01238,0.00000,0.00002
20.75000,0.67194,0.98732,0.01268,0.00000,0.00000
20.80000,0.67194,0.99551,0.00449,0.00000,0.00000
20.85000,0.67194,0.99189,0.00811,0.00000,0.00000
20.90000,0.67194,0.98847,0.01153,0.00000,0.00000
20.95000,0.67194,0.95591,0.04409,0.00000,0.00000
21.00000,0.67194,0.96857,0.03143,0.00000,0.00000
21.05000,0.67194,0.96704,0.03296,0.00000,0.00000
21.10000,0.67194,0.97081,0.02919,0.00000,0.00000
21.15000,0.67194,0.97039,0.02961,0.00000,0.00000
21.20000,0.67194,0.93480,0.06520,0.00000,0.00000
21.25000,0.67194,0.91275,0.08725,0.00000,0.00000
21.30000,0.67194,0.95013,0.04987,0.00000,0.00000
21.35000,0.67194,0.90396,0.09604,0.00000,0.00000
21.40000,0.67194,0.92463,0.07537,0.00000,0.00000
21.45000,0.67194,0.91912,0.08088,0.00000,0.00000
21.50000,0.67194,0.93192,0.06808,0.00000,0.00000
21.55000,0.67194,0.90298,0.09702,0.00000,0.00000
21.60000,0.67194,0.84589,0.15411,0.00000,0.00000
21.65000,0.67194,0.84608,0.15390,0.00001,0.00000
21.70000,0.67194,0.79799,0.20197,0.00004,0.00000
21.75000,0.67194,0.83717,0.16247,0.00036,0.00000
21.80000,0.67194,0.86726,0.13191,0.00082,0.00000
21.85000,0.67194,0.85605,0.14151,0.00244,0.00000
21.90000,0.67194,0.87084,0.12457,0.00459,0.00000
21.95000,0.67194,0.88378,0.09120,0.02502,0.00000
22.00000,0.67194,0.87766,0.06654,0.05580,0.00000
22.05000,0.67194,0.85444,0.11434,0.03121,0.00001
22.10000,0.67194,0.84037,0.05990,0.09972,0.00001
22.15000,0.67194,0.59608,0.05165,0.35226,0.00001
22.20000,0.67194,0.42854,0.01956,0.55186,0.00004
22.25000,0.67194,0.43201,0.03141,0.53656,0.00003
22.30000,0.67194,0.52200,0.02887,0.44901,0.00012
22.35000,0.67194,0.60024,0.04131,0.35799,0.00046
22.40000,0.67194,0.74570,0.04270,0.21078,0.00082
22.45000,0.67194,0.85394,0.04218,0.10333,0.00054
22.50000,0.67194,0.89302,0.03293,0.07319,0.00086
22.55000,0.67194,0.86877,0.07867,0.05237,0.00019
22.60000,0.67194,0.92396,0.06055,0.01456,0.00093
22.65000,0.67194,0.93920,0.02838,0.03207,0.00035
22.70000,0.67194,0.91488,0.07667,0.00800,0.00045
22.75000,0.67194,0.91514,0.08276,0.00204,0.00006
22.80000,0.67194,0.90676,0.09273,0.00049,0.00002
22.85000,0.67194,0.85379,0.14607,0.00014,0.00000
22.90000,0.67194,0.84243,0.15755,0.00001,0.00000
22.95000,0.67194,0.83272,0.16728,0.00000,0.00000
23.00000,0.67194,0.92655,0.07345,0.00000,0.00000
23.05000,0.67194,0.83875,0.16125,0.00000,0.00000
23.10000,0.67194,0.90462,0.09538,0.00000,0.00000
23.15000,0.67194,0.92148,0.07852,0.00000,0.00000
23.20000,0.67194,0.94490,0.05510,0.00000,0.00000
23.25000,0.67194,0.89858,0.10142,0.00000,0.00000
23.30000,0.67194,0.95684,0.04316,0.00000,0.00000
23.35000,0.67194,0.95164,0.04836,0.00000,0.00000
23.40000,0.67194,0.97635,0.02365,0.00000,0.00000
23.45000,0.67194,0.97890,0.02110,0.00000,0.00000
23.50000,0.67194,0.98066,0.01934,0.00000,0.00000
23.55000,0.67194,0.98505,0.01495,0.00000,0.00000
23.60000,0.67194,0.99297,0.00695,0.00000,0.00008
23.65000,0.67194,0.98805,0.01185,0.00000,0.00011
23.70000,0.67194,0.98137,0.01846,0.00000,0.00017
23.75000,0.67194,0.96316,0.03661,0.00000,0.00023
23.80000,0.67194,0.93910,0.05947,0.00000,0.00143
23.85000,0.67194,0.89565,0.10386,0.00000,0.00049
23.90000,0.67194,0.82635,0.16325,0.00000,0.01040
23.95000,0.67194,0.76469,0.20819,0.00000,0.02711
24.00000,0.67194,0.61562,0.37937,0.00000,0.00501
24.05000,0.67194,0.50066,0.48442,0.00000,0.01492
24.10000,0.67194,0.56812,0.42758,0.00001,0.00429
24.15000,0.67194,0.65899,0.33319,0.00000,0.00782
24.20000,0.67194,0.58041,0.39176,0.00000,0.02782
24.25000,0.67194,0.72194,0.25655,0.00001,0.02150
24.30000,0.67194,0.67958,0.29734,0.00002,0.02307
24.35000,0.67194,0.79015,0.15703,0.00002,0.05280
24.40000,0.67194,0.62294,0.17981,0.00012,0.19713
24.45000,0.67194,0.52429,0.11388,0.00006,0.36177
24.50000,0.67194,0.46038,0.09114,0.00022,0.44826
24.55000,0.67194,0.66565,0.07133,0.00057,0.26245
24.60000,0.67194,0.48994,0.03454,0.00051,0.47501
24.65000,0.67194,0.22550,0.00716,0.00067,0.76667
24.70000,0.67194,0.47058,0.03975,0.00363,0.48604
24.75000,0.67194,0.08632,0.00567,0.00301,0.90501
24.80000,0.67194,0.18522,0.01234,0.00423,0.79821
24.85000,0.67194,0.15552,0.00458,0.00082,0.83909
24.90000,0.67194,0.22676,0.01211,0.00343,0.75770
24.95000,0.67194,0.18121,0.01782,0.00663,0.79433
25.00000,0.67194,0.43806,0.08237,0.00434,0.47522
25.05000,0.67194,0.61827,0.05227,0.01039,0.31907
25.10000,0.67194,0.70974,0.19999,0.00277,0.08749
25.15000,0.67194,0.34128,0.06106,0.00217,0.59548
25.20000,0.67194,0.44535,0.34326,0.00187,0.20953
25.25000,0.67194,0.31450,0.50989,0.00090,0.17471
25.30000,0.67194,0.47139,0.42789,0.00031,0.10041
25.35000,0.67194,0.43518,0.44182,0.00007,0.12293
25.40000,0.67194,0.59732,0.36374,0.00005,0.03889
25.45000,0.67194,0.62847,0.32616,0.00002,0.04535
25.50000,0.67194,0.65963,0.33371,0.00000,0.00665
25.55000,0.67194,0.90439,0.07164,0.00000,0.02396
25.60000,0.67194,0.93108,0.06437,0.00000,0.00455
25.65000,0.67194,0.96925,0.02742,0.00000,0.00333
25.70000,0.67194,0.98698,0.01112,0.00000,0.00190
25.75000,0.67194,0.98927,0.01071,0.00000,0.00003
25.80000,0.67194,0.99639,0.00355,0.00000,0.00006
25.85000,0.67194,0.99716,0.00282,0.00000,0.00002
25.90000,0.67194,0.99883,0.00117,0.00000,0.00000
25.95000,0.67194,0.99878,0.00122,0.00000,0.00000
26.00000,0.67194,0.99945,0.00055,0.00000,0.00000
26.05000,0.67194,0.99947,0.00053,0.00000,0.00000
26.10000,0.67194,0.99958,0.00042,0.00000,0.00000
26.15000,0.67194,0.99965,0.00035,0.00000,0.00000
26.20000,0.67194,0.99941,0.00059,0.00000,0.00000
26.25000,0.67194,0.99941,0.00059,0.00000,0.00000
26.30000,0.67194,0.99914,0.00086,0.00000,0.00000
26.35000,0.67194,0.99926,0.00074,0.00000,0.00000
26.40000,0.67194,0.99836,0.00164,0.00000,0.00000
26.45000,0.67194,0.99901,0.00099,0.00000,0.00000
26.50000,0.67194,0.99696,0.00304,0.00000,0.00000
26.55000,0.67194,0.99520,0.00480,0.00000,0.00000
26.60000,0.67194,0.99471,0.00529,0.00000,0.00000
26.65000,0.67194,0.99018,0.00981,0.00001,0.00000
26.70000,0.67194,0.96473,0.03526,0.00001,0.00000
26.75000,0.67194,0.91272,0.08725,0.00003,0.00000
26.80000,0.67194,0.89124,0.10865,0.00011,0.00000
26.85000,0.67194,0.93143,0.06824,0.00033,0.00000
26.90000,0.67194,0.91742,0.08215,0.00043,0.00000
26.95000,0.67194,0.91371,0.08199,0.00430,0.00000
27.00000,0.67194,0.88073,0.10810,0.01116,0.00000
27.05000,0.67194,0.89717,0.08511,0.01771,0.00001
27.10000,0.67194,0.89708,0.05465,0.04827,0.00001
27.15000,0.67194,0.78400,0.09337,0.12254,0.00009
27.20000,0.67194,0.65529,0.12993,0.21466,0.00013
27.25000,0.67194,0.65192,0.09884,0.24897,0.00028
27.30000,0.67194,0.51923,0.12162,0.35819,0.00096
27.35000,0.67194,0.29965,0.02848,0.67031,0.00156
27.40000,0.67194,0.32085,0.01695,0.66064,0.00157
27.45000,0.67194,0.19408,0.02098,0.78182,0.00312
27.50000,0.67194,0.26522,0.01997,0.69201,0.02280
27.55000,0.67194,0.31240,0.01839,0.57927,0.08994
27.60000,0.67194,0.47786,0.02448,0.48768,0.00998
27.65000,0.67194,0.44923,0.01803,0.38806,0.14468
27.70000,0.67194,0.60184,0.03189,0.35611,0.01016
27.75000,0.67194,0.64453,0.02682,0.32464,0.00400
27.80000,0.67194,0.76323,0.01935,0.21692,0.00049
27.85000,0.67194,0.70315,0.02402,0.27163,0.00120
27.90000,0.67194,0.81361,0.04324,0.14308,0.00007
27.95000,0.67194,0.88716,0.04416,0.06724,0.00144
28.00000,0.67194,0.88418,0.08256,0.03324,0.00002
28.05000,0.67194,0.85026,0.12550,0.02419,0.00004
28.10000,0.67194,0.85370,0.14334,0.00295,0.00001
28.15000,0.67194,0.91877,0.08003,0.00115,0.00005
28.20000,0.67194,0.87260,0.12720,0.00020,0.00000
28.25000,0.67194,0.84989,0.15009,0.00002,0.00000
28.30000,0.67194,0.84888,0.15112,0.00000,0.00000
28.35000,0.67194,0.94485,0.05514,0.00000,0.00000
28.40000,0.67194,0.92211,0.07789,0.00000,0.00000
28.45000,0.67194,0.92755,0.07244,0.00000,0.00000
28.50000,0.67194,0.93836,0.06164,0.00000,0.00000
28.55000,0.67194,0.96916,0.03084,0.00000,0.00000
28.60000,0.67194,0.94722,0.05278,0.00000,0.00000
28.65000,0.67194,0.95514,0.04486,0.00000,0.00000
28.70000,0.67194,0.96051,0.03948,0.00000,0.00000
28.75000,0.67194,0.98397,0.01602,0.00000,0.00000
28.80000,0.67194,0.98821,0.01178,0.00000,0.00000
28.85000,0.67194,0.99039,0.00960,0.00000,0.00001
28.90000,0.67194,0.98920,0.01079,0.00000,0.00001
28.95000,0.67194,0.99671,0.00322,0.00000,0.00007
29.00000,0.67194,0.99415,0.00581,0.00000,0.00004
29.05000,0.67194,0.99517,0.00458,0.00000,0.00026
29.10000,0.67194,0.99316,0.00583,0.00000,0.00101
29.15000,0.67194,0.99292,0.00254,0.00000,0.00454
29.20000,0.67194,0.98206,0.00504,0.00000,0.01290
29.25000,0.67194,0.98886,0.00441,0.00000,0.00673
29.30000,0.67194,0.99031,0.00494,0.00000,0.00475
29.35000,0.67194,0.99323,0.00501,0.00000,0.00176
29.40000,0.67194,0.98770,0.00701,0.00000,0.00529
29.45000,0.67194,0.98110,0.00523,0.00000,0.01366
29.50000,0.67194,0.99057,0.00614,0.00000,0.00329
29.55000,0.67194,0.98197,0.00336,0.00000,0.01467
29.60000,0.67194,0.96805,0.00333,0.00000,0.02863
29.65000,0.67194,0.97710,0.00347,0.00000,0.01943
29.70000,0.67194,0.97277,0.00326,0.00000,0.02397
29.75000,0.67194,0.97600,0.00517,0.00000,0.01883
29.80000,0.67194,0.97344,0.01080,0.00002,0.01574
29.85000,0.67194,0.95707,0.00488,0.00002,0.03803
29.90000,0.67194,0.81589,0.00444,0.00002,0.17965
29.95000,0.67194,0.72779,0.00100,0.00001,0.27120
30.00000,0.67194,0.80371,0.00203,0.00004,0.19422
30.05000,0.67194,0.74214,0.00711,0.00027,0.25048
30.10000,0.67194,0.74418,0.00343,0.00016,0.25224
30.15000,0.67194,0.72986,0.00155,0.00005,0.26853
30.20000,0.67194,0.82468,0.00253,0.00036,0.17243
30.25000,0.67194,0.96372,0.00103,0.00003,0.03522
30.30000,0.67194,0.98312,0.00053,0.00002,0.01633
30.35000,0.67194,0.95234,0.00041,0.00001,0.04725
30.40000,0.67194,0.96466,0.00050,0.00000,0.03484
30.45000,0.67194,0.99090,0.00043,0.00000,0.00866
30.50000,0.67194,0.99600,0.00023,0.00000,0.00377
30.55000,0.67194,0.99618,0.00015,0.00000,0.00366
30.60000,0.67194,0.99583,0.00070,0.00000,0.00347
30.65000,0.67194,0.99556,0.00021,0.00000,0.00423
30.70000,0.67194,0.99711,0.00019,0.00000,0.00270
30.75000,0.67194,0.99943,0.00037,0.00000,0.00021
30.80000,0.67194,0.99886,0.00027,0.00000,0.00087
30.85000,0.67194,0.99900,0.00050,0.00000,0.00050
30.90000,0.67194,0.99931,0.00063,0.00000,0.00006
30.95000,0.67194,0.99900,0.00098,0.00000,0.00003
31.00000,0.67194,0.99910,0.00086,0.00000,0.00003
31.05000,0.67194,0.99913,0.00086,0.00000,0.00001
31.10000,0.67194,0.99953,0.00044,0.00000,0.00003
31.15000,0.67194,0.99893,0.00106,0.00000,0.00001
31.20000,0.67194,0.99945,0.00054,0.00000,0.00000
31.25000,0.67194,0.99954,0.00046,0.00000,0.00000
31.30000,0.67194,0.99952,0.00048,0.00000,0.00000
31.35000,0.67194,0.99967,0.00033,0.00000,0.00000
31.40000,0.67194,0.99988,0.00012,0.00000,0.00000
31.45000,0.67194,0.99987,0.00013,0.00000,0.00000
31.50000,0.67194,0.99997,0.00003,0.00000,0.00000
31.55000,0.67194,0.99984,0.00016,0.00000,0.00000
31.60000,0.67194,0.99982,0.00018,0.00000,0.00000
31.65000,0.67194,0.99978,0.00022,0.00000,0.00000
31.70000,0.67194,0.99967,0.00033,0.00000,0.00000
31.75000,0.67194,0.99920,0.00080,0.00000,0.00000
31.80000,0.67194,0.99777,0.00223,0.00000,0.00000
31.85000,0.67194,0.99729,0.00271,0.00000,0.00000
31.90000,0.67194,0.99578,0.00422,0.00000,0.00000
31.95000,0.67194,0.98787,0.01212,0.00001,0.00000
32.00000,0.67194,0.99316,0.00672,0.00013,0.00000
32.05000,0.67194,0.95678,0.04319,0.00003,0.00000
32.10000,0.67194,0.96129,0.03857,0.00014,0.00000
32.15000,0.67194,0.84982,0.15015,0.00003,0.00000
32.20000,0.67194,0.92081,0.07895,0.00024,0.00000
32.25000,0.67194,0.88966,0.10995,0.00040,0.00000
32.30000,0.67194,0.87413,0.12571,0.00016,0.00000
32.35000,0.67194,0.78077,0.21889,0.00034,0.00000
32.40000,0.67194,0.82730,0.17180,0.00090,0.00000
32.45000,0.67194,0.80076,0.19836,0.00088,0.00000
32.50000,0.67194,0.78058,0.21856,0.00086,0.00000
32.55000,0.67194,0.67036,0.32379,0.00584,0.00001
32.60000,0.67194,0.57291,0.42059,0.00649,0.00001
32.65000,0.67194,0.67936,0.30268,0.01795,0.00001
32.70000,0.67194,0.63217,0.35369,0.01411,0.00003
32.75000,0.67194,0.78614,0.20220,0.01016,0.00150
32.80000,0.67194,0.61241,0.31983,0.06768,0.00008
32.85000,0.67194,0.66455,0.22260,0.11271,0.00014
32.90000,0.67194,0.53457,0.44002,0.02537,0.00004
32.95000,0.67194,0.51283,0.28521,0.20176,0.00019
33.00000,0.67194,0.42203,0.26729,0.31064,0.00005
33.05000,0.67194,0.52583,0.22045,0.25357,0.00015
33.10000,0.67194,0.47554,0.31008,0.21435,0.00003
33.15000,0.67194,0.49465,0.31274,0.19260,0.00002
33.20000,0.67194,0.54067,0.24273,0.21658,0.00002
33.25000,0.67194,0.69239,0.19985,0.10772,0.00004
33.30000,0.67194,0.64804,0.21013,0.14183,0.00000
33.35000,0.67194,0.74029,0.11049,0.14921,0.00001
33.40000,0.67194,0.66114,0.28754,0.05131,0.00000
33.45000,0.67194,0.73409,0.21670,0.04921,0.00000
33.50000,0.67194,0.76605,0.20715,0.02679,0.00002
33.55000,0.67194,0.75445,0.23338,0.01217,0.00000
33.60000,0.67194,0.83089,0.16443,0.00467,0.00002
33.65000,0.67194,0.71644,0.28341,0.00014,0.00000
33.70000,0.67194,0.86840,0.13047,0.00112,0.00001
33.75000,0.67194,0.77992,0.22000,0.00008,0.00000
33.80000,0.67194,0.85599,0.14398,0.00002,0.00001
33.85000,0.67194,0.93091,0.06908,0.00000,0.00000
33.90000,0.67194,0.95688,0.04311,0.00000,0.00001
33.95000,0.67194,0.95518,0.04482,0.00000,0.00000
34.00000,0.67194,0.97947,0.02052,0.00000,0.00002
34.05000,0.67194,0.98826,0.01173,0.00000,0.00000
34.10000,0.67194,0.99346,0.00638,0.00000,0.00016
34.15000,0.67194,0.99124,0.00874,0.00000,0.00002
34.20000,0.67194,0.99669,0.00324,0.00000,0.00008
34.25000,0.67194,0.99684,0.00289,0.00000,0.00027
34.30000,0.67194,0.99677,0.00313,0.00000,0.00010
34.35000,0.67194,0.99855,0.00106,0.00000,0.00038
34.40000,0.67194,0.99922,0.00043,0.00000,0.00036
34.45000,0.67194,0.99900,0.00038,0.00000,0.00063
34.50000,0.67194,0.99830,0.00030,0.00000,0.00140
34.55000,0.67194,0.99771,0.00164,0.00000,0.00065
34.60000,0.67194,0.99882,0.00040,0.00000,0.00078
34.65000,0.67194,0.99807,0.00101,0.00000,0.00093
34.70000,0.67194,0.99514,0.00186,0.00000,0.00299
34.75000,0.67194,0.99833,0.00049,0.00000,0.00118
34.80000,0.67194,0.99852,0.00032,0.00000,0.00115
34.85000,0.67194,0.99558,0.00015,0.00000,0.00427
34.90000,0.67194,0.99937,0.00011,0.00000,0.00052
34.95000,0.67194,0.99713,0.00040,0.00000,0.00246
35.00000,0.67194,0.99716,0.00022,0.00000,0.00262
35.05000,0.67194,0.98637,0.00015,0.00000,0.01348
35.10000,0.67194,0.98851,0.00047,0.00000,0.01103
35.15000,0.67194,0.97193,0.00079,0.00000,0.02728
35.20000,0.67194,0.94786,0.00084,0.00000,0.05129
35.25000,0.67194,0.96741,0.00013,0.00000,0.03247
35.30000,0.67194,0.86813,0.00015,0.00000,0.13172
35.35000,0.67194,0.91523,0.00024,0.00001,0.08453
35.40000,0.67194,0.95307,0.00015,0.00000,0.04678
35.45000,0.67194,0.86489,0.00021,0.00005,0.13485
35.50000,0.67194,0.53770,0.00027,0.00004,0.46199
35.55000,0.67194,0.71041,0.00027,0.00003,0.28929
35.60000,0.67194,0.68468,0.00051,0.00018,0.31462
35.65000,0.67194,0.54884,0.00031,0.00019,0.45067
35.70000,0.67194,0.56810,0.00018,0.00006,0.43166
35.75000,0.67194,0.58558,0.00024,0.00016,0.41402
35.80000,0.67194,0.41019,0.00011,0.00013,0.58958
35.85000,0.67194,0.24708,0.00005,0.00019,0.75268
35.90000,0.67194,0.25276,0.00004,0.00038,0.74682
35.95000,0.67194,0.29071,0.00005,0.00010,0.70914
36.00000,0.67194,0.51160,0.00009,0.00018,0.48813
36.05000,0.67194,0.30822,0.00004,0.00008,0.69165
36.10000,0.67194,0.42856,0.00003,0.00007,0.57133
36.15000,0.67194,0.65529,0.00005,0.00005,0.34460
36.20000,0.67194,0.59450,0.00005,0.00001,0.40544
36.25000,0.67194,0.42243,0.00001,0.00001,0.57755
36.30000,0.67194,0.51661,0.00002,0.00002,0.48336
36.35000,0.67194,0.70731,0.00003,0.00004,0.29262
36.40000,0.67194,0.76120,0.00005,0.00001,0.23874
36.45000,0.67194,0.50170,0.00006,0.00001,0.49823
36.50000,0.67194,0.80812,0.00003,0.00002,0.19183
36.55000,0.67194,0.88308,0.00006,0.00001,0.11685
36.60000,0.67194,0.89571,0.00041,0.00000,0.10388
36.65000,0.67194,0.94877,0.00011,0.00000,0.05112
36.70000,0.67194,0.82515,0.00010,0.00000,0.17475
36.75000,0.67194,0.94858,0.00025,0.00000,0.05116
36.80000,0.67194,0.96335,0.00003,0.00000,0.03662
36.85000,0.67194,0.98738,0.00017,0.00001,0.01243
36.90000,0.67194,0.99024,0.00007,0.00000,0.00969
36.95000,0.67194,0.99767,0.00005,0.00001,0.00228
37.00000,0.67194,0.99959,0.00002,0.00000,0.00038
37.05000,0.67194,0.99972,0.00002,0.00000,0.00026
37.10000,0.67194,0.99805,0.00003,0.00000,0.00192
37.15000,0.67194,0.99936,0.00001,0.00001,0.00062
37.20000,0.67194,0.99982,0.00008,0.00000,0.00010
37.25000,0.67194,0.99996,0.00002,0.00000,0.00002
37.30000,0.67194,0.99996,0.00001,0.00001,0.00002
37.35000,0.67194,0.99998,0.00002,0.00000,0.00000
37.40000,0.67194,0.99999,0.00001,0.00000,0.00000
37.45000,0.67194,0.99998,0.00001,0.00000,0.00000
37.50000,0.67194,0.99993,0.00006,0.00000,0.00000
37.55000,0.67194,0.99996,0.00004,0.00000,0.00000
37.60000,0.67194,0.99972,0.00028,0.00001,0.00000
37.65000,0.67194,0.99992,0.00007,0.00001,0.00000
37.70000,0.67194,0.99989,0.00009,0.00001,0.00000
37.75000,0.67194,0.99981,0.00018,0.00002,0.00000
37.80000,0.67194,0.99987,0.00010,0.00002,0.00001
37.85000,0.67194,0.99964,0.00025,0.00006,0.00005
37.90000,0.67194,0.99959,0.00029,0.00006,0.00006
37.95000,0.67194,0.99822,0.00157,0.00002,0.00018
38.00000,0.67194,0.99923,0.00032,0.00008,0.00037
38.05000,0.67194,0.99531,0.00346,0.00034,0.00089
38.10000,0.67194,0.99687,0.00141,0.00058,0.00115
38.15000,0.67194,0.99319,0.00276,0.00210,0.00196
38.20000,0.67194,0.98433,0.00553,0.00028,0.00986
38.25000,0.67194,0.98934,0.00724,0.00223,0.00119
38.30000,0.67194,0.99425,0.00317,0.00081,0.00177
38.35000,0.67194,0.97291,0.02291,0.00410,0.00008
38.40000,0.67194,0.96619,0.03143,0.00160,0.00079
38.45000,0.67194,0.87333,0.12420,0.00244,0.00003
38.50000,0.67194,0.95286,0.04500,0.00212,0.00002
38.55000,0.67194,0.92003,0.07743,0.00253,0.00000
38.60000,0.67194,0.96481,0.03125,0.00394,0.00001
38.65000,0.67194,0.98702,0.00845,0.00451,0.00002
38.70000,0.67194,0.95573,0.04267,0.00159,0.00001
38.75000,0.67194,0.98852,0.01112,0.00035,0.00001
38.80000,0.67194,0.95894,0.04066,0.00040,0.00000
38.85000,0.67194,0.97518,0.02465,0.00016,0.00001
38.90000,0.67194,0.97507,0.02460,0.00032,0.00000
38.95000,0.67194,0.99098,0.00898,0.00004,0.00000
39.00000,0.67194,0.97969,0.02029,0.00003,0.00000
39.05000,0.67194,0.99479,0.00518,0.00002,0.00001
39.10000,0.67194,0.98574,0.01423,0.00002,0.00000
39.15000,0.67194,0.99105,0.00894,0.00001,0.00000
39.20000,0.67194,0.98117,0.01882,0.00000,0.00000
39.25000,0.67194,0.97909,0.02091,0.00000,0.00000
39.30000,0.67194,0.99447,0.00552,0.00001,0.00000
39.35000,0.67194,0.98594,0.01406,0.00000,0.00000
39.40000,0.67194,0.98465,0.01535,0.00000,0.00000
39.45000,0.67194,0.98570,0.01430,0.00000,0.00000
39.50000,0.67194,0.97815,0.02184,0.00001,0.00000
39.55000,0.67194,0.99494,0.00505,0.00001,0.00000
39.60000,0.67194,0.99493,0.00504,0.00001,0.00001
39.65000,0.67194,0.99841,0.00154,0.00002,0.00002
39.70000,0.67194,0.99880,0.00089,0.00003,0.00028
39.75000,0.67194,0.99962,0.00024,0.00003,0.00011
39.80000,0.67194,0.99837,0.00017,0.00006,0.00140
39.85000,0.67194,0.99972,0.00008,0.00001,0.00020
39.90000,0.67194,0.99864,0.00010,0.00004,0.00121
39.95000,0.67194,0.99580,0.00008,0.00002,0.00410
40.00000,0.67194,0.99505,0.00003,0.00001,0.00491
40.05000,0.67194,0.99426,0.00002,0.00000,0.00571
40.10000,0.67194,0.99391,0.00001,0.00000,0.00607
40.15000,0.67194,0.99668,0.00002,0.00000,0.00330
40.20000,0.67194,0.99298,0.00002,0.00000,0.00700
40.25000,0.67194,0.99324,0.00001,0.00000,0.00675
40.30000,0.67194,0.99258,0.00001,0.00000,0.00741
40.35000,0.67194,0.98475,0.00003,0.00000,0.01522
40.40000,0.67194,0.99687,0.00004,0.00000,0.00309
40.45000,0.67194,0.99628,0.00004,0.00000,0.00369
40.50000,0.67194,0.99306,0.00003,0.00000,0.00690
40.55000,0.67194,0.99304,0.00005,0.00000,0.00691
40.60000,0.67194,0.99734,0.00004,0.00000,0.00263
40.65000,0.67194,0.99340,0.00003,0.00000,0.00656
40.70000,0.67194,0.99470,0.00001,0.00000,0.00529
40.75000,0.67194,0.98240,0.00001,0.00000,0.01760
40.80000,0.67194,0.99196,0.00002,0.00000,0.00802
40.85000,0.67194,0.99211,0.00001,0.00000,0.00788
40.90000,0.67194,0.99824,0.00001,0.00001,0.00174
40.95000,0.67194,0.99570,0.00001,0.00000,0.00429
41.00000,0.67194,0.99658,0.00001,0.00000,0.00341
41.05000,0.67194,0.99156,0.00000,0.00001,0.00843
41.10000,0.67194,0.99607,0.00000,0.00002,0.00391
41.15000,0.67194,0.99205,0.00000,0.00000,0.00795
41.20000,0.67194,0.99210,0.00000,0.00000,0.00789
41.25000,0.67194,0.99536,0.00000,0.00000,0.00463
41.30000,0.67194,0.98158,0.00000,0.00000,0.01841
41.35000,0.67194,0.99334,0.00000,0.00000,0.00666
41.40000,0.67194,0.98412,0.00000,0.00000,0.01587
41.45000,0.67194,0.99513,0.00000,0.00000,0.00487
41.50000,0.67194,0.98753,0.00000,0.00000,0.01246
41.55000,0.67194,0.98436,0.00000,0.00000,0.01564
41.60000,0.67194,0.93846,0.00000,0.00000,0.06154
41.65000,0.67194,0.96048,0.00001,0.00000,0.03951
41.70000,0.67194,0.97839,0.00001,0.00000,0.02160
41.75000,0.67194,0.97973,0.00000,0.00000,0.02027
41.80000,0.67194,0.97653,0.00004,0.00000,0.02343
41.85000,0.67194,0.98056,0.00003,0.00000,0.01941
41.90000,0.67194,0.99739,0.00032,0.00000,0.00229
41.95000,0.67194,0.94796,0.00015,0.00000,0.05189
42.00000,0.67194,0.96572,0.00065,0.00000,0.03363
42.05000,0.67194,0.94803,0.00042,0.00000,0.05155
42.10000,0.67194,0.98487,0.00188,0.00000,0.01325
42.15000,0.67194,0.97732,0.00139,0.00000,0.02129
42.20000,0.67194,0.99342,0.00281,0.00000,0.00377
42.25000,0.67194,0.99251,0.00265,0.00000,0.00484
42.30000,0.67194,0.99098,0.00489,0.00000,0.00413
42.35000,0.67194,0.97742,0.00333,0.00001,0.01924
42.40000,0.67194,0.98904,0.00913,0.00000,0.00183
42.45000,0.67194,0.99502,0.00430,0.00000,0.00068
42.50000,0.67194,0.99450,0.00478,0.00000,0.00072
42.55000,0.67194,0.99636,0.00229,0.00000,0.00135
42.60000,0.67194,0.99844,0.00112,0.00000,0.00044
42.65000,0.67194,0.99876,0.00117,0.00000,0.00006
42.70000,0.67194,0.99895,0.00103,0.00000,0.00002
42.75000,0.67194,0.99943,0.00051,0.00000,0.00006
42.80000,0.67194,0.99945,0.00051,0.00000,0.00003
42.85000,0.67194,0.99929,0.00069,0.00000,0.00002
42.90000,0.67194,0.99866,0.00132,0.00000,0.00002
42.95000,0.67194,0.99908,0.00090,0.00000,0.00002
43.00000,0.67194,0.99895,0.00104,0.00000,0.00001
43.05000,0.67194,0.99800,0.00198,0.00000,0.00002
43.10000,0.67194,0.99759,0.00237,0.00000,0.00004
43.15000,0.67194,0.99820,0.00176,0.00000,0.00003
43.20000,0.67194,0.99667,0.00326,0.00000,0.00007
43.25000,0.67194,0.99648,0.00348,0.00000,0.00004
43.30000,0.67194,0.99734,0.00262,0.00001,0.00002
43.35000,0.67194,0.99448,0.00546,0.00003,0.00002
43.40000,0.67194,0.98484,0.01509,0.00006,0.00001
43.45000,0.67194,0.99098,0.00899,0.00002,0.00001
43.50000,0.67194,0.98824,0.01172,0.00002,0.00002
43.55000,0.67194,0.99588,0.00404,0.00007,0.00001
43.60000,0.67194,0.99361,0.00635,0.00003,0.00000
43.65000,0.67194,0.99675,0.00317,0.00008,0.00001
43.70000,0.67194,0.99599,0.00390,0.00009,0.00001
43.75000,0.67194,0.99169,0.00825,0.00006,0.00001
43.80000,0.67194,0.99654,0.00343,0.00003,0.00001
43.85000,0.67194,0.99728,0.00267,0.00002,0.00004
43.90000,0.67194,0.99829,0.00167,0.00001,0.00003
43.95000,0.67194,0.99707,0.00287,0.00004,0.00001
44.00000,0.67194,0.99318,0.00679,0.00002,0.00002
44.05000,0.67194,0.99757,0.00241,0.00001,0.00000
44.10000,0.67194,0.98391,0.01607,0.00001,0.00002
44.15000,0.67194,0.99536,0.00459,0.00004,0.00001
44.20000,0.67194,0.97551,0.02444,0.00004,0.00002
44.25000,0.67194,0.99022,0.00975,0.00003,0.00000
44.30000,0.67194,0.98330,0.01668,0.00002,0.00000
44.35000,0.67194,0.98756,0.01240,0.00001,0.00002
44.40000,0.67194,0.99487,0.00511,0.00001,0.00002
44.45000,0.67194,0.99159,0.00838,0.00001,0.00002
44.50000,0.67194,0.99591,0.00401,0.00000,0.00008
44.55000,0.67194,0.99557,0.00434,0.00000,0.00008
44.60000,0.67194,0.98895,0.01095,0.00001,0.00009
44.65000,0.67194,0.99731,0.00203,0.00001,0.00065
44.70000,0.67194,0.99660,0.00295,0.00000,0.00045
44.75000,0.67194,0.99673,0.00140,0.00000,0.00187
44.80000,0.67194,0.99799,0.00148,0.00000,0.00053
44.85000,0.67194,0.99574,0.00237,0.00001,0.00188
44.90000,0.67194,0.99544,0.00447,0.00001,0.00008
44.95000,0.67194,0.99771,0.00189,0.00001,0.00040
45.00000,0.67194,0.99791,0.00207,0.00001,0.00002
45.05000,0.67194,0.99815,0.00169,0.00000,0.00015
45.10000,0.67194,0.99884,0.00115,0.00000,0.00001
45.15000,0.67194,0.99941,0.00055,0.00000,0.00004
45.20000,0.67194,0.99858,0.00138,0.00000,0.00004
45.25000,0.67194,0.99985,0.00014,0.00000,0.00001
45.30000,0.67194,0.99982,0.00012,0.00000,0.00005
45.35000,0.67194,0.99974,0.00018,0.00000,0.00008
45.40000,0.67194,0.99972,0.00013,0.00000,0.00015
45.45000,0.67194,0.99898,0.00008,0.00001,0.00093
45.50000,0.67194,0.99836,0.00005,0.00000,0.00158
45.55000,0.67194,0.99016,0.00005,0.00001,0.00977
45.60000,0.67194,0.98883,0.00002,0.00001,0.01114
45.65000,0.67194,0.98602,0.00003,0.00001,0.01395
45.70000,0.67194,0.99028,0.00003,0.00001,0.00969
45.75000,0.67194,0.99128,0.00001,0.00001,0.00870
45.80000,0.67194,0.98204,0.00001,0.00000,0.01794
45.85000,0.67194,0.99161,0.00001,0.00001,0.00837
45.90000,0.67194,0.98955,0.00001,0.00001,0.01043
45.95000,0.67194,0.98493,0.00001,0.00000,0.01506
46.00000,0.67194,0.98310,0.00001,0.00000,0.01689
46.05000,0.67194,0.97855,0.00002,0.00000,0.02143
46.10000,0.67194,0.99474,0.00001,0.00002,0.00522
46.15000,0.67194,0.98817,0.00004,0.00000,0.01179
46.20000,0.67194,0.95209,0.00004,0.00000,0.04787
46.25000,0.67194,0.97859,0.00002,0.00001,0.02138
46.30000,0.67194,0.98567,0.00001,0.00001,0.01431
46.35000,0.67194,0.97831,0.00002,0.00001,0.02167
46.40000,0.67194,0.99189,0.00001,0.00002,0.00808
46.45000,0.67194,0.98974,0.00000,0.00000,0.01025
46.50000,0.67194,0.98825,0.00000,0.00001,0.01174
46.55000,0.67194,0.98761,0.00001,0.00001,0.01237
46.60000,0.67194,0.99574,0.00000,0.00002,0.00424
46.65000,0.67194,0.96431,0.00001,0.00001,0.03567
46.70000,0.67194,0.96093,0.00001,0.00000,0.03907
46.75000,0.67194,0.97772,0.00000,0.00001,0.02227
46.80000,0.67194,0.99122,0.00001,0.00000,0.00877
46.85000,0.67194,0.97575,0.00000,0.00000,0.02424
46.90000,0.67194,0.99296,0.00000,0.00000,0.00704
46.95000,0.67194,0.96998,0.00001,0.00000,0.03001
47.00000,0.67194,0.95199,0.00001,0.00000,0.04800
47.05000,0.67194,0.93712,0.00001,0.00000,0.06287
47.10000,0.67194,0.99244,0.00001,0.00000,0.00755
47.15000,0.67194,0.98807,0.00001,0.00000,0.01192
47.20000,0.67194,0.99360,0.00003,0.00000,0.00637
47.25000,0.67194,0.99769,0.00003,0.00000,0.00227
47.30000,0.67194,0.99491,0.00012,0.00000,0.00497
47.35000,0.67194,0.99506,0.00010,0.00000,0.00484
47.40000,0.67194,0.99343,0.00025,0.00000,0.00632
47.45000,0.67194,0.99487,0.00041,0.00000,0.00472
47.50000,0.67194,0.99576,0.00057,0.00000,0.00367
47.55000,0.67194,0.98221,0.00049,0.00000,0.01730
47.60000,0.67194,0.98547,0.00225,0.00000,0.01228
47.65000,0.67194,0.97326,0.00098,0.00000,0.02576
47.70000,0.67194,0.97812,0.00088,0.00000,0.02100
47.75000,0.67194,0.99163,0.00026,0.00002,0.00808
47.80000,0.67194,0.99036,0.00036,0.00001,0.00927
47.85000,0.67194,0.99140,0.00079,0.00001,0.00780
47.90000,0.67194,0.99494,0.00025,0.00001,0.00480
47.95000,0.67194,0.99580,0.00015,0.00001,0.00404
48.00000,0.67194,0.99566,0.00020,0.00000,0.00413
48.05000,0.67194,0.99827,0.00003,0.00000,0.00169
48.10000,0.67194,0.99602,0.00005,0.00000,0.00393
48.15000,0.67194,0.99874,0.00004,0.00000,0.00121
48.20000,0.67194,0.99940,0.00009,0.00000,0.00050
48.25000,0.67194,0.99948,0.00003,0.00000,0.00049
48.30000,0.67194,0.99970,0.00003,0.00000,0.00027
48.35000,0.67194,0.99904,0.00004,0.00000,0.00092
48.40000,0.67194,0.99946,0.00003,0.00000,0.00051
48.45000,0.67194,0.99950,0.00016,0.00000,0.00034
48.50000,0.67194,0.99973,0.00014,0.00000,0.00013
48.55000,0.67194,0.99955,0.00015,0.00000,0.00029
48.60000,0.67194,0.99957,0.00028,0.00000,0.00015
48.65000,0.67194,0.99972,0.00013,0.00000,0.00015
48.70000,0.67194,0.99959,0.00014,0.00000,0.00027
48.75000,0.67194,0.99925,0.00057,0.00000,0.00018
48.80000,0.67194,0.99671,0.00270,0.00000,0.00059
48.85000,0.67194,0.99810,0.00140,0.00000,0.00050
48.90000,0.67194,0.99796,0.00114,0.00000,0.00090
48.95000,0.67194,0.99809,0.00048,0.00004,0.00139
49.00000,0.67194,0.99774,0.00083,0.00001,0.00143
49.05000,0.67194,0.99330,0.00084,0.00005,0.00581
49.10000,0.67194,0.98651,0.00062,0.00000,0.01288
49.15000,0.67194,0.98838,0.00109,0.00007,0.01046
49.20000,0.67194,0.98503,0.00055,0.00000,0.01441
49.25000,0.67194,0.99454,0.00018,0.00002,0.00526
49.30000,0.67194,0.99344,0.00011,0.00001,0.00643
49.35000,0.67194,0.99439,0.00014,0.00002,0.00545
49.40000,0.67194,0.98992,0.00009,0.00001,0.00998
49.45000,0.67194,0.99493,0.00003,0.00001,0.00503
49.50000,0.67194,0.99056,0.00003,0.00001,0.00940
49.55000,0.67194,0.99457,0.00008,0.00002,0.00534
49.60000,0.67194,0.99313,0.00004,0.00001,0.00683
49.65000,0.67194,0.98418,0.00004,0.00001,0.01577
49.70000,0.67194,0.99505,0.00001,0.00001,0.00493
49.75000,0.67194,0.99119,0.00006,0.00001,0.00875
49.80000,0.67194,0.99675,0.00004,0.00000,0.00321
49.85000,0.67194,0.99116,0.00002,0.00001,0.00882
49.90000,0.67194,0.99680,0.00002,0.00001,0.00317
49.95000,0.67194,0.99262,0.00002,0.00001,0.00735
50.00000,0.67194,0.99576,0.00002,0.00001,0.00420
50.05000,0.67194,0.99038,0.00004,0.00000,0.00958
50.10000,0.67194,0.99096,0.00006,0.00001,0.00898
50.15000,0.67194,0.96031,0.00003,0.00000,0.03966
50.20000,0.67194,0.98173,0.00003,0.00000,0.01824
50.25000,0.67194,0.95888,0.00007,0.00000,0.04105
50.30000,0.67194,0.97171,0.00005,0.00001,0.02823
50.35000,0.67194,0.94437,0.00013,0.00002,0.05549
50.40000,0.67194,0.95844,0.00007,0.00001,0.04148
50.45000,0.67194,0.93584,0.00003,0.00001,0.06412
50.50000,0.67194,0.96936,0.00002,0.00000,0.03061
50.55000,0.67194,0.98341,0.00012,0.00000,0.01647
50.60000,0.67194,0.97407,0.00006,0.00000,0.02587
50.65000,0.67194,0.98450,0.00015,0.00000,0.01535
50.70000,0.67194,0.99041,0.00002,0.00000,0.00957
50.75000,0.67194,0.99566,0.00005,0.00000,0.00430
50.80000,0.67194,0.99172,0.00001,0.00000,0.00826
50.85000,0.67194,0.98956,0.00007,0.00000,0.01037
50.90000,0.67194,0.99336,0.00001,0.00000,0.00662
50.95000,0.67194,0.99209,0.00004,0.00000,0.00787
51.00000,0.67194,0.98261,0.00007,0.00000,0.01732
51.05000,0.67194,0.97550,0.00005,0.00000,0.02445
51.10000,0.67194,0.97603,0.00003,0.00000,0.02394
51.15000,0.67194,0.97384,0.00005,0.00000,0.02611
51.20000,0.67194,0.97856,0.00003,0.00000,0.02142
51.25000,0.67194,0.94801,0.00002,0.00000,0.05196
51.30000,0.67194,0.97727,0.00003,0.00000,0.02270
51.35000,0.67194,0.96388,0.00002,0.00000,0.03609
51.40000,0.67194,0.94378,0.00005,0.00000,0.05617
51.45000,0.67194,0.96295,0.00008,0.00000,0.03697
51.50000,0.67194,0.99035,0.00005,0.00000,0.00961
51.55000,0.67194,0.97228,0.00003,0.00000,0.02769
51.60000,0.67194,0.99502,0.00008,0.00000,0.00491
51.65000,0.67194,0.99449,0.00005,0.00000,0.00545
51.70000,0.67194,0.99831,0.00008,0.00000,0.00161
51.75000,0.67194,0.99592,0.00004,0.00000,0.00404
51.80000,0.67194,0.99617,0.00002,0.00000,0.00380
51.85000,0.67194,0.99798,0.00011,0.00000,0.00191
51.90000,0.67194,0.98915,0.00006,0.00000,0.01079
51.95000,0.67194,0.99696,0.00010,0.00000,0.00294
52.00000,0.67194,0.99530,0.00011,0.00000,0.00459
52.05000,0.67194,0.98866,0.00004,0.00000,0.01130
52.10000,0.67194,0.99227,0.00003,0.00000,0.00770
52.15000,0.67194,0.97817,0.00002,0.00001,0.02181
52.20000,0.67194,0.98287,0.00002,0.00000,0.01711
52.25000,0.67194,0.97945,0.00003,0.00000,0.02052
52.30000,0.67194,0.93590,0.00001,0.00000,0.06409
52.35000,0.67194,0.96612,0.00001,0.00001,0.03386
52.40000,0.67194,0.96767,0.00001,0.00000,0.03232
52.45000,0.67194,0.98936,0.00001,0.00000,0.01063
52.50000,0.67194,0.98384,0.00000,0.00000,0.01615
52.55000,0.67194,0.99761,0.00000,0.00000,0.00239
52.60000,0.67194,0.97587,0.00000,0.00000,0.02413
52.65000,0.67194,0.99805,0.00001,0.00000,0.00195
52.70000,0.67194,0.98444,0.00000,0.00000,0.01556
52.75000,0.67194,0.99807,0.00001,0.00000,0.00191
52.80000,0.67194,0.99380,0.00001,0.00000,0.00620
52.85000,0.67194,0.99790,0.00002,0.00000,0.00208
52.90000,0.67194,0.99882,0.00002,0.00000,0.00116
52.95000,0.67194,0.99876,0.00006,0.00000,0.00118
53.00000,0.67194,0.99860,0.00004,0.00000,0.00137
53.05000,0.67194,0.99937,0.00015,0.00000,0.00048
53.10000,0.67194,0.99941,0.00019,0.00000,0.00040
53.15000,0.67194,0.99935,0.00013,0.00000,0.00052
53.20000,0.67194,0.99935,0.00043,0.00000,0.00022
53.25000,0.67194,0.99897,0.00032,0.00000,0.00071
53.30000,0.67194,0.99871,0.00066,0.00000,0.00064
53.35000,0.67194,0.99909,0.00010,0.00000,0.00081
53.40000,0.67194,0.99917,0.00025,0.00000,0.00059
53.45000,0.67194,0.99901,0.00038,0.00000,0.00061
53.50000,0.67194,0.99913,0.00030,0.00000,0.00057
53.55000,0.67194,0.99927,0.00044,0.00000,0.00029
53.60000,0.67194,0.99850,0.00016,0.00000,0.00134
53.65000,0.67194,0.99869,0.00029,0.00000,0.00102
53.70000,0.67194,0.99895,0.00006,0.00000,0.00099
53.75000,0.67194,0.99933,0.00038,0.00000,0.00029
53.80000,0.67194,0.99889,0.00005,0.00000,0.00106
53.85000,0.67194,0.99907,0.00013,0.00000,0.00080
53.90000,0.67194,0.99944,0.00003,0.00000,0.00053
53.95000,0.67194,0.99960,0.00012,0.00000,0.00028
54.00000,0.67194,0.99884,0.00003,0.00000,0.00113
54.05000,0.67194,0.99931,0.00033,0.00000,0.00036
54.10000,0.67194,0.99688,0.00019,0.00000,0.00293
54.15000,0.67194,0.99858,0.00027,0.00000,0.00115
54.20000,0.67194,0.99749,0.00011,0.00000,0.00241
54.25000,0.67194,0.99882,0.00017,0.00000,0.00101
54.30000,0.67194,0.99848,0.00015,0.00000,0.00137
54.35000,0.67194,0.99910,0.00013,0.00000,0.00078
54.40000,0.67194,0.99839,0.00011,0.00000,0.00149
54.45000,0.67194,0.99870,0.00033,0.00000,0.00096
54.50000,0.67194,0.99890,0.00024,0.00000,0.00086
54.55000,0.67194,0.99857,0.00004,0.00000,0.00139
54.60000,0.67194,0.99960,0.00007,0.00000,0.00033
54.65000,0.67194,0.99876,0.00005,0.00000,0.00119
54.70000,0.67194,0.99928,0.00005,0.00000,0.00067
54.75000,0.67194,0.99802,0.00002,0.00000,0.00196
54.80000,0.67194,0.99920,0.00002,0.00000,0.00078
54.85000,0.67194,0.98999,0.00002,0.00000,0.00999
54.90000,0.67194,0.99770,0.00006,0.00000,0.00224
54.95000,0.67194,0.98344,0.00002,0.00000,0.01653
55.00000,0.67194,0.99732,0.00001,0.00000,0.00267
55.05000,0.67194,0.98211,0.00001,0.00000,0.01788
55.10000,0.67194,0.99643,0.00003,0.00000,0.00354
55.15000,0.67194,0.99304,0.00003,0.00000,0.00693
55.20000,0.67194,0.99825,0.00002,0.00000,0.00174
55.25000,0.67194,0.99392,0.00004,0.00000,0.00604
55.30000,0.67194,0.99815,0.00003,0.00000,0.00183
55.35000,0.67194,0.99706,0.00002,0.00000,0.00292
55.40000,0.67194,0.99750,0.00001,0.00000,0.00249
55.45000,0.67194,0.99869,0.00005,0.00000,0.00126
55.50000,0.67194,0.99929,0.00001,0.00000,0.00071
55.55000,0.67194,0.99911,0.00002,0.00000,0.00088
55.60000,0.67194,0.99947,0.00003,0.00000,0.00050
55.65000,0.67194,0.99934,0.00004,0.00000,0.00062
55.70000,0.67194,0.99967,0.00002,0.00000,0.00031
55.75000,0.67194,0.99910,0.00001,0.00000,0.00089
55.80000,0.67194,0.99705,0.00001,0.00000,0.00294
55.85000,0.67194,0.99434,0.00003,0.00000,0.00563
55.90000,0.67194,0.99358,0.00002,0.00000,0.00640
55.95000,0.67194,0.99247,0.00002,0.00000,0.00750
56.00000,0.67194,0.99654,0.00002,0.00000,0.00344
56.05000,0.67194,0.99404,0.00002,0.00000,0.00595
56.10000,0.67194,0.99789,0.00001,0.00000,0.00210
56.15000,0.67194,0.99589,0.00009,0.00000,0.00402
56.20000,0.67194,0.98495,0.00005,0.00000,0.01500
56.25000,0.67194,0.99176,0.00001,0.00000,0.00822
56.30000,0.67194,0.98985,0.00001,0.00000,0.01013
56.35000,0.67194,0.99850,0.00003,0.00000,0.00147
56.40000,0.67194,0.99904,0.00004,0.00000,0.00092
56.45000,0.67194,0.99942,0.00014,0.00000,0.00043
56.50000,0.67194,0.99941,0.00010,0.00000,0.00049
56.55000,0.67194,0.99950,0.00012,0.00000,0.00037
56.60000,0.67194,0.99921,0.00004,0.00000,0.00074
56.65000,0.67194,0.99983,0.00007,0.00000,0.00010
56.70000,0.67194,0.99983,0.00007,0.00000,0.00010
56.75000,0.67194,0.99974,0.00007,0.00000,0.00019
56.80000,0.67194,0.99978,0.00008,0.00000,0.00014
56.85000,0.67194,0.99968,0.00006,0.00000,0.00026
56.90000,0.67194,0.99984,0.00011,0.00000,0.00005
56.95000,0.67194,0.99970,0.00012,0.00000,0.00019
57.00000,0.67194,0.99988,0.00006,0.00000,0.00006
57.05000,0.67194,0.99972,0.00004,0.00000,0.00024
57.10000,0.67194,0.99966,0.00003,0.00000,0.00031
57.15000,0.67194,0.99930,0.00004,0.00000,0.00066
57.20000,0.67194,0.99957,0.00003,0.00000,0.00039
57.25000,0.67194,0.99957,0.00001,0.00000,0.00042
57.30000,0.67194,0.99861,0.00003,0.00000,0.00136
57.35000,0.67194,0.99931,0.00003,0.00000,0.00066
57.40000,0.67194,0.99933,0.00001,0.00000,0.00065
57.45000,0.67194,0.99959,0.00004,0.00000,0.00037
57.50000,0.67194,0.99862,0.00002,0.00000,0.00136
57.55000,0.67194,0.99918,0.00002,0.00000,0.00081
57.60000,0.67194,0.99767,0.00001,0.00000,0.00232
57.65000,0.67194,0.99980,0.00002,0.00000,0.00018
57.70000,0.67194,0.99961,0.00001,0.00000,0.00038
57.75000,0.67194,0.99983,0.00002,0.00000,0.00014
57.80000,0.67194,0.99955,0.00001,0.00000,0.00044
57.85000,0.67194,0.99986,0.00001,0.00000,0.00013
57.90000,0.67194,0.99987,0.00001,0.00000,0.00012
57.95000,0.67194,0.99979,0.00003,0.00000,0.00018
58.00000,0.67194,0.99981,0.00003,0.00000,0.00016
58.05000,0.67194,0.99992,0.00002,0.00000,0.00006
58.10000,0.67194,0.99993,0.00003,0.00000,0.00004
58.15000,0.67194,0.99982,0.00001,0.00000,0.00017
58.20000,0.67194,0.99993,0.00004,0.00000,0.00003
58.25000,0.67194,0.99990,0.00004,0.00000,0.00006
58.30000,0.67194,0.99991,0.00008,0.00000,0.00002
58.35000,0.67194,0.99982,0.00005,0.00000,0.00013
58.40000,0.67194,0.99990,0.00006,0.00000,0.00004
58.45000,0.67194,0.99979,0.00002,0.00000,0.00019
58.50000,0.67194,0.99992,0.00006,0.00000,0.00002
58.55000,0.67194,0.99981,0.00001,0.00000,0.00018
58.60000,0.67194,0.99996,0.00002,0.00000,0.00002
58.65000,0.67194,0.99967,0.00001,0.00000,0.00032
58.70000,0.67194,0.99995,0.00002,0.00000,0.00003
58.75000,0.67194,0.99989,0.00004,0.00000,0.00007
58.80000,0.67194,0.99991,0.00008,0.00000,0.00000
58.85000,0.67194,0.99995,0.00002,0.00000,0.00003
58.90000,0.67194,0.99994,0.00006,0.00000,0.00000
58.95000,0.67194,0.99985,0.00006,0.00000,0.00009
59.00000,0.67194,0.99994,0.00003,0.00000,0.00002
59.05000,0.67194,0.99981,0.00008,0.00000,0.00010
59.10000,0.67194,0.99987,0.00004,0.00000,0.00009
59.15000,0.67194,0.99952,0.00008,0.00000,0.00040
59.20000,0.67194,0.99966,0.00010,0.00000,0.00024
59.25000,0.67194,0.99933,0.00024,0.00000,0.00042
59.30000,0.67194,0.99882,0.00018,0.00000,0.00100
59.35000,0.67194,0.99018,0.00008,0.00001,0.00972
59.40000,0.67194,0.99592,0.00007,0.00001,0.00400
59.45000,0.67194,0.99655,0.00030,0.00001,0.00315
59.50000,0.67194,0.99448,0.00026,0.00001,0.00525
59.55000,0.67194,0.99637,0.00033,0.00002,0.00328
59.60000,0.67194,0.99928,0.00051,0.00001,0.00021
