Time (seconds), Duration (seconds),pred_unlabelled,pred_baby_cry,pred_cough,pred_water_tap
0.00000,0.67194,0.93392,0.00000,0.06608,0.00000
0.05000,0.67194,0.93314,0.00000,0.06685,0.00000
0.10000,0.67194,0.91951,0.00000,0.08049,0.00000
0.15000,0.67194,0.90935,0.00000,0.09065,0.00000
0.20000,0.67194,0.88985,0.00000,0.11015,0.00000
0.25000,0.67194,0.86316,0.00001,0.13683,0.00000
0.30000,0.67194,0.87926,0.00000,0.12074,0.00000
0.35000,0.67194,0.86583,0.00001,0.13416,0.00000
0.40000,0.67194,0.82677,0.00001,0.17321,0.00001
0.45000,0.67194,0.85446,0.00003,0.14550,0.00001
0.50000,0.67194,0.89148,0.00003,0.10846,0.00003
0.55000,0.67194,0.90386,0.00009,0.09604,0.00002
0.60000,0.67194,0.86817,0.00010,0.13166,0.00007
0.65000,0.67194,0.91228,0.00019,0.08747,0.00006
0.70000,0.67194,0.92309,0.00012,0.07672,0.00007
0.75000,0.67194,0.96637,0.00022,0.03328,0.00013
0.80000,0.67194,0.97849,0.00037,0.02107,0.00007
0.85000,0.67194,0.98842,0.00065,0.01084,0.00009
0.90000,0.67194,0.99164,0.00086,0.00743,0.00007
0.95000,0.67194,0.99597,0.00253,0.00147,0.00004
1.00000,0.67194,0.99521,0.00421,0.00046,0.00012
1.05000,0.67194,0.99320,0.00662,0.00012,0.00006
1.10000,0.67194,0.99324,0.00653,0.00013,0.00010
1.15000,0.67194,0.99038,0.00958,0.00002,0.00002
1.20000,0.67194,0.98867,0.01121,0.00002,0.00009
1.25000,0.67194,0.98334,0.01657,0.00001,0.00008
1.30000,0.67194,0.96779,0.03211,0.00000,0.00010
1.35000,0.67194,0.96860,0.03130,0.00000,0.00010
1.40000,0.67194,0.96457,0.03541,0.00000,0.00002
1.45000,0.67194,0.94008,0.05988,0.00000,0.00004
1.50000,0.67194,0.96272,0.03722,0.00000,0.00007
1.55000,0.67194,0.90621,0.09377,0.00000,0.00003
1.60000,0.67194,0.95259,0.04738,0.00000,0.00003
1.65000,0.67194,0.92932,0.07063,0.00000,0.00004
1.70000,0.67194,0.90288,0.09708,0.00000,0.00004
1.75000,0.67194,0.88117,0.11877,0.00000,0.00006
1.80000,0.67194,0.89014,0.10981,0.00000,0.00004
1.85000,0.67194,0.89311,0.10686,0.00000,0.00003
1.90000,0.67194,0.89391,0.10607,0.00000,0.00001
1.95000,0.67194,0.74247,0.25751,0.00000,0.00002
2.00000,0.67194,0.75920,0.24078,0.00000,0.00002
2.05000,0.67194,0.66326,0.33672,0.00000,0.00003
2.10000,0.67194,0.77651,0.22349,0.00000,0.00001
2.15000,0.67194,0.81749,0.18250,0.00000,0.00001
2.20000,0.67194,0.82126,0.17873,0.00000,0.00002
2.25000,0.67194,0.86648,0.13349,0.00000,0.00002
2.30000,0.67194,0.94537,0.05462,0.00000,0.00001
2.35000,0.67194,0.93383,0.06615,0.00000,0.00001
2.40000,0.67194,0.85055,0.14943,0.00000,0.00001
2.45000,0.67194,0.87696,0.12302,0.00001,0.00001
2.50000,0.67194,0.83268,0.16730,0.00001,0.00000
2.55000,0.67194,0.89924,0.10073,0.00002,0.00001
2.60000,0.67194,0.93737,0.06258,0.00005,0.00001
2.65000,0.67194,0.91896,0.08092,0.00011,0.00001
2.70000,0.67194,0.92008,0.07988,0.00003,0.00001
2.75000,0.67194,0.91018,0.08974,0.00007,0.00001
2.80000,0.67194,0.88999,0.10987,0.00013,0.00001
2.85000,0.67194,0.93165,0.06826,0.00008,0.00001
2.90000,0.67194,0.93723,0.06258,0.00017,0.00002
2.95000,0.67194,0.88953,0.11037,0.00010,0.00000
3.00000,0.67194,0.90575,0.09389,0.00033,0.00003
3.05000,0.67194,0.93282,0.06694,0.00023,0.00002
3.10000,0.67194,0.96389,0.03501,0.00108,0.00001
3.15000,0.67194,0.91036,0.08898,0.00065,0.00001
3.20000,0.67194,0.95799,0.03980,0.00218,0.00003
3.25000,0.67194,0.94399,0.05361,0.00238,0.00003
3.30000,0.67194,0.95723,0.03700,0.00574,0.00003
3.35000,0.67194,0.97975,0.01685,0.00337,0.00003
3.40000,0.67194,0.98007,0.00887,0.01099,0.00008
3.45000,0.67194,0.97681,0.01143,0.01173,0.00002
3.50000,0.67194,0.96443,0.01395,0.02161,0.00002
3.55000,0.67194,0.96067,0.00599,0.03333,0.00001
3.60000,0.67194,0.92157,0.00515,0.07326,0.00002
3.65000,0.67194,0.93249,0.00497,0.06253,0.00001
3.70000,0.67194,0.97043,0.00965,0.01990,0.00002
3.75000,0.67194,0.94744,0.00693,0.04563,0.00000
3.80000,0.67194,0.95181,0.00829,0.03990,0.00000
3.85000,0.67194,0.95503,0.00877,0.03620,0.00000
3.90000,0.67194,0.94943,0.00524,0.04532,0.00001
3.95000,0.67194,0.89391,0.00328,0.10280,0.00000
4.00000,0.67194,0.92335,0.00472,0.07191,0.00002
4.05000,0.67194,0.95269,0.01089,0.03641,0.00001
4.10000,0.67194,0.92516,0.01086,0.06397,0.00000
4.15000,0.67194,0.95034,0.01303,0.03662,0.00000
4.20000,0.67194,0.93252,0.01159,0.05588,0.00001
4.25000,0.67194,0.92871,0.00894,0.06235,0.00000
4.30000,0.67194,0.84190,0.00457,0.15352,0.00000
4.35000,0.67194,0.93199,0.01330,0.05470,0.00001
4.40000,0.67194,0.96094,0.00863,0.03043,0.00000
4.45000,0.67194,0.93893,0.01194,0.04913,0.00000
4.50000,0.67194,0.93930,0.01572,0.04498,0.00000
4.55000,0.67194,0.91965,0.02458,0.05576,0.00000
4.60000,0.67194,0.94834,0.01986,0.03179,0.00001
4.65000,0.67194,0.94224,0.01439,0.04337,0.00000
4.70000,0.67194,0.93265,0.01380,0.05355,0.00000
4.75000,0.67194,0.95448,0.01836,0.02716,0.00000
4.80000,0.67194,0.90363,0.01441,0.08196,0.00000
4.85000,0.67194,0.94782,0.02345,0.02872,0.00000
4.90000,0.67194,0.94135,0.03036,0.02829,0.00000
4.95000,0.67194,0.95063,0.02515,0.02422,0.00000
5.00000,0.67194,0.96135,0.01965,0.01899,0.00000
5.05000,0.67194,0.95494,0.03920,0.00586,0.00000
5.10000,0.67194,0.95969,0.02655,0.01375,0.00000
5.15000,0.67194,0.95407,0.03381,0.01211,0.00000
5.20000,0.67194,0.91002,0.06753,0.02245,0.00000
5.25000,0.67194,0.91987,0.07518,0.00495,0.00000
5.30000,0.67194,0.94403,0.04349,0.01248,0.00000
5.35000,0.67194,0.92576,0.06987,0.00436,0.00001
5.40000,0.67194,0.96100,0.03482,0.00417,0.00001
5.45000,0.67194,0.95486,0.04129,0.00386,0.00000
5.50000,0.67194,0.95177,0.02912,0.01910,0.00001
5.55000,0.67194,0.92299,0.06915,0.00786,0.00000
5.60000,0.67194,0.94948,0.03173,0.01879,0.00000
5.65000,0.67194,0.95511,0.02775,0.01714,0.00000
5.70000,0.67194,0.96022,0.02089,0.01889,0.00000
5.75000,0.67194,0.96674,0.02491,0.00835,0.00000
5.80000,0.67194,0.95514,0.02008,0.02478,0.00000
5.85000,0.67194,0.92346,0.04514,0.03141,0.00000
5.90000,0.67194,0.92380,0.05060,0.02559,0.00000
5.95000,0.67194,0.90066,0.02632,0.07301,0.00000
6.00000,0.67194,0.89871,0.02173,0.07956,0.00001
6.05000,0.67194,0.93841,0.02991,0.03167,0.00001
6.10000,0.67194,0.95983,0.01937,0.02080,0.00001
6.15000,0.67194,0.92353,0.01611,0.06036,0.00000
6.20000,0.67194,0.91075,0.03303,0.05622,0.00000
6.25000,0.67194,0.90929,0.04281,0.04789,0.00001
6.30000,0.67194,0.86449,0.02981,0.10569,0.00001
6.35000,0.67194,0.91578,0.05078,0.03344,0.00000
6.40000,0.67194,0.92379,0.02010,0.05611,0.00001
6.45000,0.67194,0.91179,0.05669,0.03151,0.00001
6.50000,0.67194,0.92867,0.02703,0.04430,0.00000
6.55000,0.67194,0.92515,0.04523,0.02963,0.00000
6.60000,0.67194,0.92935,0.03410,0.03655,0.00000
6.65000,0.67194,0.92163,0.02425,0.05411,0.00000
6.70000,0.67194,0.92230,0.03644,0.04126,0.00000
6.75000,0.67194,0.93398,0.04935,0.01667,0.00000
6.80000,0.67194,0.94455,0.02569,0.02975,0.00001
6.85000,0.67194,0.88868,0.05396,0.05736,0.00001
6.90000,0.67194,0.93657,0.03847,0.02495,0.00001
6.95000,0.67194,0.95907,0.02352,0.01741,0.00000
7.00000,0.67194,0.92539,0.03696,0.03765,0.00000
7.05000,0.67194,0.94732,0.02568,0.02700,0.00000
7.10000,0.67194,0.93997,0.01715,0.04288,0.00000
7.15000,0.67194,0.95116,0.01467,0.03416,0.00000
7.20000,0.67194,0.89244,0.03055,0.07701,0.00000
7.25000,0.67194,0.93876,0.01454,0.04670,0.00000
7.30000,0.67194,0.93106,0.01048,0.05845,0.00001
7.35000,0.67194,0.85471,0.00178,0.14350,0.00001
7.40000,0.67194,0.93322,0.00539,0.06139,0.00001
7.45000,0.67194,0.85178,0.00159,0.14654,0.00010
7.50000,0.67194,0.94517,0.01145,0.04316,0.00022
7.55000,0.67194,0.85370,0.00475,0.14146,0.00009
7.60000,0.67194,0.89761,0.01065,0.09071,0.00104
7.65000,0.67194,0.90104,0.00364,0.09429,0.00103
7.70000,0.67194,0.90859,0.00384,0.08301,0.00456
7.75000,0.67194,0.94063,0.00226,0.05552,0.00159
7.80000,0.67194,0.98102,0.00702,0.00741,0.00455
7.85000,0.67194,0.97155,0.00923,0.01263,0.00658
7.90000,0.67194,0.95883,0.02050,0.01561,0.00506
7.95000,0.67194,0.97221,0.02010,0.00664,0.00104
8.00000,0.67194,0.96469,0.03355,0.00158,0.00018
8.05000,0.67194,0.89010,0.10904,0.00086,0.00000
8.10000,0.67194,0.83683,0.16290,0.00027,0.00000
8.15000,0.67194,0.87947,0.11970,0.00082,0.00001
8.20000,0.67194,0.89513,0.10466,0.00021,0.00000
8.25000,0.67194,0.74107,0.25790,0.00102,0.00000
8.30000,0.67194,0.82940,0.17033,0.00027,0.00000
8.35000,0.67194,0.77518,0.22478,0.00004,0.00000
8.40000,0.67194,0.88768,0.11231,0.00001,0.00000
8.45000,0.67194,0.75808,0.24189,0.00003,0.00000
8.50000,0.67194,0.88758,0.11241,0.00001,0.00000
8.55000,0.67194,0.90878,0.09118,0.00004,0.00000
8.60000,0.67194,0.95541,0.04458,0.00000,0.00000
8.65000,0.67194,0.92906,0.07093,0.00000,0.00000
8.70000,0.67194,0.98388,0.01612,0.00001,0.00000
8.75000,0.67194,0.97842,0.02158,0.00000,0.00000
8.80000,0.67194,0.97910,0.02090,0.00000,0.00000
8.85000,0.67194,0.95214,0.04786,0.00000,0.00000
8.90000,0.67194,0.95948,0.04051,0.00001,0.00000
8.95000,0.67194,0.95002,0.04986,0.00013,0.00000
9.00000,0.67194,0.94007,0.05987,0.00005,0.00000
9.05000,0.67194,0.97333,0.02620,0.00047,0.00001
9.10000,0.67194,0.98310,0.01526,0.00165,0.00000
9.15000,0.67194,0.98198,0.01564,0.00238,0.00000
9.20000,0.67194,0.96486,0.02325,0.01189,0.00000
9.25000,0.67194,0.96598,0.01146,0.02254,0.00002
9.30000,0.67194,0.97151,0.01957,0.00890,0.00001
9.35000,0.67194,0.97269,0.00754,0.01941,0.00035
9.40000,0.67194,0.98593,0.00696,0.00688,0.00023
9.45000,0.67194,0.97386,0.01281,0.01316,0.00017
9.50000,0.67194,0.98278,0.00533,0.01169,0.00020
9.55000,0.67194,0.99209,0.00404,0.00369,0.00017
9.60000,0.67194,0.96586,0.00381,0.02868,0.00166
9.65000,0.67194,0.96592,0.01059,0.02335,0.00014
9.70000,0.67194,0.94733,0.02495,0.02741,0.00031
9.75000,0.67194,0.97030,0.01768,0.01182,0.00020
9.80000,0.67194,0.91419,0.02028,0.06516,0.00037
9.85000,0.67194,0.89550,0.03456,0.06986,0.00008
9.90000,0.67194,0.75134,0.03751,0.21038,0.00077
9.95000,0.67194,0.81982,0.04396,0.13616,0.00006
10.00000,0.67194,0.66052,0.03094,0.30845,0.00009
10.05000,0.67194,0.77253,0.05484,0.17254,0.00010
10.10000,0.67194,0.74954,0.06899,0.18133,0.00014
10.15000,0.67194,0.76611,0.12326,0.11056,0.00006
10.20000,0.67194,0.85053,0.11863,0.03080,0.00004
10.25000,0.67194,0.89803,0.08350,0.01846,0.00001
10.30000,0.67194,0.93711,0.05753,0.00535,0.00001
10.35000,0.67194,0.94550,0.05129,0.00319,0.00002
10.40000,0.67194,0.98484,0.01395,0.00121,0.00001
10.45000,0.67194,0.97945,0.02021,0.00033,0.00001
10.50000,0.67194,0.98920,0.01066,0.00010,0.00003
10.55000,0.67194,0.98717,0.01278,0.00001,0.00005
10.60000,0.67194,0.97426,0.02565,0.00000,0.00008
10.65000,0.67194,0.99250,0.00708,0.00000,0.00042
10.70000,0.67194,0.99097,0.00808,0.00000,0.00095
10.75000,0.67194,0.99604,0.00326,0.00000,0.00069
10.80000,0.67194,0.99528,0.00308,0.00000,0.00163
10.85000,0.67194,0.99750,0.00056,0.00000,0.00194
10.90000,0.67194,0.99606,0.00176,0.00000,0.00218
10.95000,0.67194,0.98905,0.00081,0.00000,0.01014
11.00000,0.67194,0.99294,0.00089,0.00000,0.00617
11.05000,0.67194,0.99527,0.00065,0.00000,0.00407
11.10000,0.67194,0.99580,0.00071,0.00000,0.00348
11.15000,0.67194,0.99582,0.00066,0.00000,0.00352
11.20000,0.67194,0.99776,0.00073,0.00000,0.00151
11.25000,0.67194,0.99803,0.00096,0.00000,0.00101
11.30000,0.67194,0.99889,0.00059,0.00000,0.00052
11.35000,0.67194,0.99866,0.00119,0.00000,0.00015
11.40000,0.67194,0.99819,0.00165,0.00000,0.00016
11.45000,0.67194,0.99751,0.00246,0.00000,0.00003
11.50000,0.67194,0.99769,0.00230,0.00000,0.00001
11.55000,0.67194,0.99730,0.00269,0.00000,0.00001
11.60000,0.67194,0.99731,0.00269,0.00000,0.00000
11.65000,0.67194,0.99699,0.00299,0.00000,0.00002
11.70000,0.67194,0.99374,0.00625,0.00000,0.00002
11.75000,0.67194,0.99375,0.00622,0.00000,0.00003
11.80000,0.67194,0.99286,0.00707,0.00000,0.00007
11.85000,0.67194,0.99210,0.00786,0.00000,0.00004
11.90000,0.67194,0.97840,0.02158,0.00000,0.00001
11.95000,0.67194,0.97266,0.02730,0.00000,0.00003
12.00000,0.67194,0.96241,0.03754,0.00000,0.00005
12.05000,0.67194,0.96544,0.03443,0.00000,0.00013
12.10000,0.67194,0.94935,0.05038,0.00001,0.00027
12.15000,0.67194,0.98466,0.01518,0.00004,0.00012
12.20000,0.67194,0.99084,0.00877,0.00027,0.00013
12.25000,0.67194,0.98871,0.01033,0.00077,0.00019
12.30000,0.67194,0.99448,0.00216,0.00318,0.00019
12.35000,0.67194,0.95235,0.00347,0.04349,0.00069
12.40000,0.67194,0.87009,0.00288,0.12695,0.00007
12.45000,0.67194,0.60179,0.00070,0.39719,0.00031
12.50000,0.67194,0.77631,0.00378,0.21930,0.00061
12.55000,0.67194,0.74262,0.00100,0.25459,0.00180
12.60000,0.67194,0.92708,0.00330,0.06928,0.00034
12.65000,0.67194,0.80947,0.00345,0.18609,0.00098
12.70000,0.67194,0.74468,0.00403,0.25011,0.00118
12.75000,0.67194,0.75505,0.00531,0.23916,0.00049
12.80000,0.67194,0.88507,0.00900,0.10570,0.00024
12.85000,0.67194,0.91037,0.00850,0.08099,0.00013
12.90000,0.67194,0.95926,0.02367,0.01704,0.00003
12.95000,0.67194,0.91527,0.07749,0.00723,0.00000
13.00000,0.67194,0.95699,0.04269,0.00032,0.00000
13.05000,0.67194,0.95829,0.04108,0.00063,0.00000
13.10000,0.67194,0.96669,0.03319,0.00012,0.00000
13.15000,0.67194,0.96470,0.03519,0.00011,0.00000
13.20000,0.67194,0.83690,0.16307,0.00003,0.00000
13.25000,0.67194,0.95873,0.04127,0.00000,0.00000
13.30000,0.67194,0.93586,0.06414,0.00000,0.00000
13.35000,0.67194,0.92471,0.07529,0.00000,0.00000
13.40000,0.67194,0.86885,0.13115,0.00000,0.00000
13.45000,0.67194,0.86923,0.13077,0.00000,0.00000
13.50000,0.67194,0.81800,0.18199,0.00000,0.00000
13.55000,0.67194,0.87395,0.12605,0.00000,0.00000
13.60000,0.67194,0.65325,0.34675,0.00000,0.00000
13.65000,0.67194,0.51257,0.48743,0.00000,0.00000
13.70000,0.67194,0.71707,0.28293,0.00000,0.00000
13.75000,0.67194,0.63433,0.36567,0.00000,0.00000
13.80000,0.67194,0.41424,0.58576,0.00000,0.00000
13.85000,0.67194,0.58804,0.41196,0.00000,0.00000
13.90000,0.67194,0.58694,0.41305,0.00001,0.00000
13.95000,0.67194,0.80671,0.19327,0.00003,0.00000
14.00000,0.67194,0.77021,0.22976,0.00003,0.00000
14.05000,0.67194,0.96586,0.03393,0.00021,0.00000
14.10000,0.67194,0.93236,0.06758,0.00006,0.00000
14.15000,0.67194,0.98058,0.01750,0.00193,0.00000
14.20000,0.67194,0.96293,0.03680,0.00027,0.00000
14.25000,0.67194,0.96516,0.00294,0.03183,0.00007
14.30000,0.67194,0.96656,0.03167,0.00177,0.00000
14.35000,0.67194,0.94863,0.00405,0.04664,0.00069
14.40000,0.67194,0.98920,0.00745,0.00334,0.00001
14.45000,0.67194,0.87235,0.00155,0.11943,0.00666
14.50000,0.67194,0.98446,0.01354,0.00195,0.00005
14.55000,0.67194,0.98395,0.00343,0.01239,0.00023
14.60000,0.67194,0.98112,0.00801,0.01076,0.00011
14.65000,0.67194,0.95990,0.00390,0.03582,0.00038
14.70000,0.67194,0.96087,0.02770,0.01138,0.00006
14.75000,0.67194,0.94259,0.00826,0.04906,0.00008
14.80000,0.67194,0.95637,0.01221,0.03110,0.00032
14.85000,0.67194,0.90324,0.04625,0.05046,0.00005
14.90000,0.67194,0.77896,0.05209,0.16873,0.00021
14.95000,0.67194,0.86094,0.02448,0.11446,0.00012
15.00000,0.67194,0.84919,0.02981,0.12091,0.00009
15.05000,0.67194,0.79687,0.02942,0.17365,0.00006
15.10000,0.67194,0.92019,0.02832,0.05146,0.00003
15.15000,0.67194,0.93495,0.02052,0.04450,0.00002
15.20000,0.67194,0.93809,0.05040,0.01149,0.00002
15.25000,0.67194,0.98139,0.01564,0.00293,0.00004
15.30000,0.67194,0.98141,0.01849,0.00010,0.00000
15.35000,0.67194,0.98020,0.01975,0.00004,0.00001
15.40000,0.67194,0.98372,0.01625,0.00002,0.00001
15.45000,0.67194,0.99178,0.00806,0.00001,0.00015
15.50000,0.67194,0.99135,0.00853,0.00000,0.00012
15.55000,0.67194,0.98793,0.01177,0.00001,0.00030
15.60000,0.67194,0.98195,0.01663,0.00000,0.00141
15.65000,0.67194,0.98527,0.00904,0.00000,0.00570
15.70000,0.67194,0.97578,0.01567,0.00000,0.00855
15.75000,0.67194,0.97070,0.00515,0.00000,0.02414
15.80000,0.67194,0.96430,0.00413,0.00000,0.03156
15.85000,0.67194,0.93003,0.00178,0.00000,0.06819
15.90000,0.67194,0.94774,0.00152,0.00000,0.05073
15.95000,0.67194,0.96804,0.00063,0.00000,0.03132
16.00000,0.67194,0.98251,0.00096,0.00000,0.01653
16.05000,0.67194,0.99645,0.00071,0.00000,0.00283
16.10000,0.67194,0.99792,0.00103,0.00000,0.00104
16.15000,0.67194,0.99873,0.00113,0.00000,0.00014
16.20000,0.67194,0.99884,0.00107,0.00000,0.00008
16.25000,0.67194,0.99860,0.00133,0.00000,0.00007
16.30000,0.67194,0.99866,0.00134,0.00000,0.00000
16.35000,0.67194,0.99886,0.00114,0.00000,0.00000
16.40000,0.67194,0.99884,0.00115,0.00000,0.00000
16.45000,0.67194,0.99903,0.00097,0.00000,0.00000
16.50000,0.67194,0.99893,0.00107,0.00000,0.00000
16.55000,0.67194,0.99871,0.00129,0.00000,0.00000
16.60000,0.67194,0.99729,0.00271,0.00000,0.00000
16.65000,0.67194,0.99772,0.00228,0.00000,0.00000
16.70000,0.67194,0.99697,0.00303,0.00000,0.00000
16.75000,0.67194,0.99671,0.00329,0.00000,0.00000
16.80000,0.67194,0.99391,0.00609,0.00000,0.00000
16.85000,0.67194,0.99615,0.00385,0.00000,0.00000
16.90000,0.67194,0.99034,0.00966,0.00000,0.00000
16.95000,0.67194,0.96792,0.03208,0.00000,0.00000
17.00000,0.67194,0.93430,0.06569,0.00000,0.00000
17.05000,0.67194,0.97281,0.02717,0.00002,0.00000
17.10000,0.67194,0.98484,0.01485,0.00031,0.00000
17.15000,0.67194,0.99045,0.00894,0.00061,0.00000
17.20000,0.67194,0.99002,0.00819,0.00177,0.00001
17.25000,0.67194,0.97233,0.01141,0.01625,0.00000
17.30000,0.67194,0.94520,0.00887,0.04590,0.00003
17.35000,0.67194,0.82429,0.00408,0.17158,0.00005
17.40000,0.67194,0.68126,0.00292,0.31570,0.00013
17.45000,0.67194,0.66486,0.00179,0.33310,0.00024
17.50000,0.67194,0.68868,0.00158,0.30968,0.00006
17.55000,0.67194,0.53961,0.00094,0.45914,0.00031
17.60000,0.67194,0.90997,0.00147,0.08804,0.00051
17.65000,0.67194,0.87074,0.00176,0.12554,0.00196
17.70000,0.67194,0.98314,0.00347,0.01335,0.00005
17.75000,0.67194,0.94933,0.00223,0.04821,0.00024
17.80000,0.67194,0.98866,0.00920,0.00212,0.00002
17.85000,0.67194,0.99240,0.00367,0.00379,0.00014
17.90000,0.67194,0.98880,0.01083,0.00037,0.00001
17.95000,0.67194,0.99549,0.00389,0.00061,0.00000
18.00000,0.67194,0.98374,0.01610,0.00016,0.00000
18.05000,0.67194,0.96803,0.03191,0.00006,0.00000
18.10000,0.67194,0.94115,0.05885,0.00000,0.00000
18.15000,0.67194,0.97672,0.02327,0.00002,0.00000
18.20000,0.67194,0.95072,0.04928,0.00000,0.00000
18.25000,0.67194,0.88683,0.11317,0.00000,0.00000
18.30000,0.67194,0.86944,0.13056,0.00000,0.00000
18.35000,0.67194,0.83947,0.16053,0.00000,0.00000
18.40000,0.67194,0.75075,0.24925,0.00000,0.00000
18.45000,0.67194,0.87049,0.12951,0.00000,0.00000
18.50000,0.67194,0.62321,0.37678,0.00002,0.00000
18.55000,0.67194,0.82806,0.17189,0.00005,0.00000
18.60000,0.67194,0.81939,0.18060,0.00000,0.00000
18.65000,0.67194,0.83400,0.16592,0.00008,0.00000
18.70000,0.67194,0.86678,0.13314,0.00008,0.00000
18.75000,0.67194,0.83294,0.16699,0.00007,0.00000
18.80000,0.67194,0.88668,0.11320,0.00012,0.00000
18.85000,0.67194,0.88798,0.11174,0.00028,0.00000
18.90000,0.67194,0.94217,0.05756,0.00027,0.00000
18.95000,0.67194,0.94628,0.05281,0.00091,0.00000
19.00000,0.67194,0.97753,0.01975,0.00272,0.00000
19.05000,0.67194,0.96067,0.03795,0.00138,0.00000
19.10000,0.67194,0.98492,0.01353,0.00155,0.00000
19.15000,0.67194,0.94896,0.04992,0.00113,0.00000
19.20000,0.67194,0.97973,0.01614,0.00413,0.00000
19.25000,0.67194,0.91023,0.08903,0.00074,0.00000
19.30000,0.67194,0.97786,0.02052,0.00158,0.00004
19.35000,0.67194,0.97179,0.02680,0.00141,0.00001
19.40000,0.67194,0.98914,0.00970,0.00112,0.00004
19.45000,0.67194,0.97303,0.02568,0.00129,0.00001
19.50000,0.67194,0.95169,0.04570,0.00260,0.00001
19.55000,0.67194,0.91636,0.08232,0.00132,0.00000
19.60000,0.67194,0.94411,0.04766,0.00822,0.00000
19.65000,0.67194,0.92386,0.06425,0.01189,0.00000
19.70000,0.67194,0.87579,0.08493,0.03927,0.00001
19.75000,0.67194,0.88765,0.07925,0.03310,0.00000
19.80000,0.67194,0.82256,0.07626,0.10118,0.00000
19.85000,0.67194,0.79908,0.13112,0.06980,0.00000
19.90000,0.67194,0.69176,0.08060,0.22758,0.00005
19.95000,0.67194,0.76519,0.08188,0.15293,0.00000
20.00000,0.67194,0.74481,0.13360,0.12156,0.00002
20.05000,0.67194,0.77133,0.13637,0.09230,0.00000
20.10000,0.67194,0.82812,0.10433,0.06755,0.00000
20.15000,0.67194,0.90459,0.04755,0.04786,0.00000
20.20000,0.67194,0.86049,0.11357,0.02593,0.00002
20.25000,0.67194,0.84648,0.15013,0.00336,0.00004
20.30000,0.67194,0.83679,0.16136,0.00165,0.00021
20.35000,0.67194,0.73405,0.26570,0.00008,0.00017
20.40000,0.67194,0.76612,0.23343,0.00006,0.00038
20.45000,0.67194,0.86827,0.12883,0.00007,0.00283
20.50000,0.67194,0.90802,0.08732,0.00001,0.00465
20.55000,0.67194,0.90710,0.08309,0.00001,0.00981
20.60000,0.67194,0.90389,0.07765,0.00000,0.01846
20.65000,0.67194,0.91447,0.04125,0.00000,0.04429
20.70000,0.67194,0.89084,0.05398,0.00000,0.05518
20.75000,0.67194,0.96797,0.01904,0.00000,0.01299
20.80000,0.67194,0.93234,0.04037,0.00000,0.02729
20.85000,0.67194,0.96025,0.02259,0.00000,0.01717
20.90000,0.67194,0.98773,0.00913,0.00000,0.00314
20.95000,0.67194,0.99103,0.00716,0.00000,0.00181
21.00000,0.67194,0.99721,0.00261,0.00000,0.00018
21.05000,0.67194,0.99726,0.00272,0.00000,0.00002
21.10000,0.67194,0.99725,0.00274,0.00000,0.00002
21.15000,0.67194,0.99743,0.00257,0.00000,0.00000
21.20000,0.67194,0.99696,0.00303,0.00000,0.00000
21.25000,0.67194,0.99836,0.00164,0.00000,0.00000
21.30000,0.67194,0.99730,0.00270,0.00000,0.00000
21.35000,0.67194,0.99575,0.00425,0.00000,0.00000
21.40000,0.67194,0.99740,0.00260,0.00000,0.00000
21.45000,0.67194,0.99631,0.00369,0.00000,0.00000
21.50000,0.67194,0.99549,0.00451,0.00000,0.00000
21.55000,0.67194,0.99188,0.00812,0.00000,0.00000
21.60000,0.67194,0.98760,0.01240,0.00000,0.00000
21.65000,0.67194,0.98828,0.01172,0.00000,0.00000
21.70000,0.67194,0.98686,0.01314,0.00000,0.00000
21.75000,0.67194,0.99048,0.00952,0.00000,0.00000
21.80000,0.67194,0.98618,0.01382,0.00000,0.00000
21.85000,0.67194,0.99330,0.00670,0.00000,0.00000
21.90000,0.67194,0.98600,0.01398,0.00002,0.00000
21.95000,0.67194,0.97030,0.02964,0.00007,0.00000
22.00000,0.67194,0.98438,0.01507,0.00055,0.00000
22.05000,0.67194,0.97863,0.02060,0.00076,0.00000
22.10000,0.67194,0.97290,0.01822,0.00887,0.00001
22.15000,0.67194,0.93981,0.01821,0.04197,0.00001
22.20000,0.67194,0.85998,0.00505,0.13494,0.00003
22.25000,0.67194,0.68673,0.00522,0.30804,0.00001
22.30000,0.67194,0.58980,0.00109,0.40908,0.00003
22.35000,0.67194,0.54730,0.00055,0.45206,0.00009
22.40000,0.67194,0.58448,0.00079,0.41470,0.00003
22.45000,0.67194,0.52752,0.00050,0.47196,0.00002
22.50000,0.67194,0.60935,0.00031,0.39003,0.00030
22.55000,0.67194,0.78454,0.00034,0.21503,0.00010
22.60000,0.67194,0.89646,0.00047,0.10306,0.00000
22.65000,0.67194,0.97931,0.00214,0.01855,0.00000
22.70000,0.67194,0.98298,0.00207,0.01495,0.00000
22.75000,0.67194,0.99637,0.00161,0.00202,0.00000
22.80000,0.67194,0.99785,0.00174,0.00041,0.00000
22.85000,0.67194,0.99287,0.00656,0.00058,0.00000
22.90000,0.67194,0.99527,0.00455,0.00018,0.00000
22.95000,0.67194,0.98854,0.01145,0.00001,0.00000
23.00000,0.67194,0.97774,0.02225,0.00001,0.00000
23.05000,0.67194,0.90495,0.09505,0.00001,0.00000
23.10000,0.67194,0.90675,0.09325,0.00000,0.00000
23.15000,0.67194,0.91564,0.08436,0.00000,0.00000
23.20000,0.67194,0.88909,0.11091,0.00000,0.00000
23.25000,0.67194,0.89587,0.10413,0.00000,0.00000
23.30000,0.67194,0.89621,0.10379,0.00000,0.00000
23.35000,0.67194,0.83508,0.16492,0.00000,0.00000
23.40000,0.67194,0.70835,0.29165,0.00000,0.00000
23.45000,0.67194,0.78133,0.21867,0.00000,0.00000
23.50000,0.67194,0.72996,0.27004,0.00000,0.00000
23.55000,0.67194,0.62903,0.37097,0.00001,0.00000
23.60000,0.67194,0.62562,0.37436,0.00002,0.00000
23.65000,0.67194,0.47791,0.52202,0.00007,0.00000
23.70000,0.67194,0.63244,0.36741,0.00015,0.00000
23.75000,0.67194,0.59385,0.40584,0.00031,0.00000
23.80000,0.67194,0.63257,0.36531,0.00212,0.00000
23.85000,0.67194,0.74573,0.24654,0.00772,0.00000
23.90000,0.67194,0.91470,0.05638,0.02892,0.00000
23.95000,0.67194,0.82266,0.07541,0.10193,0.00000
24.00000,0.67194,0.91493,0.02268,0.06234,0.00004
24.05000,0.67194,0.86492,0.01147,0.12359,0.00001
24.10000,0.67194,0.82720,0.03075,0.14143,0.00062
24.15000,0.67194,0.41710,0.00298,0.57973,0.00019
24.20000,0.67194,0.42045,0.00518,0.56688,0.00749
24.25000,0.67194,0.41841,0.00119,0.57230,0.00810
24.30000,0.67194,0.75123,0.00638,0.23959,0.00280
24.35000,0.67194,0.57252,0.00507,0.41691,0.00551
24.40000,0.67194,0.75730,0.00659,0.23485,0.00126
24.45000,0.67194,0.60157,0.02011,0.37653,0.00179
24.50000,0.67194,0.88819,0.03464,0.07537,0.00180
24.55000,0.67194,0.74987,0.03511,0.21428,0.00074
24.60000,0.67194,0.66903,0.05544,0.27449,0.00104
24.65000,0.67194,0.72866,0.08340,0.18751,0.00043
24.70000,0.67194,0.74765,0.09700,0.15482,0.00053
24.75000,0.67194,0.54648,0.06515,0.38826,0.00011
24.80000,0.67194,0.59996,0.07092,0.32890,0.00023
24.85000,0.67194,0.50766,0.02318,0.46914,0.00002
24.90000,0.67194,0.42574,0.01216,0.56196,0.00015
24.95000,0.67194,0.59106,0.00382,0.40511,0.00000
25.00000,0.67194,0.42908,0.00693,0.56395,0.00005
25.05000,0.67194,0.72437,0.00491,0.27072,0.00000
25.10000,0.67194,0.84787,0.00841,0.14357,0.00015
25.15000,0.67194,0.96206,0.01592,0.02201,0.00001
25.20000,0.67194,0.98211,0.00844,0.00942,0.00003
25.25000,0.67194,0.98382,0.01273,0.00341,0.00004
25.30000,0.67194,0.97676,0.02246,0.00061,0.00017
25.35000,0.67194,0.97677,0.02310,0.00008,0.00005
25.40000,0.67194,0.97656,0.02268,0.00009,0.00067
25.45000,0.67194,0.96880,0.02953,0.00002,0.00165
25.50000,0.67194,0.95668,0.04071,0.00001,0.00261
25.55000,0.67194,0.95206,0.04023,0.00000,0.00770
25.60000,0.67194,0.92549,0.05795,0.00000,0.01655
25.65000,0.67194,0.89345,0.04701,0.00000,0.05953
25.70000,0.67194,0.89715,0.03434,0.00000,0.06850
25.75000,0.67194,0.89835,0.02061,0.00000,0.08104
25.80000,0.67194,0.93534,0.02565,0.00000,0.03901
25.85000,0.67194,0.96745,0.01069,0.00000,0.02187
25.90000,0.67194,0.98131,0.00915,0.00000,0.00954
25.95000,0.67194,0.98559,0.00769,0.00000,0.00672
26.00000,0.67194,0.99319,0.00425,0.00000,0.00256
26.05000,0.67194,0.99516,0.00452,0.00000,0.00032
26.10000,0.67194,0.99531,0.00461,0.00000,0.00009
26.15000,0.67194,0.99802,0.00196,0.00000,0.00002
26.20000,0.67194,0.99471,0.00528,0.00000,0.00000
26.25000,0.67194,0.99802,0.00198,0.00000,0.00000
26.30000,0.67194,0.99686,0.00314,0.00000,0.00000
26.35000,0.67194,0.99633,0.00367,0.00000,0.00000
26.40000,0.67194,0.99323,0.00677,0.00000,0.00000
26.45000,0.67194,0.99137,0.00863,0.00000,0.00000
26.50000,0.67194,0.98867,0.01133,0.00000,0.00000
26.55000,0.67194,0.98492,0.01508,0.00000,0.00000
26.60000,0.67194,0.97056,0.02944,0.00000,0.00000
26.65000,0.67194,0.98438,0.01562,0.00000,0.00000
26.70000,0.67194,0.97863,0.02136,0.00000,0.00000
26.75000,0.67194,0.95460,0.04540,0.00000,0.00000
26.80000,0.67194,0.97676,0.02323,0.00001,0.00000
26.85000,0.67194,0.92929,0.07070,0.00001,0.00000
26.90000,0.67194,0.97001,0.02989,0.00010,0.00000
26.95000,0.67194,0.97629,0.02352,0.00019,0.00000
27.00000,0.67194,0.95831,0.04024,0.00145,0.00000
27.05000,0.67194,0.96375,0.03319,0.00306,0.00000
27.10000,0.67194,0.95199,0.03295,0.01506,0.00000
27.15000,0.67194,0.90629,0.00763,0.08603,0.00005
27.20000,0.67194,0.76857,0.00472,0.22651,0.00020
27.25000,0.67194,0.66555,0.00214,0.33198,0.00033
27.30000,0.67194,0.46305,0.00113,0.53520,0.00062
27.35000,0.67194,0.32053,0.00026,0.67884,0.00038
27.40000,0.67194,0.30277,0.00025,0.69673,0.00025
27.45000,0.67194,0.28340,0.00006,0.71515,0.00139
27.50000,0.67194,0.67070,0.00054,0.32867,0.00009
27.55000,0.67194,0.45973,0.00018,0.53929,0.00080
27.60000,0.67194,0.92744,0.00066,0.07190,0.00001
27.65000,0.67194,0.93147,0.00086,0.06758,0.00009
27.70000,0.67194,0.97020,0.00072,0.02906,0.00002
27.75000,0.67194,0.98102,0.00157,0.01741,0.00000
27.80000,0.67194,0.99008,0.00602,0.00390,0.00000
27.85000,0.67194,0.97861,0.01671,0.00467,0.00000
27.90000,0.67194,0.98277,0.01681,0.00041,0.00000
27.95000,0.67194,0.93916,0.06071,0.00013,0.00000
28.00000,0.67194,0.90374,0.09619,0.00007,0.00000
28.05000,0.67194,0.74098,0.25899,0.00003,0.00000
28.10000,0.67194,0.88673,0.11323,0.00003,0.00000
28.15000,0.67194,0.66644,0.33354,0.00002,0.00000
28.20000,0.67194,0.62372,0.37626,0.00002,0.00000
28.25000,0.67194,0.55020,0.44978,0.00001,0.00000
28.30000,0.67194,0.60392,0.39608,0.00000,0.00000
28.35000,0.67194,0.38625,0.61372,0.00003,0.00000
28.40000,0.67194,0.63737,0.36263,0.00000,0.00000
28.45000,0.67194,0.50124,0.49874,0.00002,0.00000
28.50000,0.67194,0.50631,0.49369,0.00000,0.00000
28.55000,0.67194,0.62712,0.37259,0.00029,0.00000
28.60000,0.67194,0.87227,0.12770,0.00003,0.00000
28.65000,0.67194,0.83507,0.16177,0.00316,0.00000
28.70000,0.67194,0.90431,0.09464,0.00106,0.00000
28.75000,0.67194,0.89202,0.09191,0.01607,0.00000
28.80000,0.67194,0.95408,0.02012,0.02580,0.00000
28.85000,0.67194,0.85056,0.02677,0.12267,0.00000
28.90000,0.67194,0.92271,0.01482,0.06247,0.00000
28.95000,0.67194,0.64156,0.00586,0.35257,0.00001
29.00000,0.67194,0.64614,0.00400,0.34983,0.00004
29.05000,0.67194,0.74096,0.00515,0.25387,0.00002
29.10000,0.67194,0.42876,0.00178,0.56891,0.00055
29.15000,0.67194,0.68075,0.00624,0.31238,0.00063
29.20000,0.67194,0.59798,0.01491,0.38656,0.00055
29.25000,0.67194,0.71773,0.04374,0.23846,0.00007
29.30000,0.67194,0.77329,0.03714,0.18935,0.00022
29.35000,0.67194,0.73982,0.03702,0.22308,0.00008
29.40000,0.67194,0.79970,0.04199,0.15818,0.00013
29.45000,0.67194,0.73874,0.07584,0.18529,0.00013
29.50000,0.67194,0.70421,0.04680,0.24876,0.00023
29.55000,0.67194,0.70724,0.13961,0.15312,0.00003
29.60000,0.67194,0.70609,0.09985,0.19405,0.00001
29.65000,0.67194,0.60210,0.10087,0.29701,0.00003
29.70000,0.67194,0.66369,0.09567,0.24064,0.00000
29.75000,0.67194,0.61668,0.09108,0.29223,0.00002
29.80000,0.67194,0.67349,0.06148,0.26502,0.00000
29.85000,0.67194,0.59044,0.02666,0.38288,0.00001
29.90000,0.67194,0.76673,0.03044,0.20283,0.00000
29.95000,0.67194,0.63074,0.01261,0.35664,0.00001
30.00000,0.67194,0.86020,0.04839,0.09140,0.00000
30.05000,0.67194,0.89719,0.04772,0.05497,0.00012
30.10000,0.67194,0.91859,0.06675,0.01464,0.00002
30.15000,0.67194,0.95513,0.03543,0.00911,0.00033
30.20000,0.67194,0.91334,0.08533,0.00120,0.00012
30.25000,0.67194,0.93359,0.06585,0.00021,0.00036
30.30000,0.67194,0.94771,0.05193,0.00016,0.00020
30.35000,0.67194,0.97627,0.02285,0.00009,0.00079
30.40000,0.67194,0.97319,0.02573,0.00004,0.00104
30.45000,0.67194,0.97205,0.02454,0.00001,0.00340
30.50000,0.67194,0.96041,0.02884,0.00000,0.01075
30.55000,0.67194,0.94350,0.01171,0.00000,0.04479
30.60000,0.67194,0.94063,0.00540,0.00000,0.05396
30.65000,0.67194,0.92646,0.00411,0.00000,0.06943
30.70000,0.67194,0.92971,0.00154,0.00000,0.06874
30.75000,0.67194,0.94723,0.00242,0.00000,0.05034
30.80000,0.67194,0.97152,0.00191,0.00000,0.02657
30.85000,0.67194,0.99195,0.00039,0.00000,0.00766
30.90000,0.67194,0.98716,0.00018,0.00000,0.01266
30.95000,0.67194,0.99945,0.00030,0.00000,0.00025
31.00000,0.67194,0.99949,0.00018,0.00000,0.00034
31.05000,0.67194,0.99974,0.00023,0.00000,0.00003
31.10000,0.67194,0.99985,0.00014,0.00000,0.00000
31.15000,0.67194,0.99967,0.00033,0.00000,0.00000
31.20000,0.67194,0.99928,0.00072,0.00000,0.00000
31.25000,0.67194,0.99953,0.00046,0.00000,0.00000
31.30000,0.67194,0.99953,0.00047,0.00000,0.00000
31.35000,0.67194,0.99886,0.00114,0.00000,0.00000
31.40000,0.67194,0.99736,0.00264,0.00000,0.00000
31.45000,0.67194,0.99606,0.00394,0.00000,0.00000
31.50000,0.67194,0.99704,0.00296,0.00000,0.00000
31.55000,0.67194,0.99331,0.00669,0.00000,0.00000
31.60000,0.67194,0.99651,0.00349,0.00000,0.00000
31.65000,0.67194,0.98353,0.01647,0.00000,0.00000
31.70000,0.67194,0.99367,0.00632,0.00000,0.00000
31.75000,0.67194,0.98055,0.01944,0.00001,0.00000
31.80000,0.67194,0.98572,0.01427,0.00001,0.00000
31.85000,0.67194,0.95976,0.04019,0.00005,0.00000
31.90000,0.67194,0.97910,0.02069,0.00020,0.00001
31.95000,0.67194,0.98168,0.01623,0.00204,0.00005
32.00000,0.67194,0.97379,0.02052,0.00569,0.00000
32.05000,0.67194,0.93395,0.01547,0.05053,0.00004
32.10000,0.67194,0.92454,0.01678,0.05868,0.00001
32.15000,0.67194,0.67984,0.00296,0.31715,0.00005
32.20000,0.67194,0.78167,0.01049,0.20782,0.00003
32.25000,0.67194,0.56602,0.00064,0.43312,0.00022
32.30000,0.67194,0.71681,0.00617,0.27699,0.00002
32.35000,0.67194,0.24027,0.00013,0.75899,0.00060
32.40000,0.67194,0.53557,0.00159,0.46281,0.00004
32.45000,0.67194,0.36510,0.00011,0.62694,0.00785
32.50000,0.67194,0.69033,0.00162,0.30789,0.00016
32.55000,0.67194,0.74017,0.00039,0.25890,0.00054
32.60000,0.67194,0.95185,0.00110,0.04703,0.00001
32.65000,0.67194,0.88939,0.00012,0.11020,0.00029
32.70000,0.67194,0.99016,0.00265,0.00718,0.00001
32.75000,0.67194,0.96830,0.00043,0.03037,0.00090
32.80000,0.67194,0.99467,0.00445,0.00088,0.00000
32.85000,0.67194,0.98692,0.01259,0.00049,0.00000
32.90000,0.67194,0.97772,0.02224,0.00004,0.00000
32.95000,0.67194,0.99266,0.00728,0.00006,0.00000
33.00000,0.67194,0.96758,0.03238,0.00005,0.00000
33.05000,0.67194,0.94082,0.05917,0.00000,0.00000
33.10000,0.67194,0.94583,0.05416,0.00001,0.00000
33.15000,0.67194,0.87386,0.12613,0.00000,0.00000
33.20000,0.67194,0.75729,0.24268,0.00003,0.00000
33.25000,0.67194,0.63285,0.36715,0.00000,0.00000
33.30000,0.67194,0.79596,0.20403,0.00001,0.00000
33.35000,0.67194,0.65067,0.34933,0.00000,0.00000
33.40000,0.67194,0.60392,0.39606,0.00002,0.00000
33.45000,0.67194,0.84755,0.15244,0.00001,0.00000
33.50000,0.67194,0.76559,0.23439,0.00002,0.00000
33.55000,0.67194,0.76075,0.23909,0.00016,0.00000
33.60000,0.67194,0.72133,0.27837,0.00029,0.00000
33.65000,0.67194,0.94771,0.05096,0.00133,0.00000
33.70000,0.67194,0.96237,0.03647,0.00116,0.00000
33.75000,0.67194,0.98092,0.01362,0.00546,0.00000
33.80000,0.67194,0.97330,0.00791,0.01880,0.00000
33.85000,0.67194,0.95295,0.00189,0.04517,0.00000
33.90000,0.67194,0.93794,0.00312,0.05894,0.00000
33.95000,0.67194,0.75270,0.00071,0.24659,0.00000
34.00000,0.67194,0.89731,0.00162,0.10105,0.00002
34.05000,0.67194,0.64800,0.00111,0.35084,0.00004
34.10000,0.67194,0.95198,0.00235,0.04568,0.00000
34.15000,0.67194,0.90306,0.00196,0.09494,0.00004
34.20000,0.67194,0.98955,0.00330,0.00715,0.00000
34.25000,0.67194,0.93605,0.00401,0.05990,0.00004
34.30000,0.67194,0.97592,0.01919,0.00489,0.00000
34.35000,0.67194,0.91516,0.00779,0.07695,0.00009
34.40000,0.67194,0.95482,0.02999,0.01520,0.00000
34.45000,0.67194,0.94388,0.02732,0.02879,0.00001
34.50000,0.67194,0.94706,0.03647,0.01648,0.00000
34.55000,0.67194,0.79283,0.01653,0.19061,0.00003
34.60000,0.67194,0.89810,0.03182,0.07008,0.00000
34.65000,0.67194,0.76259,0.01698,0.22042,0.00001
34.70000,0.67194,0.84679,0.00600,0.14721,0.00000
34.75000,0.67194,0.76758,0.01610,0.21629,0.00002
34.80000,0.67194,0.79991,0.00814,0.19194,0.00001
34.85000,0.67194,0.70467,0.00403,0.29130,0.00001
34.90000,0.67194,0.89247,0.00368,0.10385,0.00000
34.95000,0.67194,0.95163,0.01203,0.03633,0.00000
35.00000,0.67194,0.97350,0.01578,0.01071,0.00000
35.05000,0.67194,0.98202,0.01558,0.00239,0.00001
35.10000,0.67194,0.98166,0.01733,0.00101,0.00000
35.15000,0.67194,0.98304,0.01670,0.00024,0.00002
35.20000,0.67194,0.97535,0.02442,0.00020,0.00003
35.25000,0.67194,0.95522,0.04469,0.00002,0.00007
35.30000,0.67194,0.94844,0.05120,0.00002,0.00034
35.35000,0.67194,0.90287,0.09635,0.00000,0.00078
35.40000,0.67194,0.90601,0.09134,0.00001,0.00264
35.45000,0.67194,0.87285,0.12100,0.00000,0.00615
35.50000,0.67194,0.91818,0.06480,0.00001,0.01702
35.55000,0.67194,0.90279,0.08909,0.00000,0.00812
35.60000,0.67194,0.94002,0.05585,0.00000,0.00413
35.65000,0.67194,0.92190,0.02868,0.00000,0.04942
35.70000,0.67194,0.97700,0.01634,0.00000,0.00665
35.75000,0.67194,0.96929,0.01917,0.00000,0.01154
35.80000,0.67194,0.98732,0.00627,0.00000,0.00640
35.85000,0.67194,0.98520,0.01433,0.00000,0.00047
35.90000,0.67194,0.99207,0.00776,0.00000,0.00017
35.95000,0.67194,0.99524,0.00463,0.00000,0.00013
36.00000,0.67194,0.99812,0.00188,0.00000,0.00000
36.05000,0.67194,0.99831,0.00163,0.00000,0.00006
36.10000,0.67194,0.99963,0.00037,0.00000,0.00000
36.15000,0.67194,0.99941,0.00059,0.00000,0.00000
36.20000,0.67194,0.99944,0.00055,0.00000,0.00000
36.25000,0.67194,0.99897,0.00102,0.00000,0.00000
36.30000,0.67194,0.99935,0.00064,0.00001,0.00000
36.35000,0.67194,0.99866,0.00132,0.00002,0.00000
36.40000,0.67194,0.99878,0.00115,0.00006,0.00001
36.45000,0.67194,0.99859,0.00094,0.00047,0.00001
36.50000,0.67194,0.99755,0.00195,0.00050,0.00000
36.55000,0.67194,0.99638,0.00158,0.00203,0.00001
36.60000,0.67194,0.99659,0.00109,0.00179,0.00053
36.65000,0.67194,0.96860,0.00070,0.03065,0.00005
36.70000,0.67194,0.98323,0.00518,0.00999,0.00160
36.75000,0.67194,0.73764,0.00255,0.25939,0.00042
36.80000,0.67194,0.90508,0.00836,0.08365,0.00291
36.85000,0.67194,0.76489,0.00234,0.23208,0.00069
36.90000,0.67194,0.87197,0.00479,0.11822,0.00501
36.95000,0.67194,0.37922,0.00364,0.61458,0.00256
37.00000,0.67194,0.59288,0.00361,0.34911,0.05439
37.05000,0.67194,0.58548,0.00220,0.35444,0.05788
37.10000,0.67194,0.65442,0.00256,0.13817,0.20484
37.15000,0.67194,0.85341,0.00478,0.12128,0.02053
37.20000,0.67194,0.82678,0.00309,0.11779,0.05235
37.25000,0.67194,0.96725,0.00279,0.02865,0.00132
37.30000,0.67194,0.98300,0.00476,0.00745,0.00479
37.35000,0.67194,0.98908,0.00929,0.00161,0.00002
37.40000,0.67194,0.99661,0.00216,0.00118,0.00006
37.45000,0.67194,0.99704,0.00284,0.00010,0.00002
37.50000,0.67194,0.99833,0.00164,0.00002,0.00001
37.55000,0.67194,0.99769,0.00230,0.00000,0.00000
37.60000,0.67194,0.99963,0.00036,0.00000,0.00000
37.65000,0.67194,0.99858,0.00142,0.00000,0.00000
37.70000,0.67194,0.99916,0.00084,0.00000,0.00000
37.75000,0.67194,0.99897,0.00102,0.00000,0.00000
37.80000,0.67194,0.99864,0.00136,0.00000,0.00000
37.85000,0.67194,0.99773,0.00227,0.00000,0.00000
37.90000,0.67194,0.99898,0.00102,0.00000,0.00000
37.95000,0.67194,0.99856,0.00144,0.00000,0.00000
38.00000,0.67194,0.99894,0.00106,0.00000,0.00000
38.05000,0.67194,0.99847,0.00153,0.00000,0.00000
38.10000,0.67194,0.99885,0.00115,0.00000,0.00000
38.15000,0.67194,0.99940,0.00060,0.00000,0.00000
38.20000,0.67194,0.99879,0.00121,0.00000,0.00000
38.25000,0.67194,0.99869,0.00131,0.00000,0.00000
38.30000,0.67194,0.99949,0.00051,0.00000,0.00000
38.35000,0.67194,0.99960,0.00040,0.00000,0.00000
38.40000,0.67194,0.99919,0.00081,0.00000,0.00000
38.45000,0.67194,0.99940,0.00060,0.00000,0.00000
38.50000,0.67194,0.99916,0.00084,0.00000,0.00000
38.55000,0.67194,0.99948,0.00052,0.00000,0.00000
38.60000,0.67194,0.99953,0.00047,0.00000,0.00000
38.65000,0.67194,0.99947,0.00053,0.00000,0.00000
38.70000,0.67194,0.99927,0.00073,0.00000,0.00000
38.75000,0.67194,0.99953,0.00047,0.00000,0.00000
38.80000,0.67194,0.99889,0.00110,0.00000,0.00000
38.85000,0.67194,0.99979,0.00021,0.00000,0.00000
38.90000,0.67194,0.99966,0.00034,0.00000,0.00000
38.95000,0.67194,0.99983,0.00016,0.00001,0.00000
39.00000,0.67194,0.99973,0.00027,0.00000,0.00000
39.05000,0.67194,0.99970,0.00030,0.00000,0.00000
39.10000,0.67194,0.99989,0.00010,0.00001,0.00000
39.15000,0.67194,0.99993,0.00005,0.00002,0.00000
39.20000,0.67194,0.99984,0.00012,0.00004,0.00000
39.25000,0.67194,0.99993,0.00005,0.00001,0.00000
39.30000,0.67194,0.99982,0.00014,0.00004,0.00000
39.35000,0.67194,0.99984,0.00014,0.00002,0.00000
39.40000,0.67194,0.99975,0.00022,0.00002,0.00000
39.45000,0.67194,0.99975,0.00023,0.00002,0.00000
39.50000,0.67194,0.99969,0.00029,0.00001,0.00000
39.55000,0.67194,0.99948,0.00051,0.00001,0.00000
39.60000,0.67194,0.99892,0.00106,0.00001,0.00000
39.65000,0.67194,0.99949,0.00049,0.00001,0.00000
39.70000,0.67194,0.99913,0.00086,0.00001,0.00000
39.75000,0.67194,0.99928,0.00071,0.00001,0.00000
39.80000,0.67194,0.99655,0.00344,0.00001,0.00000
39.85000,0.67194,0.99932,0.00067,0.00001,0.00000
39.90000,0.67194,0.99912,0.00087,0.00001,0.00000
39.95000,0.67194,0.99863,0.00136,0.00001,0.00000
40.00000,0.67194,0.99836,0.00162,0.00002,0.00000
40.05000,0.67194,0.99852,0.00146,0.00002,0.00000
40.10000,0.67194,0.99702,0.00297,0.00000,0.00000
40.15000,0.67194,0.99709,0.00291,0.00001,0.00000
40.20000,0.67194,0.99699,0.00299,0.00002,0.00000
40.25000,0.67194,0.99606,0.00393,0.00001,0.00000
40.30000,0.67194,0.99502,0.00497,0.00001,0.00000
40.35000,0.67194,0.99670,0.00328,0.00002,0.00000
40.40000,0.67194,0.99719,0.00278,0.00003,0.00000
40.45000,0.67194,0.99660,0.00335,0.00005,0.00000
40.50000,0.67194,0.99608,0.00388,0.00004,0.00000
40.55000,0.67194,0.99676,0.00316,0.00008,0.00000
40.60000,0.67194,0.99706,0.00292,0.00002,0.00000
40.65000,0.67194,0.99853,0.00140,0.00007,0.00000
40.70000,0.67194,0.99848,0.00148,0.00004,0.00000
40.75000,0.67194,0.99903,0.00088,0.00009,0.00000
40.80000,0.67194,0.99811,0.00183,0.00006,0.00000
40.85000,0.67194,0.99925,0.00061,0.00014,0.00000
40.90000,0.67194,0.99927,0.00065,0.00007,0.00000
40.95000,0.67194,0.99960,0.00027,0.00012,0.00000
41.00000,0.67194,0.99915,0.00067,0.00019,0.00000
41.05000,0.67194,0.99940,0.00040,0.00020,0.00000
41.10000,0.67194,0.99925,0.00041,0.00034,0.00000
41.15000,0.67194,0.99923,0.00011,0.00066,0.00000
41.20000,0.67194,0.99924,0.00017,0.00059,0.00000
41.25000,0.67194,0.99866,0.00007,0.00127,0.00000
41.30000,0.67194,0.99815,0.00006,0.00179,0.00000
41.35000,0.67194,0.99572,0.00003,0.00425,0.00000
41.40000,0.67194,0.99464,0.00007,0.00528,0.00000
41.45000,0.67194,0.99028,0.00002,0.00971,0.00000
41.50000,0.67194,0.98157,0.00001,0.01842,0.00000
41.55000,0.67194,0.97202,0.00001,0.02797,0.00000
41.60000,0.67194,0.97787,0.00001,0.02212,0.00000
