Time (seconds), Duration (seconds),pred_unlabelled,pred_down,pred_up
0.00000,0.52194,1.00000,0.00000,0.00000
0.07000,0.52194,1.00000,0.00000,0.00000
0.14000,0.52194,1.00000,0.00000,0.00000
0.21000,0.52194,1.00000,0.00000,0.00000
0.28000,0.52194,1.00000,0.00000,0.00000
0.35000,0.52194,1.00000,0.00000,0.00000
0.42000,0.52194,1.00000,0.00000,0.00000
0.49000,0.52194,0.99989,0.00000,0.00010
0.56000,0.52194,0.99997,0.00001,0.00002
0.63000,0.52194,0.99995,0.00004,0.00001
0.70000,0.52194,0.91058,0.08931,0.00012
0.77000,0.52194,0.10276,0.89694,0.00030
0.84000,0.52194,0.34721,0.65279,0.00000
0.91000,0.52194,0.99869,0.00131,0.00000
0.98000,0.52194,0.99996,0.00004,0.00000
1.05000,0.52194,0.99992,0.00008,0.00001
1.12000,0.52194,0.99999,0.00001,0.00000
1.19000,0.52194,1.00000,0.00000,0.00000
1.26000,0.52194,1.00000,0.00000,0.00000
1.33000,0.52194,1.00000,0.00000,0.00000
1.40000,0.52194,1.00000,0.00000,0.00000
1.47000,0.52194,1.00000,0.00000,0.00000
1.54000,0.52194,1.00000,0.00000,0.00000
1.61000,0.52194,1.00000,0.00000,0.00000
1.68000,0.52194,1.00000,0.00000,0.00000
1.75000,0.52194,1.00000,0.00000,0.00000
1.82000,0.52194,1.00000,0.00000,0.00000
1.89000,0.52194,1.00000,0.00000,0.00000
1.96000,0.52194,1.00000,0.00000,0.00000
2.03000,0.52194,1.00000,0.00000,0.00000
2.10000,0.52194,1.00000,0.00000,0.00000
2.17000,0.52194,0.99992,0.00008,0.00000
2.24000,0.52194,0.99989,0.00011,0.00000
2.31000,0.52194,0.99968,0.00032,0.00000
2.38000,0.52194,0.97340,0.02660,0.00000
2.45000,0.52194,0.25913,0.74087,0.00000
2.52000,0.52194,0.11541,0.88459,0.00000
2.59000,0.52194,0.36366,0.63634,0.00000
2.66000,0.52194,0.36314,0.63686,0.00000
2.73000,0.52194,0.97800,0.02199,0.00000
2.80000,0.52194,0.99988,0.00012,0.00000
2.87000,0.52194,0.99948,0.00052,0.00000
2.94000,0.52194,0.99991,0.00009,0.00000
3.01000,0.52194,1.00000,0.00000,0.00000
3.08000,0.52194,1.00000,0.00000,0.00000
3.15000,0.52194,1.00000,0.00000,0.00000
3.22000,0.52194,1.00000,0.00000,0.00000
3.29000,0.52194,1.00000,0.00000,0.00000
3.36000,0.52194,1.00000,0.00000,0.00000
3.43000,0.52194,1.00000,0.00000,0.00000
3.50000,0.52194,1.00000,0.00000,0.00000
3.57000,0.52194,1.00000,0.00000,0.00000
3.64000,0.52194,1.00000,0.00000,0.00000
3.71000,0.52194,1.00000,0.00000,0.00000
3.78000,0.52194,1.00000,0.00000,0.00000
3.85000,0.52194,1.00000,0.00000,0.00000
3.92000,0.52194,1.00000,0.00000,0.00000
3.99000,0.52194,1.00000,0.00000,0.00000
4.06000,0.52194,1.00000,0.00000,0.00000
4.13000,0.52194,1.00000,0.00000,0.00000
4.20000,0.52194,1.00000,0.00000,0.00000
4.27000,0.52194,1.00000,0.00000,0.00000
4.34000,0.52194,0.99999,0.00000,0.00000
4.41000,0.52194,0.99996,0.00000,0.00004
4.48000,0.52194,0.99842,0.00001,0.00157
4.55000,0.52194,0.69214,0.01471,0.29315
4.62000,0.52194,0.48004,0.38513,0.13484
4.69000,0.52194,0.70318,0.18003,0.11679
4.76000,0.52194,0.99827,0.00165,0.00008
4.83000,0.52194,0.99946,0.00052,0.00002
4.90000,0.52194,0.99997,0.00001,0.00002
4.97000,0.52194,0.99999,0.00000,0.00001
5.04000,0.52194,1.00000,0.00000,0.00000
5.11000,0.52194,1.00000,0.00000,0.00000
5.18000,0.52194,1.00000,0.00000,0.00000
5.25000,0.52194,1.00000,0.00000,0.00000
5.32000,0.52194,1.00000,0.00000,0.00000
5.39000,0.52194,1.00000,0.00000,0.00000
5.46000,0.52194,1.00000,0.00000,0.00000
5.53000,0.52194,1.00000,0.00000,0.00000
5.60000,0.52194,1.00000,0.00000,0.00000
5.67000,0.52194,1.00000,0.00000,0.00000
5.74000,0.52194,1.00000,0.00000,0.00000
5.81000,0.52194,1.00000,0.00000,0.00000
5.88000,0.52194,0.99999,0.00000,0.00001
5.95000,0.52194,1.00000,0.00000,0.00000
6.02000,0.52194,0.99996,0.00000,0.00004
6.09000,0.52194,1.00000,0.00000,0.00000
6.16000,0.52194,0.99999,0.00001,0.00000
6.23000,0.52194,0.99946,0.00050,0.00004
6.30000,0.52194,0.99923,0.00077,0.00000
6.37000,0.52194,0.99918,0.00082,0.00000
6.44000,0.52194,0.99988,0.00012,0.00000
6.51000,0.52194,0.60623,0.39376,0.00001
6.58000,0.52194,0.91483,0.08495,0.00022
6.65000,0.52194,0.38520,0.61479,0.00001
6.72000,0.52194,0.99869,0.00123,0.00009
6.79000,0.52194,0.99996,0.00002,0.00002
6.86000,0.52194,0.99993,0.00000,0.00006
6.93000,0.52194,1.00000,0.00000,0.00000
7.00000,0.52194,1.00000,0.00000,0.00000
7.07000,0.52194,1.00000,0.00000,0.00000
7.14000,0.52194,1.00000,0.00000,0.00000
7.21000,0.52194,1.00000,0.00000,0.00000
7.28000,0.52194,1.00000,0.00000,0.00000
7.35000,0.52194,1.00000,0.00000,0.00000
7.42000,0.52194,1.00000,0.00000,0.00000
7.49000,0.52194,1.00000,0.00000,0.00000
7.56000,0.52194,1.00000,0.00000,0.00000
7.63000,0.52194,1.00000,0.00000,0.00000
7.70000,0.52194,0.99999,0.00001,0.00000
7.77000,0.52194,0.99999,0.00000,0.00000
7.84000,0.52194,0.99969,0.00031,0.00000
7.91000,0.52194,0.99522,0.00478,0.00000
7.98000,0.52194,0.99924,0.00075,0.00001
8.05000,0.52194,0.99732,0.00262,0.00005
8.12000,0.52194,0.99980,0.00020,0.00000
8.19000,0.52194,0.99868,0.00132,0.00000
8.26000,0.52194,0.97939,0.02061,0.00000
8.33000,0.52194,0.05144,0.94856,0.00000
8.40000,0.52194,0.18226,0.81774,0.00000
8.47000,0.52194,0.81072,0.18928,0.00000
8.54000,0.52194,0.99923,0.00076,0.00001
8.61000,0.52194,0.99985,0.00012,0.00003
8.68000,0.52194,0.99987,0.00002,0.00010
8.75000,0.52194,0.99999,0.00000,0.00001
8.82000,0.52194,1.00000,0.00000,0.00000
8.89000,0.52194,1.00000,0.00000,0.00000
8.96000,0.52194,1.00000,0.00000,0.00000
9.03000,0.52194,1.00000,0.00000,0.00000
9.10000,0.52194,1.00000,0.00000,0.00000
9.17000,0.52194,1.00000,0.00000,0.00000
9.24000,0.52194,1.00000,0.00000,0.00000
9.31000,0.52194,1.00000,0.00000,0.00000
9.38000,0.52194,1.00000,0.00000,0.00000
9.45000,0.52194,1.00000,0.00000,0.00000
9.52000,0.52194,1.00000,0.00000,0.00000
9.59000,0.52194,1.00000,0.00000,0.00000
9.66000,0.52194,1.00000,0.00000,0.00000
9.73000,0.52194,0.99999,0.00000,0.00000
9.80000,0.52194,0.99998,0.00002,0.00000
9.87000,0.52194,0.99966,0.00034,0.00000
9.94000,0.52194,0.99951,0.00049,0.00000
10.01000,0.52194,0.09298,0.90702,0.00000
10.08000,0.52194,0.01221,0.98779,0.00000
10.15000,0.52194,0.93661,0.06339,0.00000
10.22000,0.52194,0.99877,0.00123,0.00000
10.29000,0.52194,0.99850,0.00150,0.00000
10.36000,0.52194,0.99957,0.00043,0.00000
10.43000,0.52194,1.00000,0.00000,0.00000
10.50000,0.52194,1.00000,0.00000,0.00000
10.57000,0.52194,1.00000,0.00000,0.00000
10.64000,0.52194,1.00000,0.00000,0.00000
10.71000,0.52194,1.00000,0.00000,0.00000
10.78000,0.52194,1.00000,0.00000,0.00000
10.85000,0.52194,1.00000,0.00000,0.00000
10.92000,0.52194,1.00000,0.00000,0.00000
10.99000,0.52194,1.00000,0.00000,0.00000
11.06000,0.52194,1.00000,0.00000,0.00000
11.13000,0.52194,1.00000,0.00000,0.00000
11.20000,0.52194,1.00000,0.00000,0.00000
11.27000,0.52194,1.00000,0.00000,0.00000
11.34000,0.52194,1.00000,0.00000,0.00000
11.41000,0.52194,1.00000,0.00000,0.00000
11.48000,0.52194,1.00000,0.00000,0.00000
11.55000,0.52194,1.00000,0.00000,0.00000
11.62000,0.52194,1.00000,0.00000,0.00000
11.69000,0.52194,1.00000,0.00000,0.00000
11.76000,0.52194,1.00000,0.00000,0.00000
11.83000,0.52194,1.00000,0.00000,0.00000
11.90000,0.52194,1.00000,0.00000,0.00000
11.97000,0.52194,0.92578,0.07419,0.00003
12.04000,0.52194,0.04784,0.95216,0.00000
12.11000,0.52194,0.99359,0.00641,0.00000
12.18000,0.52194,0.99964,0.00036,0.00000
12.25000,0.52194,0.99840,0.00159,0.00000
12.32000,0.52194,0.99945,0.00055,0.00000
12.39000,0.52194,0.99991,0.00009,0.00000
12.46000,0.52194,1.00000,0.00000,0.00000
12.53000,0.52194,1.00000,0.00000,0.00000
12.60000,0.52194,1.00000,0.00000,0.00000
12.67000,0.52194,1.00000,0.00000,0.00000
12.74000,0.52194,1.00000,0.00000,0.00000
12.81000,0.52194,1.00000,0.00000,0.00000
12.88000,0.52194,1.00000,0.00000,0.00000
12.95000,0.52194,1.00000,0.00000,0.00000
13.02000,0.52194,1.00000,0.00000,0.00000
13.09000,0.52194,1.00000,0.00000,0.00000
13.16000,0.52194,1.00000,0.00000,0.00000
13.23000,0.52194,1.00000,0.00000,0.00000
13.30000,0.52194,1.00000,0.00000,0.00000
13.37000,0.52194,1.00000,0.00000,0.00000
13.44000,0.52194,1.00000,0.00000,0.00000
13.51000,0.52194,1.00000,0.00000,0.00000
13.58000,0.52194,1.00000,0.00000,0.00000
13.65000,0.52194,1.00000,0.00000,0.00000
13.72000,0.52194,0.99998,0.00002,0.00000
13.79000,0.52194,0.99997,0.00003,0.00000
13.86000,0.52194,0.99547,0.00453,0.00000
13.93000,0.52194,0.05812,0.94188,0.00000
14.00000,0.52194,0.07979,0.92021,0.00000
14.07000,0.52194,0.93565,0.06435,0.00000
14.14000,0.52194,0.95667,0.04333,0.00000
14.21000,0.52194,0.95518,0.04482,0.00000
14.28000,0.52194,0.99506,0.00494,0.00000
14.35000,0.52194,0.99998,0.00002,0.00000
14.42000,0.52194,1.00000,0.00000,0.00000
14.49000,0.52194,1.00000,0.00000,0.00000
14.56000,0.52194,1.00000,0.00000,0.00000
14.63000,0.52194,1.00000,0.00000,0.00000
14.70000,0.52194,1.00000,0.00000,0.00000
14.77000,0.52194,1.00000,0.00000,0.00000
14.84000,0.52194,1.00000,0.00000,0.00000
14.91000,0.52194,1.00000,0.00000,0.00000
14.98000,0.52194,1.00000,0.00000,0.00000
15.05000,0.52194,1.00000,0.00000,0.00000
15.12000,0.52194,1.00000,0.00000,0.00000
15.19000,0.52194,1.00000,0.00000,0.00000
15.26000,0.52194,1.00000,0.00000,0.00000
15.33000,0.52194,1.00000,0.00000,0.00000
15.40000,0.52194,1.00000,0.00000,0.00000
15.47000,0.52194,1.00000,0.00000,0.00000
15.54000,0.52194,0.99999,0.00000,0.00001
15.61000,0.52194,1.00000,0.00000,0.00000
15.68000,0.52194,1.00000,0.00000,0.00000
15.75000,0.52194,1.00000,0.00000,0.00000
15.82000,0.52194,0.99999,0.00000,0.00000
15.89000,0.52194,1.00000,0.00000,0.00000
15.96000,0.52194,1.00000,0.00000,0.00000
16.03000,0.52194,1.00000,0.00000,0.00000
16.10000,0.52194,0.99998,0.00002,0.00000
16.17000,0.52194,0.99971,0.00029,0.00000
16.24000,0.52194,0.99968,0.00032,0.00000
16.31000,0.52194,0.98827,0.01173,0.00000
16.38000,0.52194,0.01154,0.98846,0.00000
16.45000,0.52194,0.21632,0.78368,0.00000
16.52000,0.52194,0.99931,0.00069,0.00000
16.59000,0.52194,0.99990,0.00010,0.00000
16.66000,0.52194,0.99995,0.00003,0.00002
16.73000,0.52194,0.99989,0.00010,0.00000
16.80000,0.52194,1.00000,0.00000,0.00000
16.87000,0.52194,1.00000,0.00000,0.00000
16.94000,0.52194,1.00000,0.00000,0.00000
17.01000,0.52194,1.00000,0.00000,0.00000
17.08000,0.52194,1.00000,0.00000,0.00000
17.15000,0.52194,1.00000,0.00000,0.00000
17.22000,0.52194,1.00000,0.00000,0.00000
17.29000,0.52194,1.00000,0.00000,0.00000
17.36000,0.52194,1.00000,0.00000,0.00000
17.43000,0.52194,1.00000,0.00000,0.00000
17.50000,0.52194,1.00000,0.00000,0.00000
17.57000,0.52194,1.00000,0.00000,0.00000
17.64000,0.52194,1.00000,0.00000,0.00000
17.71000,0.52194,1.00000,0.00000,0.00000
17.78000,0.52194,1.00000,0.00000,0.00000
17.85000,0.52194,1.00000,0.00000,0.00000
17.92000,0.52194,1.00000,0.00000,0.00000
17.99000,0.52194,0.99999,0.00001,0.00000
18.06000,0.52194,0.99991,0.00009,0.00000
18.13000,0.52194,0.12150,0.87850,0.00000
18.20000,0.52194,0.05646,0.94354,0.00000
18.27000,0.52194,0.98264,0.01736,0.00000
18.34000,0.52194,0.98823,0.01177,0.00000
18.41000,0.52194,0.99725,0.00275,0.00000
18.48000,0.52194,0.99996,0.00004,0.00000
18.55000,0.52194,1.00000,0.00000,0.00000
18.62000,0.52194,1.00000,0.00000,0.00000
18.69000,0.52194,1.00000,0.00000,0.00000
18.76000,0.52194,1.00000,0.00000,0.00000
18.83000,0.52194,1.00000,0.00000,0.00000
18.90000,0.52194,1.00000,0.00000,0.00000
18.97000,0.52194,1.00000,0.00000,0.00000
19.04000,0.52194,1.00000,0.00000,0.00000
19.11000,0.52194,1.00000,0.00000,0.00000
19.18000,0.52194,1.00000,0.00000,0.00000
19.25000,0.52194,1.00000,0.00000,0.00000
19.32000,0.52194,1.00000,0.00000,0.00000
19.39000,0.52194,1.00000,0.00000,0.00000
19.46000,0.52194,1.00000,0.00000,0.00000
19.53000,0.52194,1.00000,0.00000,0.00000
19.60000,0.52194,1.00000,0.00000,0.00000
19.67000,0.52194,0.99999,0.00000,0.00000
19.74000,0.52194,1.00000,0.00000,0.00000
19.81000,0.52194,1.00000,0.00000,0.00000
19.88000,0.52194,1.00000,0.00000,0.00000
19.95000,0.52194,1.00000,0.00000,0.00000
20.02000,0.52194,0.99999,0.00001,0.00000
20.09000,0.52194,0.99999,0.00001,0.00000
20.16000,0.52194,0.99995,0.00004,0.00000
20.23000,0.52194,0.99981,0.00005,0.00014
20.30000,0.52194,0.99343,0.00391,0.00266
20.37000,0.52194,0.95566,0.00031,0.04403
20.44000,0.52194,0.99944,0.00001,0.00055
20.51000,0.52194,0.99991,0.00000,0.00009
20.58000,0.52194,0.99999,0.00000,0.00001
20.65000,0.52194,0.99999,0.00000,0.00001
20.72000,0.52194,1.00000,0.00000,0.00000
20.79000,0.52194,1.00000,0.00000,0.00000
20.86000,0.52194,1.00000,0.00000,0.00000
20.93000,0.52194,1.00000,0.00000,0.00000
21.00000,0.52194,1.00000,0.00000,0.00000
21.07000,0.52194,1.00000,0.00000,0.00000
21.14000,0.52194,1.00000,0.00000,0.00000
21.21000,0.52194,1.00000,0.00000,0.00000
21.28000,0.52194,1.00000,0.00000,0.00000
21.35000,0.52194,1.00000,0.00000,0.00000
21.42000,0.52194,1.00000,0.00000,0.00000
21.49000,0.52194,1.00000,0.00000,0.00000
21.56000,0.52194,1.00000,0.00000,0.00000
21.63000,0.52194,0.99999,0.00001,0.00000
21.70000,0.52194,0.99998,0.00002,0.00000
21.77000,0.52194,0.99990,0.00010,0.00000
21.84000,0.52194,0.99998,0.00002,0.00000
21.91000,0.52194,0.98270,0.00975,0.00756
21.98000,0.52194,0.99958,0.00019,0.00023
22.05000,0.52194,0.99993,0.00001,0.00006
22.12000,0.52194,1.00000,0.00000,0.00000
22.19000,0.52194,1.00000,0.00000,0.00000
22.26000,0.52194,0.99999,0.00001,0.00000
22.33000,0.52194,0.99999,0.00000,0.00000
22.40000,0.52194,1.00000,0.00000,0.00000
22.47000,0.52194,1.00000,0.00000,0.00000
22.54000,0.52194,1.00000,0.00000,0.00000
22.61000,0.52194,1.00000,0.00000,0.00000
22.68000,0.52194,1.00000,0.00000,0.00000
22.75000,0.52194,1.00000,0.00000,0.00000
22.82000,0.52194,1.00000,0.00000,0.00000
22.89000,0.52194,1.00000,0.00000,0.00000
22.96000,0.52194,1.00000,0.00000,0.00000
23.03000,0.52194,1.00000,0.00000,0.00000
23.10000,0.52194,1.00000,0.00000,0.00000
23.17000,0.52194,1.00000,0.00000,0.00000
23.24000,0.52194,1.00000,0.00000,0.00000
23.31000,0.52194,1.00000,0.00000,0.00000
23.38000,0.52194,1.00000,0.00000,0.00000
23.45000,0.52194,1.00000,0.00000,0.00000
23.52000,0.52194,1.00000,0.00000,0.00000
23.59000,0.52194,1.00000,0.00000,0.00000
23.66000,0.52194,1.00000,0.00000,0.00000
23.73000,0.52194,1.00000,0.00000,0.00000
23.80000,0.52194,1.00000,0.00000,0.00000
23.87000,0.52194,1.00000,0.00000,0.00000
23.94000,0.52194,1.00000,0.00000,0.00000
24.01000,0.52194,1.00000,0.00000,0.00000
24.08000,0.52194,1.00000,0.00000,0.00000
24.15000,0.52194,1.00000,0.00000,0.00000
24.22000,0.52194,1.00000,0.00000,0.00000
24.29000,0.52194,1.00000,0.00000,0.00000
24.36000,0.52194,0.99999,0.00000,0.00001
24.43000,0.52194,1.00000,0.00000,0.00000
24.50000,0.52194,1.00000,0.00000,0.00000
24.57000,0.52194,1.00000,0.00000,0.00000
24.64000,0.52194,1.00000,0.00000,0.00000
24.71000,0.52194,1.00000,0.00000,0.00000
24.78000,0.52194,1.00000,0.00000,0.00000
24.85000,0.52194,1.00000,0.00000,0.00000
24.92000,0.52194,1.00000,0.00000,0.00000
24.99000,0.52194,1.00000,0.00000,0.00000
25.06000,0.52194,1.00000,0.00000,0.00000
25.13000,0.52194,1.00000,0.00000,0.00000
25.20000,0.52194,1.00000,0.00000,0.00000
25.27000,0.52194,1.00000,0.00000,0.00000
25.34000,0.52194,1.00000,0.00000,0.00000
25.41000,0.52194,1.00000,0.00000,0.00000
25.48000,0.52194,1.00000,0.00000,0.00000
25.55000,0.52194,0.99998,0.00002,0.00000
25.62000,0.52194,0.99994,0.00006,0.00000
25.69000,0.52194,0.99953,0.00047,0.00000
25.76000,0.52194,0.11035,0.88964,0.00000
25.83000,0.52194,0.07401,0.92599,0.00000
25.90000,0.52194,0.99889,0.00111,0.00000
25.97000,0.52194,0.99814,0.00186,0.00000
26.04000,0.52194,0.99870,0.00129,0.00001
26.11000,0.52194,0.99992,0.00008,0.00000
26.18000,0.52194,1.00000,0.00000,0.00000
26.25000,0.52194,1.00000,0.00000,0.00000
26.32000,0.52194,1.00000,0.00000,0.00000
26.39000,0.52194,1.00000,0.00000,0.00000
26.46000,0.52194,1.00000,0.00000,0.00000
26.53000,0.52194,1.00000,0.00000,0.00000
26.60000,0.52194,1.00000,0.00000,0.00000
26.67000,0.52194,1.00000,0.00000,0.00000
26.74000,0.52194,1.00000,0.00000,0.00000
26.81000,0.52194,1.00000,0.00000,0.00000
26.88000,0.52194,1.00000,0.00000,0.00000
26.95000,0.52194,1.00000,0.00000,0.00000
27.02000,0.52194,1.00000,0.00000,0.00000
27.09000,0.52194,1.00000,0.00000,0.00000
27.16000,0.52194,1.00000,0.00000,0.00000
27.23000,0.52194,1.00000,0.00000,0.00000
27.30000,0.52194,1.00000,0.00000,0.00000
27.37000,0.52194,1.00000,0.00000,0.00000
27.44000,0.52194,1.00000,0.00000,0.00000
27.51000,0.52194,0.99999,0.00001,0.00000
27.58000,0.52194,0.99997,0.00000,0.00003
27.65000,0.52194,0.99995,0.00001,0.00004
27.72000,0.52194,0.99488,0.00054,0.00459
27.79000,0.52194,0.99990,0.00007,0.00003
27.86000,0.52194,0.99986,0.00012,0.00002
27.93000,0.52194,0.98199,0.01800,0.00001
28.00000,0.52194,0.34538,0.65462,0.00000
28.07000,0.52194,0.06844,0.93156,0.00000
28.14000,0.52194,0.31059,0.68939,0.00002
28.21000,0.52194,0.43322,0.56677,0.00001
28.28000,0.52194,0.79998,0.19999,0.00003
28.35000,0.52194,0.99693,0.00296,0.00010
28.42000,0.52194,0.99990,0.00009,0.00001
28.49000,0.52194,1.00000,0.00000,0.00000
28.56000,0.52194,0.99993,0.00007,0.00000
28.63000,0.52194,1.00000,0.00000,0.00000
28.70000,0.52194,1.00000,0.00000,0.00000
28.77000,0.52194,1.00000,0.00000,0.00000
28.84000,0.52194,1.00000,0.00000,0.00000
28.91000,0.52194,1.00000,0.00000,0.00000
28.98000,0.52194,1.00000,0.00000,0.00000
29.05000,0.52194,1.00000,0.00000,0.00000
29.12000,0.52194,1.00000,0.00000,0.00000
29.19000,0.52194,1.00000,0.00000,0.00000
29.26000,0.52194,1.00000,0.00000,0.00000
29.33000,0.52194,0.99999,0.00000,0.00001
29.40000,0.52194,0.99999,0.00000,0.00000
29.47000,0.52194,0.99998,0.00002,0.00000
29.54000,0.52194,0.99991,0.00001,0.00008
29.61000,0.52194,0.99433,0.00105,0.00462
29.68000,0.52194,0.99994,0.00005,0.00000
29.75000,0.52194,0.99933,0.00065,0.00002
29.82000,0.52194,0.94549,0.05449,0.00001
29.89000,0.52194,0.55733,0.44267,0.00000
29.96000,0.52194,0.03516,0.96484,0.00000
30.03000,0.52194,0.58176,0.41824,0.00000
30.10000,0.52194,0.47751,0.52248,0.00001
30.17000,0.52194,0.61264,0.38716,0.00019
30.24000,0.52194,0.67610,0.32388,0.00002
30.31000,0.52194,0.99785,0.00212,0.00003
30.38000,0.52194,0.99999,0.00001,0.00000
30.45000,0.52194,0.99964,0.00036,0.00000
30.52000,0.52194,0.99998,0.00002,0.00000
30.59000,0.52194,1.00000,0.00000,0.00000
30.66000,0.52194,1.00000,0.00000,0.00000
30.73000,0.52194,1.00000,0.00000,0.00000
30.80000,0.52194,1.00000,0.00000,0.00000
30.87000,0.52194,1.00000,0.00000,0.00000
30.94000,0.52194,1.00000,0.00000,0.00000
31.01000,0.52194,1.00000,0.00000,0.00000
31.08000,0.52194,1.00000,0.00000,0.00000
31.15000,0.52194,1.00000,0.00000,0.00000
31.22000,0.52194,1.00000,0.00000,0.00000
31.29000,0.52194,1.00000,0.00000,0.00000
31.36000,0.52194,1.00000,0.00000,0.00000
31.43000,0.52194,0.99999,0.00001,0.00000
31.50000,0.52194,0.99995,0.00004,0.00000
31.57000,0.52194,0.99928,0.00070,0.00001
31.64000,0.52194,0.99934,0.00066,0.00000
31.71000,0.52194,0.99967,0.00033,0.00000
31.78000,0.52194,0.99702,0.00128,0.00170
31.85000,0.52194,0.99982,0.00017,0.00000
31.92000,0.52194,0.99768,0.00229,0.00003
31.99000,0.52194,0.93553,0.06447,0.00000
32.06000,0.52193,0.08832,0.91168,0.00000
32.13000,0.52194,0.10904,0.89096,0.00000
32.20000,0.52194,0.95654,0.04345,0.00001
32.27000,0.52194,0.97401,0.02598,0.00001
32.34000,0.52194,0.99971,0.00028,0.00001
32.41000,0.52194,0.99996,0.00004,0.00000
32.48000,0.52194,1.00000,0.00000,0.00000
32.55000,0.52194,1.00000,0.00000,0.00000
32.62000,0.52194,1.00000,0.00000,0.00000
32.69000,0.52194,1.00000,0.00000,0.00000
32.76000,0.52194,1.00000,0.00000,0.00000
32.83000,0.52193,1.00000,0.00000,0.00000
32.90000,0.52193,1.00000,0.00000,0.00000
32.97000,0.52193,1.00000,0.00000,0.00000
33.04000,0.52194,1.00000,0.00000,0.00000
33.11000,0.52194,1.00000,0.00000,0.00000
33.18000,0.52194,1.00000,0.00000,0.00000
33.25000,0.52194,1.00000,0.00000,0.00000
33.32000,0.52194,1.00000,0.00000,0.00000
33.39000,0.52194,1.00000,0.00000,0.00000
33.46000,0.52194,1.00000,0.00000,0.00000
33.53000,0.52194,1.00000,0.00000,0.00000
33.60000,0.52194,1.00000,0.00000,0.00000
33.67000,0.52194,1.00000,0.00000,0.00000
33.74000,0.52193,0.99999,0.00000,0.00000
33.81000,0.52193,0.99997,0.00003,0.00000
33.88000,0.52194,0.95250,0.04744,0.00006
33.95000,0.52194,0.00415,0.99585,0.00000
34.02000,0.52194,0.99374,0.00626,0.00000
34.09000,0.52194,0.99717,0.00283,0.00000
34.16000,0.52194,0.99725,0.00274,0.00000
34.23000,0.52194,0.99969,0.00031,0.00000
34.30000,0.52194,0.99993,0.00007,0.00000
34.37000,0.52194,1.00000,0.00000,0.00000
34.44000,0.52194,1.00000,0.00000,0.00000
34.51000,0.52194,1.00000,0.00000,0.00000
34.58000,0.52193,1.00000,0.00000,0.00000
34.65000,0.52193,1.00000,0.00000,0.00000
34.72000,0.52193,1.00000,0.00000,0.00000
34.79000,0.52194,1.00000,0.00000,0.00000
34.86000,0.52194,1.00000,0.00000,0.00000
34.93000,0.52194,1.00000,0.00000,0.00000
35.00000,0.52194,1.00000,0.00000,0.00000
35.07000,0.52194,1.00000,0.00000,0.00000
35.14000,0.52194,1.00000,0.00000,0.00000
35.21000,0.52194,1.00000,0.00000,0.00000
35.28000,0.52194,1.00000,0.00000,0.00000
35.35000,0.52194,1.00000,0.00000,0.00000
35.42000,0.52194,0.99998,0.00000,0.00002
35.49000,0.52193,0.99996,0.00002,0.00001
35.56000,0.52193,0.99998,0.00002,0.00000
35.63000,0.52194,0.99933,0.00066,0.00001
35.70000,0.52194,0.66037,0.33954,0.00009
35.77000,0.52194,0.01065,0.98935,0.00000
35.84000,0.52194,0.98980,0.01007,0.00013
35.91000,0.52194,0.99776,0.00220,0.00003
35.98000,0.52194,0.99592,0.00401,0.00007
36.05000,0.52194,0.99953,0.00047,0.00000
36.12000,0.52194,0.99996,0.00004,0.00000
36.19000,0.52194,1.00000,0.00000,0.00000
36.26000,0.52194,1.00000,0.00000,0.00000
36.33000,0.52193,1.00000,0.00000,0.00000
36.40000,0.52193,1.00000,0.00000,0.00000
36.47000,0.52193,1.00000,0.00000,0.00000
36.54000,0.52194,1.00000,0.00000,0.00000
36.61000,0.52194,1.00000,0.00000,0.00000
36.68000,0.52194,1.00000,0.00000,0.00000
36.75000,0.52194,1.00000,0.00000,0.00000
36.82000,0.52194,1.00000,0.00000,0.00000
36.89000,0.52194,1.00000,0.00000,0.00000
36.96000,0.52194,1.00000,0.00000,0.00000
37.03000,0.52194,1.00000,0.00000,0.00000
37.10000,0.52194,1.00000,0.00000,0.00000
37.17000,0.52194,1.00000,0.00000,0.00000
37.24000,0.52193,1.00000,0.00000,0.00000
37.31000,0.52193,1.00000,0.00000,0.00000
37.38000,0.52194,1.00000,0.00000,0.00000
37.45000,0.52194,1.00000,0.00000,0.00000
37.52000,0.52194,1.00000,0.00000,0.00000
37.59000,0.52194,1.00000,0.00000,0.00000
37.66000,0.52194,0.99999,0.00001,0.00000
37.73000,0.52194,0.99987,0.00013,0.00000
37.80000,0.52194,0.99964,0.00036,0.00000
37.87000,0.52194,0.00257,0.99743,0.00000
37.94000,0.52194,0.05496,0.94504,0.00000
38.01000,0.52194,0.99963,0.00037,0.00000
38.08000,0.52193,0.99366,0.00634,0.00000
38.15000,0.52193,0.99660,0.00340,0.00000
38.22000,0.52193,0.99970,0.00030,0.00000
38.29000,0.52194,1.00000,0.00000,0.00000
38.36000,0.52194,1.00000,0.00000,0.00000
38.43000,0.52194,1.00000,0.00000,0.00000
38.50000,0.52194,1.00000,0.00000,0.00000
38.57000,0.52194,1.00000,0.00000,0.00000
38.64000,0.52194,1.00000,0.00000,0.00000
38.71000,0.52194,1.00000,0.00000,0.00000
38.78000,0.52194,1.00000,0.00000,0.00000
38.85000,0.52194,1.00000,0.00000,0.00000
38.92000,0.52194,1.00000,0.00000,0.00000
38.99000,0.52193,1.00000,0.00000,0.00000
39.06000,0.52193,1.00000,0.00000,0.00000
39.13000,0.52194,1.00000,0.00000,0.00000
39.20000,0.52194,1.00000,0.00000,0.00000
39.27000,0.52194,0.99999,0.00000,0.00001
39.34000,0.52194,0.99999,0.00001,0.00001
39.41000,0.52194,0.99999,0.00001,0.00000
39.48000,0.52194,0.99984,0.00014,0.00003
39.55000,0.52194,0.58691,0.41023,0.00286
39.62000,0.52194,0.11956,0.88033,0.00011
39.69000,0.52194,0.99949,0.00051,0.00000
39.76000,0.52194,0.99997,0.00003,0.00000
39.83000,0.52193,0.99999,0.00001,0.00000
39.90000,0.52193,1.00000,0.00000,0.00000
39.97000,0.52193,1.00000,0.00000,0.00000
40.04000,0.52194,1.00000,0.00000,0.00000
40.11000,0.52194,1.00000,0.00000,0.00000
40.18000,0.52194,1.00000,0.00000,0.00000
40.25000,0.52194,1.00000,0.00000,0.00000
40.32000,0.52194,1.00000,0.00000,0.00000
40.39000,0.52194,1.00000,0.00000,0.00000
40.46000,0.52194,1.00000,0.00000,0.00000
40.53000,0.52194,1.00000,0.00000,0.00000
40.60000,0.52194,1.00000,0.00000,0.00000
40.67000,0.52194,1.00000,0.00000,0.00000
40.74000,0.52193,1.00000,0.00000,0.00000
40.81000,0.52193,1.00000,0.00000,0.00000
40.88000,0.52194,1.00000,0.00000,0.00000
40.95000,0.52194,1.00000,0.00000,0.00000
41.02000,0.52194,1.00000,0.00000,0.00000
41.09000,0.52194,1.00000,0.00000,0.00000
41.16000,0.52194,1.00000,0.00000,0.00000
41.23000,0.52194,1.00000,0.00000,0.00000
41.30000,0.52194,1.00000,0.00000,0.00000
41.37000,0.52194,1.00000,0.00000,0.00000
41.44000,0.52194,1.00000,0.00000,0.00000
41.51000,0.52194,1.00000,0.00000,0.00000
41.58000,0.52193,1.00000,0.00000,0.00000
41.65000,0.52193,1.00000,0.00000,0.00000
41.72000,0.52193,0.99996,0.00004,0.00000
41.79000,0.52194,0.97875,0.02098,0.00027
41.86000,0.52194,0.03936,0.96049,0.00015
41.93000,0.52194,0.68258,0.31741,0.00001
42.00000,0.52194,0.99981,0.00011,0.00008
42.07000,0.52194,0.99998,0.00000,0.00001
42.14000,0.52194,0.99993,0.00006,0.00002
42.21000,0.52194,1.00000,0.00000,0.00000
42.28000,0.52194,1.00000,0.00000,0.00000
42.35000,0.52194,1.00000,0.00000,0.00000
42.42000,0.52194,1.00000,0.00000,0.00000
42.49000,0.52193,1.00000,0.00000,0.00000
42.56000,0.52193,1.00000,0.00000,0.00000
42.63000,0.52194,1.00000,0.00000,0.00000
42.70000,0.52194,1.00000,0.00000,0.00000
42.77000,0.52194,1.00000,0.00000,0.00000
42.84000,0.52194,1.00000,0.00000,0.00000
42.91000,0.52194,1.00000,0.00000,0.00000
42.98000,0.52194,1.00000,0.00000,0.00000
43.05000,0.52194,1.00000,0.00000,0.00000
43.12000,0.52194,1.00000,0.00000,0.00000
43.19000,0.52194,1.00000,0.00000,0.00000
43.26000,0.52194,1.00000,0.00000,0.00000
43.33000,0.52193,0.99999,0.00000,0.00000
43.40000,0.52193,0.99999,0.00001,0.00000
43.47000,0.52193,0.99999,0.00001,0.00000
43.54000,0.52194,0.98882,0.01117,0.00001
43.61000,0.52194,0.40213,0.59787,0.00000
43.68000,0.52194,0.60896,0.39104,0.00000
43.75000,0.52194,0.99951,0.00047,0.00002
43.82000,0.52194,0.99994,0.00005,0.00001
43.89000,0.52194,0.99987,0.00010,0.00004
43.96000,0.52194,0.99996,0.00002,0.00002
44.03000,0.52194,1.00000,0.00000,0.00000
44.10000,0.52194,1.00000,0.00000,0.00000
44.17000,0.52194,1.00000,0.00000,0.00000
44.24000,0.52193,1.00000,0.00000,0.00000
44.31000,0.52193,1.00000,0.00000,0.00000
44.38000,0.52194,1.00000,0.00000,0.00000
44.45000,0.52194,1.00000,0.00000,0.00000
44.52000,0.52194,1.00000,0.00000,0.00000
44.59000,0.52194,1.00000,0.00000,0.00000
44.66000,0.52194,1.00000,0.00000,0.00000
44.73000,0.52194,1.00000,0.00000,0.00000
44.80000,0.52194,1.00000,0.00000,0.00000
44.87000,0.52194,1.00000,0.00000,0.00000
44.94000,0.52194,1.00000,0.00000,0.00000
45.01000,0.52194,1.00000,0.00000,0.00000
45.08000,0.52193,1.00000,0.00000,0.00000
45.15000,0.52193,1.00000,0.00000,0.00000
45.22000,0.52193,1.00000,0.00000,0.00000
45.29000,0.52194,1.00000,0.00000,0.00000
45.36000,0.52194,1.00000,0.00000,0.00000
45.43000,0.52194,0.99999,0.00000,0.00001
45.50000,0.52194,0.99994,0.00005,0.00001
45.57000,0.52194,0.99988,0.00012,0.00000
45.64000,0.52194,0.99335,0.00663,0.00002
45.71000,0.52194,0.04228,0.95771,0.00000
45.78000,0.52194,0.69842,0.30157,0.00000
45.85000,0.52194,0.86595,0.13396,0.00010
45.92000,0.52194,0.99963,0.00032,0.00006
45.99000,0.52193,0.99909,0.00082,0.00009
46.06000,0.52193,0.99853,0.00145,0.00002
46.13000,0.52194,0.99991,0.00004,0.00005
46.20000,0.52194,0.99993,0.00000,0.00007
46.27000,0.52194,0.99998,0.00000,0.00002
46.34000,0.52194,0.99996,0.00000,0.00004
46.41000,0.52194,0.99999,0.00000,0.00001
46.48000,0.52194,0.99999,0.00000,0.00001
46.55000,0.52194,1.00000,0.00000,0.00000
46.62000,0.52194,1.00000,0.00000,0.00000
46.69000,0.52194,1.00000,0.00000,0.00000
46.76000,0.52194,1.00000,0.00000,0.00000
46.83000,0.52193,1.00000,0.00000,0.00000
46.90000,0.52193,1.00000,0.00000,0.00000
46.97000,0.52193,1.00000,0.00000,0.00000
47.04000,0.52194,1.00000,0.00000,0.00000
47.11000,0.52194,1.00000,0.00000,0.00000
47.18000,0.52194,1.00000,0.00000,0.00000
47.25000,0.52194,1.00000,0.00000,0.00000
47.32000,0.52194,1.00000,0.00000,0.00000
47.39000,0.52194,1.00000,0.00000,0.00000
47.46000,0.52194,1.00000,0.00000,0.00000
47.53000,0.52194,1.00000,0.00000,0.00000
47.60000,0.52194,0.99998,0.00001,0.00001
47.67000,0.52194,0.99994,0.00005,0.00000
47.74000,0.52193,0.99998,0.00002,0.00000
47.81000,0.52193,0.99997,0.00003,0.00000
47.88000,0.52194,0.79391,0.20608,0.00001
47.95000,0.52194,0.11348,0.88652,0.00000
48.02000,0.52194,0.95453,0.04547,0.00000
48.09000,0.52194,0.39368,0.60630,0.00002
48.16000,0.52194,0.97803,0.02197,0.00000
48.23000,0.52194,0.95992,0.04008,0.00000
48.30000,0.52194,0.99919,0.00081,0.00000
48.37000,0.52194,1.00000,0.00000,0.00000
48.44000,0.52194,1.00000,0.00000,0.00000
48.51000,0.52194,1.00000,0.00000,0.00000
48.58000,0.52193,1.00000,0.00000,0.00000
48.65000,0.52193,1.00000,0.00000,0.00000
48.72000,0.52193,1.00000,0.00000,0.00000
48.79000,0.52194,1.00000,0.00000,0.00000
48.86000,0.52194,1.00000,0.00000,0.00000
48.93000,0.52194,1.00000,0.00000,0.00000
49.00000,0.52194,1.00000,0.00000,0.00000
49.07000,0.52194,1.00000,0.00000,0.00000
49.14000,0.52194,1.00000,0.00000,0.00000
49.21000,0.52194,1.00000,0.00000,0.00000
49.28000,0.52194,1.00000,0.00000,0.00000
49.35000,0.52194,1.00000,0.00000,0.00000
49.42000,0.52194,1.00000,0.00000,0.00000
49.49000,0.52193,1.00000,0.00000,0.00000
49.56000,0.52193,1.00000,0.00000,0.00000
49.63000,0.52194,1.00000,0.00000,0.00000
49.70000,0.52194,1.00000,0.00000,0.00000
49.77000,0.52194,0.99998,0.00000,0.00002
49.84000,0.52194,1.00000,0.00000,0.00000
49.91000,0.52194,0.99995,0.00005,0.00000
49.98000,0.52194,0.99885,0.00082,0.00033
50.05000,0.52194,0.27880,0.72115,0.00006
50.12000,0.52194,0.10265,0.89729,0.00005
50.19000,0.52194,0.98722,0.01259,0.00019
50.26000,0.52194,0.99573,0.00420,0.00007
50.33000,0.52193,0.99972,0.00022,0.00006
50.40000,0.52193,0.99977,0.00007,0.00016
50.47000,0.52193,0.99999,0.00000,0.00000
50.54000,0.52194,1.00000,0.00000,0.00000
50.61000,0.52194,1.00000,0.00000,0.00000
50.68000,0.52194,1.00000,0.00000,0.00000
50.75000,0.52194,1.00000,0.00000,0.00000
50.82000,0.52194,1.00000,0.00000,0.00000
50.89000,0.52194,1.00000,0.00000,0.00000
50.96000,0.52194,1.00000,0.00000,0.00000
51.03000,0.52194,1.00000,0.00000,0.00000
51.10000,0.52194,1.00000,0.00000,0.00000
51.17000,0.52194,1.00000,0.00000,0.00000
51.24000,0.52193,1.00000,0.00000,0.00000
51.31000,0.52193,1.00000,0.00000,0.00000
51.38000,0.52194,1.00000,0.00000,0.00000
51.45000,0.52194,1.00000,0.00000,0.00000
51.52000,0.52194,1.00000,0.00000,0.00000
51.59000,0.52194,1.00000,0.00000,0.00000
51.66000,0.52194,1.00000,0.00000,0.00000
51.73000,0.52194,1.00000,0.00000,0.00000
51.80000,0.52194,1.00000,0.00000,0.00000
51.87000,0.52194,1.00000,0.00000,0.00000
51.94000,0.52194,1.00000,0.00000,0.00000
52.01000,0.52194,1.00000,0.00000,0.00000
52.08000,0.52193,0.99999,0.00000,0.00000
52.15000,0.52193,0.99999,0.00000,0.00001
52.22000,0.52193,0.52270,0.46420,0.01310
52.29000,0.52194,0.51323,0.48608,0.00069
52.36000,0.52194,0.99878,0.00002,0.00120
52.43000,0.52194,0.99949,0.00041,0.00010
52.50000,0.52194,0.99983,0.00016,0.00001
52.57000,0.52194,0.99995,0.00002,0.00003
52.64000,0.52194,1.00000,0.00000,0.00000
52.71000,0.52194,1.00000,0.00000,0.00000
52.78000,0.52194,1.00000,0.00000,0.00000
52.85000,0.52194,1.00000,0.00000,0.00000
52.92000,0.52194,1.00000,0.00000,0.00000
52.99000,0.52193,1.00000,0.00000,0.00000
53.06000,0.52193,1.00000,0.00000,0.00000
53.13000,0.52194,1.00000,0.00000,0.00000
53.20000,0.52194,1.00000,0.00000,0.00000
53.27000,0.52194,1.00000,0.00000,0.00000
53.34000,0.52194,1.00000,0.00000,0.00000
53.41000,0.52194,1.00000,0.00000,0.00000
53.48000,0.52194,1.00000,0.00000,0.00000
53.55000,0.52194,0.99998,0.00000,0.00002
53.62000,0.52194,0.99999,0.00000,0.00001
53.69000,0.52194,1.00000,0.00000,0.00000
53.76000,0.52194,0.99997,0.00001,0.00001
53.83000,0.52193,0.99949,0.00012,0.00038
53.90000,0.52193,0.92009,0.07759,0.00232
53.97000,0.52193,0.04295,0.95675,0.00030
54.04000,0.52194,0.99880,0.00036,0.00085
54.11000,0.52194,0.99966,0.00032,0.00002
54.18000,0.52194,0.99973,0.00027,0.00000
54.25000,0.52194,0.99996,0.00003,0.00001
54.32000,0.52194,1.00000,0.00000,0.00000
54.39000,0.52194,1.00000,0.00000,0.00000
54.46000,0.52194,1.00000,0.00000,0.00000
54.53000,0.52194,1.00000,0.00000,0.00000
54.60000,0.52194,1.00000,0.00000,0.00000
54.67000,0.52194,1.00000,0.00000,0.00000
54.74000,0.52193,1.00000,0.00000,0.00000
54.81000,0.52193,1.00000,0.00000,0.00000
54.88000,0.52194,1.00000,0.00000,0.00000
54.95000,0.52194,1.00000,0.00000,0.00000
55.02000,0.52194,1.00000,0.00000,0.00000
55.09000,0.52194,1.00000,0.00000,0.00000
55.16000,0.52194,1.00000,0.00000,0.00000
55.23000,0.52194,1.00000,0.00000,0.00000
55.30000,0.52194,1.00000,0.00000,0.00000
55.37000,0.52194,1.00000,0.00000,0.00000
55.44000,0.52194,1.00000,0.00000,0.00000
55.51000,0.52194,0.99999,0.00000,0.00001
55.58000,0.52193,1.00000,0.00000,0.00000
55.65000,0.52193,0.99999,0.00001,0.00000
55.72000,0.52193,0.99997,0.00003,0.00000
55.79000,0.52194,0.80863,0.19128,0.00010
55.86000,0.52194,0.01017,0.98983,0.00000
55.93000,0.52194,0.99832,0.00166,0.00002
56.00000,0.52194,0.99565,0.00434,0.00000
56.07000,0.52194,0.99789,0.00211,0.00000
56.14000,0.52194,0.99934,0.00066,0.00000
56.21000,0.52194,0.99998,0.00001,0.00000
56.28000,0.52194,1.00000,0.00000,0.00000
56.35000,0.52194,1.00000,0.00000,0.00000
56.42000,0.52194,1.00000,0.00000,0.00000
56.49000,0.52193,1.00000,0.00000,0.00000
56.56000,0.52193,1.00000,0.00000,0.00000
56.63000,0.52194,1.00000,0.00000,0.00000
56.70000,0.52194,1.00000,0.00000,0.00000
56.77000,0.52194,1.00000,0.00000,0.00000
56.84000,0.52194,1.00000,0.00000,0.00000
56.91000,0.52194,1.00000,0.00000,0.00000
56.98000,0.52194,1.00000,0.00000,0.00000
57.05000,0.52194,1.00000,0.00000,0.00000
57.12000,0.52194,1.00000,0.00000,0.00000
57.19000,0.52194,1.00000,0.00000,0.00000
57.26000,0.52194,0.99999,0.00000,0.00001
57.33000,0.52193,1.00000,0.00000,0.00000
57.40000,0.52193,1.00000,0.00000,0.00000
57.47000,0.52193,1.00000,0.00000,0.00000
57.54000,0.52194,1.00000,0.00000,0.00000
57.61000,0.52194,0.99998,0.00002,0.00000
57.68000,0.52194,0.99999,0.00000,0.00001
57.75000,0.52194,0.99998,0.00001,0.00001
57.82000,0.52194,0.99998,0.00001,0.00000
57.89000,0.52194,0.97898,0.02023,0.00078
57.96000,0.52194,0.07234,0.92757,0.00009
58.03000,0.52194,0.93032,0.06927,0.00041
58.10000,0.52194,0.98160,0.01840,0.00000
58.17000,0.52194,0.99930,0.00068,0.00002
58.24000,0.52193,0.99941,0.00057,0.00002
58.31000,0.52193,1.00000,0.00000,0.00000
58.38000,0.52194,1.00000,0.00000,0.00000
58.45000,0.52194,1.00000,0.00000,0.00000
58.52000,0.52194,1.00000,0.00000,0.00000
58.59000,0.52194,1.00000,0.00000,0.00000
58.66000,0.52194,1.00000,0.00000,0.00000
58.73000,0.52194,1.00000,0.00000,0.00000
58.80000,0.52194,1.00000,0.00000,0.00000
58.87000,0.52194,1.00000,0.00000,0.00000
58.94000,0.52194,1.00000,0.00000,0.00000
59.01000,0.52194,1.00000,0.00000,0.00000
59.08000,0.52193,1.00000,0.00000,0.00000
59.15000,0.52193,1.00000,0.00000,0.00000
59.22000,0.52193,1.00000,0.00000,0.00000
59.29000,0.52194,1.00000,0.00000,0.00000
59.36000,0.52194,1.00000,0.00000,0.00000
59.43000,0.52194,1.00000,0.00000,0.00000
59.50000,0.52194,1.00000,0.00000,0.00000
59.57000,0.52194,1.00000,0.00000,0.00000
59.64000,0.52194,1.00000,0.00000,0.00000
59.71000,0.52194,1.00000,0.00000,0.00000
59.78000,0.52194,0.99999,0.00000,0.00001
59.85000,0.52194,0.99998,0.00002,0.00000
59.92000,0.52194,0.63512,0.36483,0.00005
59.99000,0.52193,0.01609,0.98391,0.00000
60.06000,0.52193,0.99856,0.00144,0.00000
60.13000,0.52194,0.99748,0.00252,0.00000
60.20000,0.52194,0.99978,0.00022,0.00000
60.27000,0.52194,0.99980,0.00019,0.00000
60.34000,0.52194,1.00000,0.00000,0.00000
60.41000,0.52194,1.00000,0.00000,0.00000
60.48000,0.52194,1.00000,0.00000,0.00000
60.55000,0.52194,1.00000,0.00000,0.00000
