Time (seconds),x0,x1,x2,x3,x4,x5
0.0,1179,1178,0,1193,1200,0
0.009,1183,1178,0,1197,1200,0
0.019,1177,1178,0,1195,1200,0
0.028,1179,1178,0,1195,1200,0
0.036,1180,1178,0,1194,1200,0
0.045,1173,1178,0,1197,1200,0
0.054,1176,1178,0,1195,1200,0
0.063,1173,1178,0,1191,1200,0
0.073,1175,1178,0,1193,1200,0
0.082,1179,1178,0,1195,1200,0
0.092,1176,1178,0,1195,1200,0
0.106,1188,1178,0,1202,1200,0
0.119,1178,1178,0,1203,1200,0
0.133,1179,1178,0,1200,1200,0
0.143,1179,1178,0,1204,1200,0
0.152,1175,1178,0,1195,1200,0
0.166,1179,1178,0,1196,1200,0
0.177,1178,1178,0,1194,1200,0
0.19,1177,1178,0,1194,1200,0
0.204,1180,1178,0,1199,1200,0
0.216,1177,1178,0,1199,1200,0
0.227,1178,1178,0,1197,1200,0
0.237,1182,1178,0,1204,1200,0
0.246,1180,1178,0,1195,1200,0
0.254,1175,1178,0,1199,1200,0
0.263,1181,1178,0,1202,1200,0
0.271,1180,1178,0,1206,1200,0
0.281,1180,1178,0,1204,1200,0
0.292,1181,1178,0,1197,1200,0
0.3,1180,1178,0,1201,1200,0
0.308,1180,1178,0,1199,1200,0
0.316,1181,1178,0,1194,1200,0
0.323,1184,1178,0,1203,1200,0
0.331,1180,1178,0,1197,1200,0
0.339,1183,1178,0,1200,1200,0
0.346,1183,1178,0,1196,1200,0
0.354,1183,1178,0,1198,1200,0
0.362,1184,1178,0,1203,1200,0
0.371,1177,1178,0,1195,1200,0
0.382,1184,1178,0,1196,1200,0
0.393,1183,1178,0,1197,1200,0
0.404,1180,1178,0,1195,1200,0
0.415,1184,1178,0,1199,1200,0
0.426,1183,1178,0,1194,1200,0
0.437,1182,1178,0,1195,1199,0
0.448,1178,1178,0,1197,1199,0
0.459,1183,1178,0,1193,1199,0
0.47,1188,1178,0,1202,1199,0
0.481,1183,1178,0,1196,1199,0
0.49,1181,1178,0,1194,1199,0
0.498,1181,1178,0,1195,1199,0
0.508,1183,1178,0,1191,1199,0
0.518,1186,1178,0,1197,1199,0
0.528,1178,1178,0,1192,1199,0
0.539,1182,1178,0,1200,1199,0
0.549,1181,1178,0,1198,1199,0
0.56,1182,1178,0,1204,1199,0
0.571,1181,1178,0,1196,1199,0
0.581,1183,1178,0,1201,1199,0
0.59,1183,1178,0,1198,1199,0
0.6,1185,1178,0,1198,1199,0
0.611,1178,1178,0,1200,1199,0
0.621,1184,1178,0,1196,1199,0
0.631,1183,1178,0,1198,1199,0
0.639,1184,1178,0,1198,1199,0
0.647,1183,1178,0,1196,1199,0
0.656,1186,1178,0,1194,1199,0
0.664,1188,1178,0,1196,1199,0
0.672,1187,1178,0,1198,1199,0
0.681,1189,1178,0,1195,1199,0
0.689,1187,1178,0,1200,1199,0
0.698,1200,1179,0,1190,1199,0
0.708,1191,1179,0,1200,1199,0
0.719,1198,1179,0,1203,1199,0
0.73,1192,1179,0,1200,1199,0
0.74,1192,1179,0,1202,1199,0
0.751,1193,1179,0,1196,1199,0
0.762,1189,1179,0,1194,1199,0
0.775,1197,1179,0,1196,1199,0
0.79,1192,1179,0,1195,1199,0
0.803,1189,1179,0,1198,1199,0
0.814,1192,1179,0,1204,1199,0
0.823,1193,1179,0,1199,1199,0
0.832,1189,1179,0,1200,1199,0
0.843,1198,1179,0,1199,1199,0
0.854,1197,1179,0,1200,1199,0
0.862,1201,1179,0,1201,1199,0
0.87,1213,1179,0,1200,1199,0
0.876,1211,1180,0,1193,1199,0
0.884,1224,1180,44,1196,1199,0
0.893,1246,1180,66,1193,1199,0
0.901,1307,1180,127,1196,1199,0
0.912,1379,1180,199,1190,1199,0
0.922,1390,1180,210,1199,1199,0
0.93,1407,1180,227,1195,1199,0
0.939,1415,1180,235,1196,1199,0
0.947,1416,1180,236,1201,1199,0
0.956,1420,1180,240,1197,1199,0
0.965,1430,1180,250,1201,1199,0
0.977,1431,1180,251,1198,1199,0
0.99,1433,1180,253,1199,1199,0
1.003,1444,1180,264,1205,1199,0
1.011,1440,1180,260,1200,1199,0
1.02,1439,1180,259,1198,1199,0
1.03,1442,1180,262,1204,1199,0
1.039,1441,1180,261,1200,1199,0
1.048,1440,1180,260,1206,1199,0
1.059,1440,1180,260,1200,1199,0
1.069,1436,1180,256,1197,1199,0
1.08,1439,1180,259,1192,1199,0
1.09,1442,1180,262,1199,1199,0
1.102,1440,1180,260,1198,1199,0
1.115,1442,1180,262,1205,1199,0
1.127,1438,1180,258,1202,1199,0
1.137,1441,1180,261,1199,1199,0
1.147,1438,1180,258,1202,1199,0
1.159,1435,1180,255,1197,1199,0
1.171,1443,1180,263,1205,1199,0
1.184,1444,1180,264,1196,1199,0
1.193,1455,1180,275,1199,1199,0
1.202,1449,1180,269,1203,1199,0
1.215,1444,1180,264,1193,1199,0
1.228,1448,1180,268,1205,1199,0
1.241,1447,1180,267,1207,1199,0
1.252,1444,1180,264,1195,1199,0
1.264,1431,1180,251,1199,1199,0
1.277,1394,1180,214,1199,1199,0
1.29,1292,1180,112,1199,1199,0
1.303,1222,1180,42,1199,1199,0
1.314,1203,1180,0,1201,1199,0
1.324,1194,1180,0,1194,1199,0
1.335,1190,1180,0,1202,1199,0
1.345,1187,1180,0,1195,1199,0
1.356,1187,1180,0,1198,1199,0
1.364,1183,1180,0,1204,1199,0
1.374,1186,1180,0,1199,1199,0
1.385,1184,1180,0,1200,1199,0
1.394,1185,1180,0,1201,1199,0
1.401,1187,1180,0,1201,1199,0
1.409,1190,1180,0,1198,1199,0
1.417,1195,1180,0,1199,1199,0
1.425,1194,1180,0,1192,1199,0
1.433,1198,1180,0,1205,1199,0
1.441,1193,1180,0,1199,1199,0
1.449,1195,1180,0,1204,1199,0
1.458,1193,1180,0,1195,1199,0
1.467,1194,1180,0,1199,1199,0
1.476,1196,1180,0,1201,1199,0
1.486,1197,1180,0,1198,1199,0
1.496,1197,1180,0,1202,1199,0
1.505,1208,1181,0,1194,1199,0
1.513,1207,1181,0,1202,1199,0
1.521,1211,1181,0,1199,1199,0
1.527,1217,1181,0,1200,1199,0
1.536,1224,1181,43,1205,1199,0
1.544,1250,1181,69,1200,1199,0
1.551,1299,1181,118,1198,1199,0
1.558,1433,1181,252,1198,1199,0
1.566,1452,1181,271,1201,1199,0
1.575,1457,1181,276,1190,1199,0
1.585,1465,1181,284,1196,1199,0
1.595,1466,1181,285,1196,1199,0
1.606,1463,1181,282,1200,1199,0
1.617,1463,1181,282,1209,1199,0
1.627,1465,1181,284,1196,1199,0
1.635,1468,1181,287,1201,1199,0
1.643,1463,1181,282,1203,1199,0
1.65,1473,1181,292,1201,1199,0
1.658,1462,1181,281,1198,1199,0
1.666,1469,1181,288,1199,1199,0
1.674,1462,1181,281,1202,1199,0
1.682,1464,1181,283,1201,1199,0
1.691,1466,1181,285,1204,1199,0
1.701,1463,1181,282,1204,1199,0
1.712,1456,1181,275,1196,1199,0
1.723,1451,1181,270,1199,1199,0
1.734,1447,1181,266,1199,1199,0
1.744,1417,1181,236,1197,1199,0
1.755,1343,1181,162,1200,1199,0
1.766,1287,1181,106,1205,1199,0
1.777,1259,1181,78,1199,1199,0
1.788,1240,1181,59,1198,1199,0
1.796,1229,1181,48,1196,1199,0
1.806,1224,1181,43,1198,1199,0
1.816,1222,1181,41,1200,1199,0
1.825,1227,1181,46,1199,1199,0
1.832,1213,1181,0,1201,1199,0
1.84,1215,1181,0,1203,1199,0
1.848,1210,1181,0,1201,1199,0
1.856,1211,1181,0,1199,1199,0
1.864,1204,1181,0,1200,1199,0
1.872,1210,1182,0,1201,1199,0
1.88,1207,1182,0,1193,1199,0
1.887,1209,1182,0,1200,1199,0
1.894,1205,1182,0,1201,1199,0
1.902,1203,1182,0,1206,1199,0
1.909,1204,1182,0,1200,1199,0
1.917,1203,1182,0,1194,1199,0
1.924,1198,1182,0,1199,1199,0
1.931,1202,1182,0,1196,1199,0
1.938,1199,1182,0,1205,1199,0
1.946,1197,1182,0,1198,1199,0
1.953,1202,1182,0,1204,1199,0
1.961,1194,1182,0,1199,1199,0
1.968,1193,1183,0,1199,1199,0
1.976,1200,1183,0,1194,1199,0
1.983,1192,1183,0,1206,1199,0
1.99,1193,1183,0,1204,1199,0
1.998,1190,1183,0,1190,1199,0
2.005,1194,1183,0,1197,1199,0
2.013,1200,1183,0,1199,1199,0
2.022,1192,1183,0,1200,1199,0
2.032,1190,1183,0,1201,1199,0
2.045,1193,1183,0,1198,1199,0
2.057,1194,1183,0,1196,1199,0
2.065,1198,1183,0,1194,1199,0
2.073,1194,1183,0,1200,1199,0
2.081,1196,1183,0,1200,1199,0
2.088,1187,1183,0,1199,1199,0
2.096,1188,1183,0,1195,1199,0
2.104,1188,1183,0,1197,1199,0
2.112,1189,1183,0,1201,1199,0
2.12,1188,1183,0,1197,1199,0
2.128,1190,1183,0,1199,1199,0
2.137,1189,1183,0,1200,1199,0
2.148,1193,1183,0,1196,1199,0
2.159,1192,1183,0,1200,1199,0
2.17,1193,1183,0,1200,1199,0
2.18,1189,1183,0,1203,1199,0
2.191,1189,1183,0,1203,1199,0
2.202,1191,1183,0,1204,1199,0
2.21,1190,1183,0,1204,1199,0
2.218,1189,1183,0,1200,1199,0
2.227,1189,1183,0,1194,1199,0
2.236,1189,1183,0,1201,1199,0
2.246,1193,1183,0,1202,1199,0
2.256,1190,1183,0,1196,1199,0
2.266,1190,1183,0,1201,1199,0
2.277,1189,1184,0,1206,1199,0
2.288,1189,1184,0,1195,1199,0
2.298,1193,1184,0,1196,1199,0
2.308,1189,1184,0,1198,1199,0
2.32,1190,1184,0,1204,1199,0
2.331,1187,1184,0,1203,1199,0
2.339,1189,1184,0,1195,1199,0
2.349,1192,1184,0,1201,1199,0
2.359,1196,1184,0,1202,1199,0
2.369,1188,1184,0,1191,1199,0
2.38,1188,1184,0,1199,1199,0
2.388,1192,1184,0,1201,1199,0
2.396,1189,1184,0,1194,1199,0
2.404,1189,1184,0,1198,1199,0
2.412,1189,1184,0,1202,1199,0
2.42,1186,1184,0,1198,1199,0
2.428,1190,1184,0,1196,1199,0
2.436,1193,1184,0,1203,1199,0
2.444,1185,1184,0,1202,1199,0
2.453,1192,1184,0,1204,1199,0
2.462,1191,1184,0,1199,1199,0
2.47,1201,1184,0,1199,1199,0
2.478,1191,1184,0,1202,1199,0
2.486,1190,1184,0,1197,1199,0
2.494,1191,1184,0,1195,1199,0
2.501,1192,1184,0,1199,1199,0
2.509,1198,1184,0,1197,1199,0
2.517,1193,1184,0,1203,1199,0
2.525,1192,1184,0,1198,1199,0
2.534,1194,1184,0,1201,1199,0
2.545,1194,1184,0,1202,1199,0
2.555,1195,1184,0,1197,1199,0
2.564,1197,1184,0,1203,1199,0
2.573,1199,1184,0,1198,1199,0
2.582,1194,1184,0,1197,1199,0
2.589,1200,1184,0,1202,1199,0
2.597,1195,1185,0,1199,1199,0
2.606,1196,1185,0,1201,1199,0
2.616,1197,1185,0,1204,1199,0
2.627,1200,1185,0,1202,1199,0
2.637,1206,1185,0,1200,1199,0
2.647,1203,1185,0,1205,1199,0
2.659,1205,1185,0,1195,1199,0
2.668,1205,1185,0,1203,1199,0
2.678,1210,1185,0,1198,1199,0
2.689,1224,1185,0,1195,1199,0
2.7,1238,1185,53,1198,1199,0
2.711,1281,1185,96,1205,1199,0
2.722,1387,1185,202,1196,1199,0
2.732,1393,1185,208,1204,1199,0
2.743,1406,1185,221,1197,1199,0
2.754,1415,1185,230,1195,1199,0
2.765,1426,1185,241,1207,1199,0
2.775,1424,1185,239,1202,1199,0
2.782,1421,1185,236,1201,1199,0
2.791,1426,1185,241,1200,1199,0
2.801,1434,1185,249,1207,1199,0
2.811,1431,1185,246,1199,1199,0
2.821,1434,1185,249,1201,1199,0
2.831,1435,1185,250,1199,1199,0
2.841,1436,1185,251,1200,1199,0
2.853,1439,1185,254,1202,1199,0
2.862,1447,1185,262,1201,1199,0
2.872,1438,1185,253,1198,1199,0
2.88,1441,1185,256,1198,1199,0
2.889,1440,1185,255,1213,1199,0
2.899,1438,1185,253,1197,1199,0
2.91,1438,1185,253,1197,1199,0
2.921,1444,1185,259,1199,1199,0
2.931,1445,1185,260,1200,1199,0
2.942,1445,1185,260,1194,1199,0
2.954,1440,1185,255,1200,1199,0
2.963,1441,1185,256,1199,1199,0
2.974,1440,1185,255,1192,1199,0
2.982,1434,1185,249,1197,1199,0
2.989,1435,1185,250,1199,1199,0
2.997,1439,1185,254,1198,1199,0
3.006,1431,1185,246,1197,1199,0
3.014,1429,1185,244,1196,1199,0
3.021,1417,1185,232,1205,1199,0
3.03,1392,1185,207,1208,1199,0
3.038,1330,1185,145,1200,1199,0
3.046,1290,1185,105,1206,1199,0
3.054,1275,1185,90,1194,1199,0
3.062,1260,1185,75,1203,1199,0
3.07,1247,1185,62,1195,1199,0
3.077,1238,1185,53,1199,1199,0
3.086,1229,1185,44,1198,1199,0
3.094,1226,1185,41,1199,1199,0
3.102,1223,1185,0,1200,1199,0
3.109,1224,1185,0,1204,1199,0
3.118,1216,1186,0,1202,1199,0
3.126,1219,1186,0,1199,1199,0
3.133,1218,1186,0,1199,1199,0
3.141,1215,1186,0,1198,1199,0
3.148,1219,1186,0,1199,1199,0
3.155,1214,1186,0,1201,1199,0
3.163,1217,1186,0,1199,1199,0
3.17,1225,1186,0,1201,1199,0
3.177,1221,1187,0,1195,1199,0
3.185,1229,1187,42,1207,1199,0
3.194,1229,1187,42,1194,1199,0
3.202,1233,1187,46,1205,1199,0
3.215,1230,1187,43,1199,1199,0
3.226,1238,1187,51,1198,1199,0
3.237,1248,1187,61,1204,1199,0
3.248,1254,1187,67,1201,1199,0
3.257,1275,1187,88,1197,1199,0
3.266,1298,1187,111,1200,1199,0
3.275,1338,1187,151,1203,1199,0
3.283,1380,1187,193,1200,1199,0
3.292,1412,1187,225,1199,1199,0
3.3,1428,1187,241,1198,1199,0
3.31,1427,1187,240,1196,1199,0
3.32,1439,1187,252,1202,1199,0
3.328,1447,1187,260,1197,1199,0
3.338,1451,1187,264,1198,1199,0
3.35,1447,1187,260,1195,1199,0
3.361,1454,1187,267,1202,1199,0
3.372,1458,1187,271,1199,1199,0
3.384,1452,1187,265,1203,1199,0
3.394,1460,1187,273,1201,1199,0
3.405,1461,1187,274,1206,1199,0
3.414,1468,1187,281,1196,1199,0
3.425,1466,1187,279,1203,1199,0
3.433,1461,1187,274,1195,1199,0
3.444,1462,1187,275,1199,1199,0
3.455,1460,1187,273,1198,1199,0
3.464,1460,1187,273,1202,1199,0
3.473,1465,1187,278,1205,1199,0
3.482,1461,1187,274,1203,1199,0
3.493,1462,1187,275,1206,1199,0
3.503,1468,1187,281,1204,1199,0
3.515,1462,1187,275,1199,1199,0
3.527,1464,1187,277,1198,1199,0
3.545,1460,1187,273,1206,1199,0
3.555,1462,1187,275,1207,1199,0
3.565,1461,1187,274,1201,1199,0
3.573,1463,1187,276,1197,1199,0
3.583,1466,1187,279,1195,1199,0
3.594,1460,1187,273,1200,1199,0
3.603,1460,1187,273,1197,1199,0
3.615,1459,1187,272,1199,1199,0
3.628,1464,1187,277,1197,1199,0
3.638,1460,1187,273,1204,1199,0
3.647,1463,1187,276,1194,1199,0
3.657,1458,1187,271,1201,1199,0
3.666,1455,1187,268,1206,1199,0
3.677,1450,1187,263,1203,1199,0
3.688,1436,1187,249,1200,1199,0
3.698,1427,1187,240,1202,1199,0
3.71,1407,1187,220,1201,1199,0
3.721,1365,1187,178,1203,1199,0
3.733,1316,1187,129,1195,1199,0
3.744,1280,1187,93,1196,1199,0
3.756,1266,1187,79,1199,1199,0
3.763,1243,1187,56,1201,1199,0
3.775,1232,1187,45,1200,1199,0
3.785,1223,1187,0,1201,1199,0
3.795,1212,1187,0,1201,1199,0
3.804,1206,1187,0,1199,1199,0
3.814,1198,1187,0,1206,1199,0
3.823,1190,1187,0,1199,1199,0
3.833,1186,1187,0,1201,1199,0
3.846,1184,1187,0,1205,1199,0
3.855,1184,1187,0,1194,1199,0
3.865,1182,1187,0,1202,1199,0
3.875,1182,1187,0,1203,1199,0
3.886,1182,1187,0,1204,1199,0
3.897,1185,1187,0,1202,1199,0
3.907,1185,1187,0,1204,1199,0
3.918,1190,1187,0,1205,1199,0
3.926,1187,1187,0,1202,1199,0
3.934,1189,1187,0,1200,1199,0
3.943,1191,1187,0,1206,1199,0
3.952,1190,1187,0,1206,1199,0
3.963,1196,1187,0,1200,1199,0
3.974,1195,1187,0,1201,1199,0
3.983,1196,1187,0,1201,1199,0
3.991,1195,1187,0,1203,1199,0
3.998,1195,1187,0,1199,1199,0
4.009,1203,1187,0,1198,1199,0
4.02,1198,1187,0,1207,1199,0
4.03,1197,1187,0,1211,1199,0
4.04,1202,1187,0,1205,1199,0
4.05,1197,1187,0,1206,1199,0
4.059,1196,1187,0,1199,1199,0
4.066,1196,1187,0,1199,1199,0
4.076,1198,1187,0,1200,1199,0
4.085,1196,1187,0,1207,1199,0
4.093,1197,1187,0,1203,1199,0
4.102,1203,1187,0,1203,1199,0
4.108,1195,1187,0,1198,1199,0
4.116,1196,1187,0,1202,1199,0
4.123,1200,1188,0,1208,1199,0
4.131,1193,1188,0,1200,1199,0
4.138,1194,1188,0,1202,1199,0
4.146,1194,1188,0,1203,1199,0
4.155,1195,1188,0,1206,1199,0
4.163,1197,1188,0,1207,1199,0
4.173,1195,1188,0,1201,1199,0
4.18,1198,1188,0,1202,1199,0
4.188,1193,1188,0,1200,1199,0
4.196,1198,1188,0,1201,1199,0
4.204,1196,1188,0,1197,1199,0
4.212,1196,1188,0,1206,1199,0
4.22,1196,1188,0,1199,1199,0
4.227,1197,1188,0,1208,1199,0
4.235,1194,1188,0,1205,1199,0
4.243,1195,1188,0,1198,1199,0
4.251,1196,1188,0,1203,1199,0
4.26,1190,1188,0,1198,1199,0
4.27,1192,1188,0,1205,1199,0
4.28,1194,1188,0,1199,1199,0
4.292,1194,1188,0,1204,1199,0
4.302,1192,1188,0,1201,1199,0
4.31,1194,1188,0,1206,1199,0
4.322,1195,1188,0,1208,1199,0
4.333,1194,1188,0,1201,1199,0
4.342,1202,1188,0,1199,1199,0
4.35,1195,1188,0,1197,1199,0
4.359,1197,1188,0,1205,1199,0
4.368,1198,1188,0,1204,1199,0
4.378,1203,1188,0,1205,1199,0
4.388,1203,1188,0,1207,1199,0
4.399,1203,1188,0,1207,1199,0
4.411,1212,1188,0,1194,1199,0
4.42,1210,1189,0,1202,1199,0
4.429,1212,1189,0,1197,1199,0
4.442,1214,1189,0,1202,1199,0
4.452,1221,1189,0,1201,1199,0
4.461,1228,1189,0,1204,1199,0
4.469,1237,1189,48,1203,1199,0
4.477,1244,1189,55,1203,1199,0
4.487,1270,1189,81,1197,1199,0
4.496,1287,1189,98,1205,1199,0
4.505,1300,1189,111,1201,1199,0
4.513,1315,1189,126,1205,1199,0
4.524,1326,1189,137,1202,1199,0
4.533,1338,1189,149,1199,1199,0
4.543,1343,1189,154,1204,1199,0
4.554,1348,1189,159,1204,1199,0
4.566,1349,1189,160,1206,1199,0
4.576,1354,1189,165,1208,1199,0
4.586,1366,1189,177,1202,1199,0
4.597,1361,1189,172,1204,1199,0
4.609,1366,1189,177,1197,1199,0
4.62,1368,1189,179,1200,1199,0
4.631,1368,1189,179,1200,1199,0
4.64,1377,1189,188,1205,1200,0
4.648,1375,1189,186,1202,1200,0
4.655,1376,1189,187,1201,1200,0
4.664,1377,1189,188,1202,1200,0
4.672,1376,1189,187,1206,1200,0
4.681,1379,1189,190,1206,1200,0
4.693,1384,1189,195,1202,1200,0
4.704,1380,1189,191,1211,1200,0
4.715,1378,1189,189,1203,1200,0
4.726,1378,1189,189,1199,1200,0
4.738,1380,1189,191,1203,1200,0
4.747,1382,1189,193,1194,1200,0
4.757,1386,1189,197,1201,1200,0
4.766,1382,1189,193,1199,1200,0
4.777,1387,1189,198,1197,1200,0
4.788,1382,1189,193,1197,1200,0
4.8,1379,1189,190,1205,1200,0
4.812,1383,1189,194,1204,1200,0
4.822,1387,1189,198,1205,1200,0
4.831,1387,1189,198,1195,1200,0
4.84,1384,1189,195,1201,1200,0
4.85,1385,1189,196,1203,1200,0
4.859,1380,1189,191,1195,1200,0
4.869,1384,1189,195,1199,1200,0
4.881,1384,1189,195,1196,1200,0
4.891,1385,1189,196,1200,1200,0
4.9,1387,1189,198,1207,1200,0
4.91,1388,1189,199,1202,1200,0
4.919,1388,1189,199,1202,1200,0
4.927,1382,1189,193,1203,1200,0
4.935,1391,1189,202,1203,1200,0
4.942,1382,1189,193,1204,1200,0
4.95,1384,1189,195,1205,1200,0
4.959,1385,1189,196,1201,1200,0
4.969,1392,1189,203,1197,1200,0
4.977,1393,1189,204,1203,1200,0
4.989,1396,1189,207,1204,1200,0
5.001,1388,1189,199,1202,1200,0
5.012,1392,1189,203,1205,1200,0
5.023,1387,1189,198,1206,1200,0
5.034,1395,1189,206,1197,1200,0
5.045,1389,1189,200,1202,1200,0
5.057,1391,1189,202,1197,1200,0
5.068,1389,1189,200,1199,1200,0
5.078,1393,1189,204,1199,1200,0
5.087,1387,1189,198,1199,1200,0
5.098,1384,1189,195,1207,1200,0
5.108,1394,1189,205,1206,1200,0
5.119,1391,1189,202,1204,1200,0
5.131,1386,1189,197,1207,1200,0
5.142,1390,1189,201,1198,1200,0
5.151,1390,1189,201,1197,1200,0
5.158,1388,1189,199,1199,1200,0
5.166,1393,1189,204,1203,1200,0
5.174,1385,1189,196,1198,1200,0
5.182,1383,1189,194,1204,1200,0
5.189,1391,1189,202,1199,1200,0
5.196,1388,1189,199,1205,1200,0
5.204,1391,1189,202,1197,1200,0
5.212,1386,1189,197,1202,1200,0
5.22,1381,1189,192,1206,1200,0
5.228,1384,1189,195,1198,1200,0
5.234,1382,1189,193,1204,1200,0
5.242,1391,1189,202,1206,1200,0
5.249,1390,1189,201,1207,1200,0
5.257,1387,1189,198,1203,1200,0
5.265,1390,1189,201,1199,1200,0
5.272,1383,1189,194,1199,1200,0
5.28,1395,1189,206,1203,1200,0
5.287,1385,1189,196,1206,1200,0
5.294,1390,1189,201,1199,1200,0
5.302,1389,1189,200,1201,1200,0
5.31,1387,1189,198,1209,1200,0
5.316,1389,1189,200,1208,1200,0
5.325,1388,1189,199,1207,1200,0
5.333,1383,1189,194,1207,1200,0
5.341,1389,1189,200,1202,1200,0
5.351,1390,1189,201,1200,1200,0
5.36,1391,1189,202,1203,1200,0
5.371,1386,1189,197,1200,1200,0
5.382,1384,1189,195,1198,1200,0
5.394,1387,1189,198,1201,1200,0
5.407,1386,1189,197,1194,1200,0
5.417,1381,1189,192,1199,1200,0
5.427,1375,1189,186,1205,1200,0
5.44,1379,1189,190,1199,1200,0
5.452,1364,1189,175,1206,1200,0
5.462,1355,1189,166,1201,1200,0
5.474,1352,1189,163,1202,1200,0
5.487,1340,1189,151,1199,1200,0
5.5,1326,1189,137,1202,1200,0
5.51,1308,1189,119,1197,1200,0
5.519,1288,1189,99,1199,1200,0
5.528,1286,1189,97,1199,1200,0
5.539,1276,1189,87,1203,1200,0
5.547,1260,1189,71,1201,1200,0
5.555,1253,1189,64,1207,1200,0
5.567,1245,1189,56,1208,1200,0
5.576,1226,1189,0,1201,1200,0
5.587,1215,1189,0,1199,1200,0
5.599,1208,1189,0,1202,1200,0
5.607,1197,1189,0,1198,1200,0
5.615,1189,1189,0,1199,1200,0
5.622,1190,1189,0,1202,1200,0
5.631,1191,1189,0,1198,1200,0
5.642,1184,1189,0,1195,1200,0
5.653,1180,1189,0,1201,1200,0
5.663,1184,1189,0,1193,1200,0
5.675,1184,1189,0,1197,1200,0
5.686,1186,1189,0,1197,1200,0
5.695,1182,1189,0,1200,1200,0
5.703,1185,1189,0,1196,1200,0
5.71,1187,1189,0,1199,1200,0
5.717,1190,1189,0,1202,1200,0
5.726,1189,1189,0,1200,1200,0
5.734,1187,1189,0,1199,1200,0
5.746,1195,1189,0,1201,1200,0
5.757,1189,1189,0,1202,1200,0
5.769,1191,1189,0,1203,1200,0
5.78,1185,1189,0,1195,1200,0
5.792,1192,1189,0,1205,1200,0
5.804,1200,1189,0,1198,1200,0
5.816,1193,1189,0,1200,1200,0
5.826,1193,1189,0,1202,1200,0
5.837,1191,1189,0,1198,1200,0
5.846,1202,1189,0,1200,1200,0
5.856,1199,1189,0,1198,1200,0
5.866,1210,1189,0,1208,1200,0
5.875,1223,1189,0,1201,1200,0
5.885,1258,1189,69,1202,1200,0
5.894,1318,1189,129,1199,1200,0
5.904,1337,1189,148,1200,1200,0
5.914,1350,1189,161,1203,1200,0
5.926,1372,1189,183,1199,1200,0
5.934,1372,1189,183,1202,1200,0
5.945,1375,1189,186,1200,1200,0
5.952,1376,1189,187,1205,1200,0
5.961,1378,1189,189,1195,1200,0
5.972,1380,1189,191,1198,1200,0
5.983,1384,1189,195,1202,1200,0
5.996,1376,1189,187,1203,1200,0
6.007,1380,1189,191,1205,1200,0
6.019,1380,1189,191,1202,1200,0
6.03,1375,1189,186,1200,1200,0
6.041,1378,1189,189,1200,1200,0
6.052,1363,1189,174,1201,1200,0
6.06,1362,1189,173,1201,1200,0
6.072,1355,1189,166,1201,1200,0
6.082,1343,1189,154,1198,1200,0
6.093,1338,1189,149,1203,1200,0
6.103,1327,1189,138,1207,1200,0
6.114,1311,1189,122,1196,1200,0
6.126,1300,1189,111,1202,1200,0
6.138,1266,1189,77,1201,1200,0
6.148,1245,1189,56,1200,1200,0
6.16,1228,1190,0,1204,1200,0
6.167,1218,1190,0,1203,1200,0
6.18,1207,1190,0,1202,1200,0
6.19,1201,1190,0,1199,1200,0
6.2,1195,1190,0,1200,1200,0
6.211,1195,1190,0,1203,1200,0
6.219,1190,1190,0,1207,1200,0
6.229,1192,1190,0,1198,1200,0
6.239,1192,1190,0,1201,1200,0
6.25,1189,1190,0,1202,1200,0
6.259,1187,1190,0,1200,1200,0
6.267,1193,1190,0,1200,1200,0
6.275,1185,1190,0,1200,1200,0
6.284,1188,1190,0,1199,1200,0
6.295,1189,1190,0,1200,1200,0
6.307,1187,1190,0,1194,1200,0
6.318,1188,1190,0,1204,1200,0
6.33,1196,1190,0,1206,1200,0
6.342,1186,1190,0,1201,1200,0
6.352,1187,1190,0,1202,1200,0
6.363,1191,1190,0,1196,1200,0
6.375,1188,1190,0,1195,1200,0
6.385,1188,1190,0,1203,1200,0
6.395,1200,1190,0,1204,1200,0
6.403,1201,1190,0,1205,1200,0
6.412,1205,1190,0,1199,1200,0
6.423,1221,1190,0,1202,1200,0
6.435,1332,1190,142,1203,1200,0
6.446,1354,1190,164,1202,1200,0
6.458,1377,1190,187,1207,1200,0
6.469,1382,1190,192,1199,1200,0
6.479,1395,1190,205,1208,1200,0
6.489,1390,1190,200,1202,1200,0
6.497,1388,1190,198,1203,1200,0
6.507,1397,1190,207,1211,1200,0
6.515,1386,1190,196,1204,1200,0
6.524,1393,1190,203,1199,1200,0
6.536,1375,1190,185,1206,1200,0
6.547,1381,1190,191,1207,1200,0
6.556,1370,1190,180,1207,1200,0
6.565,1358,1190,168,1207,1200,0
6.573,1354,1190,164,1204,1200,0
6.583,1352,1190,162,1212,1200,0
6.592,1337,1190,147,1208,1200,0
6.602,1318,1190,128,1204,1200,0
6.612,1301,1190,111,1202,1200,0
6.621,1278,1190,88,1206,1200,0
6.631,1242,1190,52,1204,1200,0
6.641,1227,1190,0,1206,1200,0
6.652,1217,1190,0,1206,1200,0
6.663,1214,1190,0,1207,1200,0
6.676,1207,1190,0,1210,1200,0
6.686,1202,1190,0,1205,1200,0
6.697,1211,1190,0,1202,1200,0
6.708,1198,1191,0,1197,1200,0
6.717,1202,1191,0,1200,1200,0
6.727,1198,1191,0,1201,1200,0
6.735,1192,1191,0,1202,1200,0
6.743,1192,1191,0,1200,1200,0
6.75,1195,1191,0,1199,1200,0
6.759,1194,1191,0,1208,1200,0
6.77,1198,1191,0,1205,1200,0
6.781,1190,1191,0,1200,1200,0
6.791,1187,1191,0,1198,1200,0
6.803,1194,1191,0,1202,1200,0
6.816,1184,1191,0,1202,1200,0
6.827,1193,1191,0,1203,1200,0
6.836,1188,1191,0,1202,1200,0
6.847,1187,1191,0,1206,1200,0
6.857,1192,1191,0,1200,1200,0
6.868,1187,1191,0,1201,1200,0
6.88,1193,1191,0,1198,1200,0
6.89,1195,1191,0,1200,1200,0
6.9,1197,1191,0,1198,1200,0
6.908,1192,1191,0,1200,1200,0
6.915,1197,1191,0,1205,1200,0
6.922,1190,1191,0,1201,1200,0
6.932,1191,1191,0,1203,1200,0
6.943,1195,1191,0,1199,1200,0
6.954,1189,1191,0,1200,1200,0
6.963,1197,1191,0,1205,1200,0
6.974,1196,1191,0,1205,1200,0
6.986,1200,1191,0,1202,1200,0
6.997,1202,1191,0,1201,1200,0
7.009,1196,1191,0,1202,1200,0
7.021,1197,1191,0,1200,1200,0
7.032,1199,1191,0,1202,1200,0
7.044,1201,1191,0,1203,1200,0
7.053,1200,1191,0,1196,1200,0
7.062,1203,1191,0,1201,1200,0
7.071,1195,1191,0,1200,1200,0
7.078,1203,1191,0,1201,1200,0
7.085,1207,1191,0,1199,1200,0
7.092,1198,1191,0,1203,1200,0
7.1,1204,1191,0,1202,1200,0
7.113,1200,1191,0,1200,1200,0
7.123,1199,1191,0,1200,1200,0
7.135,1205,1191,0,1195,1200,0
7.146,1208,1191,0,1205,1200,0
7.154,1204,1191,0,1202,1200,0
7.164,1213,1191,0,1197,1200,0
7.175,1219,1191,0,1207,1200,0
7.186,1211,1192,0,1205,1200,0
7.198,1215,1192,0,1205,1200,0
7.21,1220,1192,0,1204,1200,0
7.221,1222,1192,0,1206,1200,0
7.231,1226,1192,0,1195,1200,0
7.239,1228,1192,0,1202,1200,0
7.247,1225,1192,0,1195,1200,0
7.255,1232,1192,0,1197,1200,0
7.266,1233,1192,41,1199,1200,0
7.275,1243,1192,51,1198,1200,0
7.286,1245,1192,53,1199,1200,0
7.297,1258,1192,66,1201,1200,0
7.308,1272,1192,80,1200,1200,0
7.319,1275,1192,83,1202,1200,0
7.328,1281,1192,89,1200,1200,0
7.337,1287,1192,95,1199,1200,0
7.344,1289,1192,97,1203,1200,0
7.354,1287,1192,95,1204,1200,0
7.363,1285,1192,93,1198,1200,0
7.371,1284,1192,92,1198,1200,0
7.378,1283,1192,91,1203,1200,0
7.385,1280,1192,88,1198,1200,0
7.393,1278,1192,86,1205,1200,0
7.401,1270,1192,78,1203,1200,0
7.408,1271,1192,79,1200,1200,0
7.415,1266,1192,74,1200,1200,0
7.422,1260,1192,68,1198,1200,0
7.43,1263,1192,71,1201,1200,0
7.437,1262,1192,70,1200,1200,0
7.443,1266,1192,74,1199,1200,0
7.451,1269,1192,77,1200,1200,0
7.46,1275,1192,83,1198,1200,0
7.468,1275,1192,83,1202,1200,0
7.476,1291,1192,99,1197,1200,0
7.483,1299,1192,107,1199,1200,0
7.491,1308,1192,116,1202,1200,0
7.498,1323,1192,131,1201,1200,0
7.505,1335,1192,143,1202,1200,0
7.513,1343,1192,151,1197,1200,0
7.522,1355,1192,163,1201,1200,0
7.53,1372,1192,180,1200,1200,0
7.542,1386,1192,194,1205,1200,0
7.55,1386,1192,194,1204,1200,0
7.558,1395,1192,203,1199,1200,0
7.566,1394,1192,202,1200,1200,0
7.577,1399,1192,207,1207,1200,0
7.587,1401,1192,209,1202,1200,0
7.594,1406,1192,214,1195,1200,0
7.604,1408,1192,216,1198,1200,0
7.612,1409,1192,217,1203,1200,0
7.622,1407,1192,215,1196,1200,0
7.632,1406,1192,214,1202,1200,0
7.641,1411,1192,219,1198,1200,0
7.65,1412,1192,220,1201,1200,0
7.66,1408,1192,216,1199,1200,0
7.671,1406,1192,214,1206,1200,0
7.683,1410,1192,218,1196,1200,0
7.694,1408,1192,216,1199,1200,0
7.702,1404,1192,212,1199,1200,0
7.713,1406,1192,214,1199,1200,0
7.725,1398,1192,206,1204,1200,0
7.737,1386,1192,194,1204,1200,0
7.749,1342,1192,150,1202,1200,0
7.761,1263,1192,71,1201,1200,0
7.771,1217,1192,0,1199,1200,0
7.782,1193,1192,0,1199,1200,0
7.793,1184,1192,0,1194,1200,0
7.805,1189,1192,0,1199,1200,0
7.814,1178,1192,0,1206,1200,0
7.824,1183,1192,0,1203,1200,0
7.836,1177,1192,0,1208,1200,0
7.849,1186,1192,0,1202,1200,0
7.862,1181,1192,0,1197,1200,0
7.873,1184,1192,0,1201,1200,0
7.884,1182,1192,0,1202,1200,0
7.895,1189,1192,0,1198,1200,0
7.907,1187,1192,0,1198,1200,0
7.92,1189,1192,0,1198,1200,0
7.926,1181,1192,0,1199,1200,0
7.935,1182,1192,0,1198,1200,0
7.945,1177,1192,0,1198,1200,0
7.954,1182,1192,0,1203,1200,0
7.964,1182,1192,0,1197,1200,0
7.973,1183,1192,0,1199,1200,0
7.984,1183,1192,0,1203,1200,0
7.994,1184,1192,0,1206,1200,0
8.003,1183,1192,0,1201,1200,0
8.013,1182,1192,0,1200,1200,0
8.023,1185,1192,0,1209,1200,0
8.033,1188,1192,0,1207,1200,0
8.042,1190,1192,0,1198,1200,0
8.052,1185,1192,0,1201,1200,0
8.062,1186,1191,0,1206,1200,0
8.071,1185,1191,0,1196,1200,0
8.081,1182,1191,0,1200,1200,0
8.09,1182,1191,0,1208,1200,0
8.1,1188,1191,0,1199,1200,0
8.11,1187,1191,0,1204,1200,0
8.118,1184,1191,0,1195,1200,0
8.126,1187,1191,0,1205,1200,0
8.136,1188,1191,0,1200,1200,0
8.145,1188,1191,0,1202,1200,0
8.155,1189,1191,0,1198,1200,0
8.164,1196,1191,0,1198,1200,0
8.175,1196,1191,0,1199,1200,0
8.185,1189,1191,0,1199,1200,0
8.195,1192,1191,0,1202,1200,0
8.206,1191,1191,0,1203,1200,0
8.216,1189,1191,0,1205,1200,0
8.226,1190,1191,0,1199,1200,0
8.235,1191,1191,0,1202,1200,0
8.243,1193,1191,0,1196,1200,0
8.252,1195,1191,0,1197,1200,0
8.262,1192,1191,0,1201,1200,0
8.271,1189,1191,0,1198,1200,0
8.279,1196,1191,0,1197,1200,0
8.287,1192,1191,0,1199,1200,0
8.295,1190,1191,0,1198,1200,0
8.303,1192,1191,0,1196,1200,0
8.312,1187,1191,0,1193,1200,0
8.319,1191,1191,0,1196,1200,0
8.328,1194,1191,0,1199,1200,0
8.336,1197,1191,0,1194,1200,0
8.346,1197,1191,0,1201,1200,0
8.355,1195,1191,0,1200,1200,0
8.364,1189,1191,0,1203,1200,0
8.373,1191,1191,0,1200,1200,0
8.383,1191,1191,0,1208,1200,0
8.395,1204,1191,0,1207,1200,0
8.407,1198,1191,0,1200,1200,0
8.419,1194,1191,0,1206,1200,0
8.43,1202,1191,0,1202,1200,0
8.443,1202,1191,0,1201,1200,0
8.452,1202,1191,0,1195,1200,0
8.462,1208,1192,0,1204,1200,0
8.472,1208,1192,0,1201,1200,0
8.481,1210,1192,0,1197,1200,0
8.491,1217,1192,0,1198,1200,0
8.499,1224,1192,0,1204,1200,0
8.509,1226,1192,0,1202,1200,0
8.52,1233,1192,41,1200,1200,0
8.529,1233,1192,41,1201,1200,0
8.541,1235,1192,43,1197,1200,0
8.551,1242,1192,50,1203,1200,0
8.561,1239,1192,47,1196,1200,0
8.572,1239,1192,47,1206,1200,0
8.582,1244,1192,52,1200,1200,0
8.591,1247,1192,55,1208,1200,0
8.599,1247,1192,55,1196,1200,0
8.61,1259,1192,67,1206,1200,0
8.618,1284,1192,92,1199,1200,0
8.631,1287,1192,95,1202,1200,0
8.643,1313,1192,121,1197,1200,0
8.654,1327,1192,135,1203,1200,0
8.665,1345,1192,153,1200,1200,0
8.677,1360,1192,168,1198,1200,0
8.686,1377,1192,185,1199,1200,0
8.696,1382,1192,190,1205,1200,0
8.707,1384,1192,192,1204,1200,0
8.719,1387,1192,195,1199,1200,0
8.73,1391,1192,199,1202,1200,0
8.74,1387,1192,195,1201,1200,0
8.752,1392,1192,200,1201,1200,0
8.764,1390,1192,198,1200,1200,0
8.775,1386,1192,194,1200,1200,0
8.788,1378,1192,186,1204,1200,0
8.796,1370,1192,178,1202,1200,0
8.805,1346,1192,154,1203,1200,0
8.813,1320,1192,128,1202,1200,0
8.823,1275,1192,83,1202,1200,0
8.834,1228,1192,0,1202,1200,0
8.844,1201,1192,0,1198,1200,0
8.856,1196,1192,0,1196,1200,0
8.867,1193,1192,0,1197,1200,0
8.879,1191,1192,0,1194,1200,0
8.89,1188,1192,0,1196,1200,0
8.899,1189,1192,0,1198,1200,0
8.908,1185,1192,0,1203,1200,0
8.917,1189,1192,0,1203,1200,0
8.927,1187,1192,0,1200,1200,0
8.934,1190,1192,0,1197,1200,0
8.942,1187,1192,0,1202,1200,0
8.951,1187,1192,0,1201,1200,0
8.96,1189,1192,0,1200,1200,0
8.971,1188,1192,0,1202,1200,0
8.981,1185,1192,0,1199,1200,0
8.993,1189,1192,0,1205,1200,0
9.003,1190,1192,0,1200,1200,0
9.012,1192,1192,0,1202,1200,0
9.021,1193,1192,0,1201,1200,0
9.032,1200,1192,0,1200,1200,0
9.042,1210,1192,0,1205,1200,0
9.053,1283,1192,91,1203,1200,0
9.065,1383,1192,191,1205,1200,0
9.074,1388,1192,196,1200,1200,0
9.087,1395,1192,203,1203,1200,0
9.096,1397,1192,205,1197,1200,0
9.108,1403,1192,211,1203,1200,0
9.118,1402,1192,210,1199,1200,0
9.128,1398,1192,206,1196,1200,0
9.139,1394,1192,202,1202,1200,0
9.15,1387,1192,195,1202,1200,0
9.16,1377,1192,185,1196,1200,0
9.174,1360,1192,168,1201,1200,0
9.184,1326,1192,134,1202,1200,0
9.195,1274,1192,82,1199,1200,0
9.206,1231,1192,0,1203,1200,0
9.217,1215,1192,0,1208,1200,0
9.228,1205,1192,0,1197,1200,0
9.237,1200,1192,0,1199,1200,0
9.247,1202,1192,0,1201,1200,0
9.258,1199,1192,0,1195,1200,0
9.266,1202,1192,0,1207,1200,0
9.274,1193,1192,0,1197,1200,0
9.282,1201,1192,0,1199,1200,0
9.292,1198,1192,0,1206,1200,0
9.302,1198,1192,0,1205,1200,0
9.312,1196,1192,0,1201,1200,0
9.323,1197,1192,0,1193,1200,0
9.335,1196,1193,0,1200,1200,0
9.344,1191,1192,0,1197,1200,0
9.355,1196,1193,0,1197,1200,0
9.366,1194,1193,0,1199,1200,0
9.376,1191,1192,0,1202,1200,0
9.386,1196,1193,0,1206,1200,0
9.398,1190,1192,0,1204,1200,0
9.41,1189,1192,0,1204,1200,0
9.423,1191,1192,0,1199,1200,0
9.434,1191,1192,0,1194,1200,0
9.445,1187,1192,0,1200,1200,0
9.454,1194,1192,0,1203,1200,0
9.463,1188,1192,0,1205,1200,0
9.472,1193,1192,0,1206,1200,0
9.483,1187,1192,0,1196,1200,0
9.494,1188,1192,0,1199,1200,0
9.504,1186,1192,0,1202,1200,0
9.512,1183,1192,0,1203,1200,0
9.522,1186,1192,0,1199,1200,0
9.528,1187,1192,0,1201,1200,0
9.536,1188,1192,0,1203,1200,0
9.542,1186,1192,0,1201,1200,0
9.549,1185,1192,0,1201,1200,0
9.557,1189,1192,0,1193,1200,0
9.565,1191,1192,0,1199,1200,0
9.573,1190,1192,0,1208,1200,0
9.58,1184,1192,0,1208,1200,0
9.587,1185,1192,0,1201,1200,0
9.594,1190,1192,0,1204,1200,0
9.602,1183,1192,0,1206,1200,0
9.61,1184,1192,0,1205,1200,0
9.618,1189,1192,0,1206,1200,0
9.626,1183,1192,0,1202,1200,0
9.634,1182,1192,0,1207,1200,0
9.641,1184,1192,0,1201,1200,0
9.649,1184,1192,0,1206,1200,0
9.656,1185,1192,0,1203,1200,0
