Time (seconds), Duration (seconds),pred_unlabelled,pred_baby_cry
0.00000,0.62194,0.99999,0.00001
0.33000,0.62194,0.99999,0.00001
0.66000,0.62194,0.99991,0.00009
0.99000,0.62194,0.99999,0.00001
1.32000,0.62194,0.99997,0.00003
1.65000,0.62194,1.00000,0.00000
1.98000,0.62194,0.99999,0.00001
2.31000,0.62194,1.00000,0.00000
2.64000,0.62194,1.00000,0.00000
2.97000,0.62194,1.00000,0.00000
3.30000,0.62194,1.00000,0.00000
3.63000,0.62194,0.99998,0.00002
3.96000,0.62194,1.00000,0.00000
4.29000,0.62194,1.00000,0.00000
4.62000,0.62194,1.00000,0.00000
4.95000,0.62194,1.00000,0.00000
5.28000,0.62194,1.00000,0.00000
5.61000,0.62194,1.00000,0.00000
5.94000,0.62194,1.00000,0.00000
6.27000,0.62194,1.00000,0.00000
6.60000,0.62194,1.00000,0.00000
6.93000,0.62194,1.00000,0.00000
7.26000,0.62194,1.00000,0.00000
7.59000,0.62194,1.00000,0.00000
7.92000,0.62194,1.00000,0.00000
8.25000,0.62194,0.99972,0.00028
8.58000,0.62194,0.99999,0.00001
8.91000,0.62194,1.00000,0.00000
9.24000,0.62194,1.00000,0.00000
9.57000,0.62194,0.99998,0.00002
9.90000,0.62194,1.00000,0.00000
10.23000,0.62194,0.99997,0.00003
10.56000,0.62194,0.99999,0.00001
10.89000,0.62194,0.99996,0.00004
11.22000,0.62194,0.99983,0.00017
11.55000,0.62194,0.99976,0.00024
11.88000,0.62194,1.00000,0.00000
12.21000,0.62194,1.00000,0.00000
12.54000,0.62194,1.00000,0.00000
12.87000,0.62194,1.00000,0.00000
13.20000,0.62194,0.99994,0.00006
13.53000,0.62194,0.99989,0.00011
13.86000,0.62194,0.99995,0.00005
14.19000,0.62194,0.99999,0.00001
14.52000,0.62194,0.99997,0.00003
14.85000,0.62194,0.99856,0.00144
15.18000,0.62194,1.00000,0.00000
15.51000,0.62194,1.00000,0.00000
15.84000,0.62194,1.00000,0.00000
16.17000,0.62194,1.00000,0.00000
16.50000,0.62194,0.99951,0.00049
16.83000,0.62194,0.99986,0.00014
17.16000,0.62194,0.99994,0.00006
17.49000,0.62194,0.99994,0.00006
17.82000,0.62194,0.99832,0.00168
18.15000,0.62194,0.98890,0.01110
18.48000,0.62194,1.00000,0.00000
18.81000,0.62194,1.00000,0.00000
19.14000,0.62194,1.00000,0.00000
19.47000,0.62194,1.00000,0.00000
19.80000,0.62194,1.00000,0.00000
20.13000,0.62194,1.00000,0.00000
20.46000,0.62194,1.00000,0.00000
20.79000,0.62194,1.00000,0.00000
21.12000,0.62194,1.00000,0.00000
21.45000,0.62194,1.00000,0.00000
21.78000,0.62194,1.00000,0.00000
22.11000,0.62194,0.99999,0.00001
22.44000,0.62194,1.00000,0.00000
22.77000,0.62194,1.00000,0.00000
23.10000,0.62194,0.99937,0.00063
23.43000,0.62194,0.99988,0.00012
23.76000,0.62194,1.00000,0.00000
24.09000,0.62194,1.00000,0.00000
24.42000,0.62194,1.00000,0.00000
24.75000,0.62194,1.00000,0.00000
25.08000,0.62194,1.00000,0.00000
25.41000,0.62194,1.00000,0.00000
25.74000,0.62194,1.00000,0.00000
26.07000,0.62194,0.99896,0.00104
26.40000,0.62194,1.00000,0.00000
26.73000,0.62194,1.00000,0.00000
27.06000,0.62194,1.00000,0.00000
27.39000,0.62194,1.00000,0.00000
27.72000,0.62194,1.00000,0.00000
28.05000,0.62194,1.00000,0.00000
28.38000,0.62194,1.00000,0.00000
28.71000,0.62194,1.00000,0.00000
29.04000,0.62194,1.00000,0.00000
29.37000,0.62194,0.99996,0.00004
29.70000,0.62194,0.99801,0.00199
30.03000,0.62194,0.99980,0.00020
30.36000,0.62194,1.00000,0.00000
30.69000,0.62194,1.00000,0.00000
31.02000,0.62194,1.00000,0.00000
31.35000,0.62194,1.00000,0.00000
31.68000,0.62194,0.99934,0.00066
32.01000,0.62194,0.99999,0.00001
32.34000,0.62194,1.00000,0.00000
32.67000,0.62194,1.00000,0.00000
33.00000,0.62194,1.00000,0.00000
33.33000,0.62194,0.99997,0.00003
33.66000,0.62194,0.99933,0.00067
33.99000,0.62194,0.99998,0.00002
34.32000,0.62194,1.00000,0.00000
34.65000,0.62194,1.00000,0.00000
34.98000,0.62194,1.00000,0.00000
35.31000,0.62194,1.00000,0.00000
35.64000,0.62194,1.00000,0.00000
35.97000,0.62194,1.00000,0.00000
36.30000,0.62194,1.00000,0.00000
36.63000,0.62194,1.00000,0.00000
36.96000,0.62194,1.00000,0.00000
37.29000,0.62194,1.00000,0.00000
37.62000,0.62194,1.00000,0.00000
37.95000,0.62194,1.00000,0.00000
38.28000,0.62194,0.99987,0.00013
38.61000,0.62194,1.00000,0.00000
38.94000,0.62194,1.00000,0.00000
39.27000,0.62194,1.00000,0.00000
39.60000,0.62194,1.00000,0.00000
39.93000,0.62194,1.00000,0.00000
40.26000,0.62194,1.00000,0.00000
40.59000,0.62194,1.00000,0.00000
40.92000,0.62194,1.00000,0.00000
41.25000,0.62194,1.00000,0.00000
41.58000,0.62194,1.00000,0.00000
41.91000,0.62194,1.00000,0.00000
42.24000,0.62194,1.00000,0.00000
42.57000,0.62194,1.00000,0.00000
42.90000,0.62194,1.00000,0.00000
43.23000,0.62194,1.00000,0.00000
43.56000,0.62194,0.99992,0.00008
43.89000,0.62194,0.97641,0.02359
44.22000,0.62194,1.00000,0.00000
44.55000,0.62194,1.00000,0.00000
44.88000,0.62194,1.00000,0.00000
45.21000,0.62194,1.00000,0.00000
45.54000,0.62194,1.00000,0.00000
45.87000,0.62194,1.00000,0.00000
46.20000,0.62194,1.00000,0.00000
46.53000,0.62194,1.00000,0.00000
46.86000,0.62194,1.00000,0.00000
47.19000,0.62194,1.00000,0.00000
47.52000,0.62194,1.00000,0.00000
47.85000,0.62194,1.00000,0.00000
48.18000,0.62194,1.00000,0.00000
48.51000,0.62194,1.00000,0.00000
48.84000,0.62194,1.00000,0.00000
49.17000,0.62194,1.00000,0.00000
49.50000,0.62194,1.00000,0.00000
49.83000,0.62194,1.00000,0.00000
50.16000,0.62194,1.00000,0.00000
50.49000,0.62194,0.99999,0.00001
50.82000,0.62194,1.00000,0.00000
51.15000,0.62194,1.00000,0.00000
51.48000,0.62194,1.00000,0.00000
51.81000,0.62194,1.00000,0.00000
52.14000,0.62194,0.99999,0.00001
52.47000,0.62194,0.99974,0.00026
52.80000,0.62194,0.99920,0.00080
53.13000,0.62194,1.00000,0.00000
53.46000,0.62194,1.00000,0.00000
53.79000,0.62194,1.00000,0.00000
54.12000,0.62194,0.99998,0.00002
54.45000,0.62194,1.00000,0.00000
54.78000,0.62194,1.00000,0.00000
55.11000,0.62194,1.00000,0.00000
55.44000,0.62194,1.00000,0.00000
55.77000,0.62194,1.00000,0.00000
56.10000,0.62194,1.00000,0.00000
56.43000,0.62194,1.00000,0.00000
56.76000,0.62194,0.99996,0.00004
57.09000,0.62194,1.00000,0.00000
57.42000,0.62194,1.00000,0.00000
57.75000,0.62194,0.99998,0.00002
58.08000,0.62194,1.00000,0.00000
58.41000,0.62194,0.99992,0.00008
58.74000,0.62194,0.99990,0.00010
59.07000,0.62194,0.99997,0.00003
59.40000,0.62194,0.99981,0.00019
59.73000,0.62194,0.99702,0.00298
60.06000,0.62194,1.00000,0.00000
60.39000,0.62194,1.00000,0.00000
60.72000,0.62194,1.00000,0.00000
61.05000,0.62194,1.00000,0.00000
61.38000,0.62194,1.00000,0.00000
61.71000,0.62194,1.00000,0.00000
62.04000,0.62194,0.99994,0.00006
62.37000,0.62194,0.99999,0.00001
62.70000,0.62194,1.00000,0.00000
63.03000,0.62194,1.00000,0.00000
63.36000,0.62194,1.00000,0.00000
63.69000,0.62194,1.00000,0.00000
64.02000,0.62194,1.00000,0.00000
64.35000,0.62194,1.00000,0.00000
64.68000,0.62194,1.00000,0.00000
65.01000,0.62193,0.99999,0.00001
65.34000,0.62194,1.00000,0.00000
65.67000,0.62194,1.00000,0.00000
66.00000,0.62194,1.00000,0.00000
66.33000,0.62193,1.00000,0.00000
66.66000,0.62193,1.00000,0.00000
66.99000,0.62194,1.00000,0.00000
67.32000,0.62194,1.00000,0.00000
67.65000,0.62193,1.00000,0.00000
67.98000,0.62193,1.00000,0.00000
68.31000,0.62194,1.00000,0.00000
68.64000,0.62194,0.99999,0.00001
68.97000,0.62193,1.00000,0.00000
69.30000,0.62193,1.00000,0.00000
69.63000,0.62194,1.00000,0.00000
69.96000,0.62194,1.00000,0.00000
70.29000,0.62193,1.00000,0.00000
70.62000,0.62193,1.00000,0.00000
70.95000,0.62194,1.00000,0.00000
71.28000,0.62194,1.00000,0.00000
71.61000,0.62194,1.00000,0.00000
71.94000,0.62193,1.00000,0.00000
72.27000,0.62194,1.00000,0.00000
72.60000,0.62194,1.00000,0.00000
72.93000,0.62194,0.99999,0.00001
73.26000,0.62193,1.00000,0.00000
73.59000,0.62194,1.00000,0.00000
73.92000,0.62194,1.00000,0.00000
74.25000,0.62194,1.00000,0.00000
74.58000,0.62193,1.00000,0.00000
74.91000,0.62193,1.00000,0.00000
75.24000,0.62194,1.00000,0.00000
75.57000,0.62194,1.00000,0.00000
75.90000,0.62193,1.00000,0.00000
76.23000,0.62193,1.00000,0.00000
76.56000,0.62194,1.00000,0.00000
76.89000,0.62194,0.99998,0.00002
77.22000,0.62193,1.00000,0.00000
77.55000,0.62193,1.00000,0.00000
77.88000,0.62194,1.00000,0.00000
78.21000,0.62194,1.00000,0.00000
78.54000,0.62193,1.00000,0.00000
78.87000,0.62193,1.00000,0.00000
79.20000,0.62194,1.00000,0.00000
79.53000,0.62194,1.00000,0.00000
79.86000,0.62194,1.00000,0.00000
80.19000,0.62193,0.99998,0.00002
80.52000,0.62194,0.99999,0.00001
80.85000,0.62194,1.00000,0.00000
81.18000,0.62194,0.99977,0.00023
81.51000,0.62193,1.00000,0.00000
81.84000,0.62194,1.00000,0.00000
82.17000,0.62194,0.99995,0.00005
82.50000,0.62194,1.00000,0.00000
82.83000,0.62193,1.00000,0.00000
83.16000,0.62193,1.00000,0.00000
83.49000,0.62194,1.00000,0.00000
83.82000,0.62194,1.00000,0.00000
84.15000,0.62193,1.00000,0.00000
84.48000,0.62193,1.00000,0.00000
84.81000,0.62194,1.00000,0.00000
85.14000,0.62194,1.00000,0.00000
85.47000,0.62193,1.00000,0.00000
85.80000,0.62193,1.00000,0.00000
86.13000,0.62194,1.00000,0.00000
86.46000,0.62194,1.00000,0.00000
86.79000,0.62193,1.00000,0.00000
87.12000,0.62193,1.00000,0.00000
87.45000,0.62194,0.99999,0.00001
87.78000,0.62194,1.00000,0.00000
88.11000,0.62194,1.00000,0.00000
88.44000,0.62193,1.00000,0.00000
88.77000,0.62194,1.00000,0.00000
89.10000,0.62194,1.00000,0.00000
89.43000,0.62194,1.00000,0.00000
89.76000,0.62193,1.00000,0.00000
90.09000,0.62194,1.00000,0.00000
90.42000,0.62194,1.00000,0.00000
90.75000,0.62194,1.00000,0.00000
91.08000,0.62193,1.00000,0.00000
91.41000,0.62193,1.00000,0.00000
91.74000,0.62194,1.00000,0.00000
92.07000,0.62194,0.99999,0.00001
92.40000,0.62193,0.99812,0.00188
92.73000,0.62193,1.00000,0.00000
93.06000,0.62194,1.00000,0.00000
93.39000,0.62194,1.00000,0.00000
93.72000,0.62193,1.00000,0.00000
94.05000,0.62193,1.00000,0.00000
94.38000,0.62194,1.00000,0.00000
94.71000,0.62194,1.00000,0.00000
95.04000,0.62193,0.99599,0.00401
95.37000,0.62193,0.99985,0.00015
95.70000,0.62194,1.00000,0.00000
96.03000,0.62194,1.00000,0.00000
96.36000,0.62194,1.00000,0.00000
96.69000,0.62193,1.00000,0.00000
97.02000,0.62194,1.00000,0.00000
97.35000,0.62194,1.00000,0.00000
97.68000,0.62194,0.99986,0.00014
98.01000,0.62193,0.99950,0.00050
98.34000,0.62194,0.99998,0.00002
98.67000,0.62194,0.99653,0.00347
99.00000,0.62194,0.99995,0.00005
99.33000,0.62193,0.99982,0.00018
99.66000,0.62193,0.99995,0.00005
99.99000,0.62194,0.99958,0.00042
100.32000,0.62194,0.99955,0.00045
100.65000,0.62193,0.99973,0.00027
100.98000,0.62193,0.99998,0.00002
101.31000,0.62194,0.99975,0.00025
101.64000,0.62194,0.99989,0.00011
101.97000,0.62193,0.99999,0.00001
102.30000,0.62193,1.00000,0.00000
102.63000,0.62194,1.00000,0.00000
102.96000,0.62194,1.00000,0.00000
103.29000,0.62193,1.00000,0.00000
103.62000,0.62193,1.00000,0.00000
103.95000,0.62194,1.00000,0.00000
104.28000,0.62194,1.00000,0.00000
104.61000,0.62194,1.00000,0.00000
104.94000,0.62193,1.00000,0.00000
105.27000,0.62194,0.99675,0.00325
105.60000,0.62194,0.99997,0.00003
105.93000,0.62194,1.00000,0.00000
106.26000,0.62193,1.00000,0.00000
106.59000,0.62194,1.00000,0.00000
106.92000,0.62194,0.99997,0.00003
107.25000,0.62194,1.00000,0.00000
107.58000,0.62193,1.00000,0.00000
107.91000,0.62193,0.99941,0.00059
108.24000,0.62194,0.99996,0.00004
108.57000,0.62194,0.99991,0.00009
108.90000,0.62193,0.99995,0.00005
109.23000,0.62193,1.00000,0.00000
109.56000,0.62194,1.00000,0.00000
109.89000,0.62194,1.00000,0.00000
110.22000,0.62193,1.00000,0.00000
110.55000,0.62193,1.00000,0.00000
110.88000,0.62194,0.99395,0.00605
