Time (seconds), Duration (seconds),pred_unlabelled,pred_Air,pred_Floor,pred_Carpet
0.00000,2.02194,0.00046,0.00026,0.99921,0.00007
0.10000,2.02194,0.00051,0.00029,0.99913,0.00007
0.20000,2.02194,0.00054,0.00029,0.99909,0.00008
0.30000,2.02194,0.00061,0.00035,0.99894,0.00010
0.40000,2.02194,0.00058,0.00032,0.99901,0.00009
0.50000,2.02194,0.00054,0.00032,0.99906,0.00008
0.60000,2.02194,0.00045,0.00026,0.99924,0.00006
0.70000,2.02194,0.00039,0.00021,0.99935,0.00005
0.80000,2.02194,0.00037,0.00023,0.99935,0.00005
0.90000,2.02194,0.00041,0.00023,0.99930,0.00006
1.00000,2.02194,0.00041,0.00027,0.99926,0.00006
1.10000,2.02194,0.00044,0.00028,0.99920,0.00007
1.20000,2.02194,0.00050,0.00034,0.99907,0.00008
1.30000,2.02194,0.00054,0.00033,0.99904,0.00009
1.40000,2.02194,0.00053,0.00032,0.99905,0.00009
1.50000,2.02194,0.00051,0.00026,0.99916,0.00008
1.60000,2.02194,0.00054,0.00028,0.99909,0.00009
1.70000,2.02194,0.00057,0.00029,0.99903,0.00010
1.80000,2.02194,0.00073,0.00045,0.99868,0.00014
1.90000,2.02194,0.00073,0.00045,0.99868,0.00014
2.00000,2.02194,0.00077,0.00052,0.99856,0.00016
2.10000,2.02194,0.00077,0.00049,0.99859,0.00016
2.20000,2.02194,0.00101,0.00085,0.99792,0.00021
2.30000,2.02194,0.00099,0.00078,0.99804,0.00020
2.40000,2.02194,0.00098,0.00075,0.99807,0.00020
2.50000,2.02194,0.00092,0.00080,0.99810,0.00018
2.60000,2.02194,0.00104,0.00102,0.99772,0.00022
2.70000,2.02194,0.00104,0.00100,0.99773,0.00023
2.80000,2.02194,0.00128,0.00113,0.99732,0.00027
2.90000,2.02194,0.00133,0.00120,0.99721,0.00027
3.00000,2.02194,0.00154,0.00170,0.99643,0.00033
3.10000,2.02194,0.00154,0.00164,0.99649,0.00032
3.20000,2.02194,0.00164,0.00210,0.99589,0.00037
3.30000,2.02194,0.00141,0.00181,0.99644,0.00034
3.40000,2.02194,0.00139,0.00194,0.99631,0.00035
3.50000,2.02194,0.00135,0.00185,0.99645,0.00035
3.60000,2.02194,0.00153,0.00204,0.99603,0.00040
3.70000,2.02194,0.00135,0.00162,0.99671,0.00031
3.80000,2.02194,0.00139,0.00122,0.99709,0.00030
3.90000,2.02194,0.00147,0.00132,0.99689,0.00032
4.00000,2.02194,0.00150,0.00135,0.99682,0.00034
4.10000,2.02194,0.00139,0.00129,0.99700,0.00032
4.20000,2.02194,0.00136,0.00113,0.99721,0.00030
4.30000,2.02194,0.00117,0.00102,0.99755,0.00026
4.40000,2.02194,0.00118,0.00089,0.99766,0.00027
4.50000,2.02194,0.00106,0.00075,0.99794,0.00025
4.60000,2.02194,0.00130,0.00095,0.99743,0.00032
4.70000,2.02194,0.00128,0.00090,0.99753,0.00030
4.80000,2.02194,0.00135,0.00086,0.99748,0.00031
4.90000,2.02194,0.00137,0.00084,0.99748,0.00031
5.00000,2.02194,0.00136,0.00082,0.99750,0.00031
5.10000,2.02194,0.00148,0.00086,0.99735,0.00030
5.20000,2.02194,0.00149,0.00089,0.99732,0.00030
5.30000,2.02194,0.00194,0.00122,0.99648,0.00036
5.40000,2.02194,0.00182,0.00101,0.99681,0.00035
5.50000,2.02194,0.00192,0.00115,0.99659,0.00035
5.60000,2.02194,0.00180,0.00133,0.99652,0.00035
5.70000,2.02194,0.00222,0.00193,0.99538,0.00047
5.80000,2.02194,0.00207,0.00216,0.99527,0.00050
5.90000,2.02194,0.00167,0.00145,0.99654,0.00035
6.00000,2.02194,0.00147,0.00137,0.99684,0.00032
6.10000,2.02194,0.00158,0.00132,0.99677,0.00033
6.20000,2.02194,0.00127,0.00108,0.99739,0.00027
6.30000,2.02194,0.00152,0.00124,0.99695,0.00029
6.40000,2.02194,0.00147,0.00128,0.99694,0.00031
6.50000,2.02194,0.00148,0.00113,0.99709,0.00031
6.60000,2.02194,0.00101,0.00076,0.99802,0.00021
6.70000,2.02194,0.00100,0.00067,0.99814,0.00019
6.80000,2.02194,0.00083,0.00063,0.99838,0.00016
6.90000,2.02194,0.00099,0.00077,0.99805,0.00019
7.00000,2.02194,0.00101,0.00075,0.99803,0.00021
7.10000,2.02194,0.00086,0.00062,0.99835,0.00017
7.20000,2.02194,0.00082,0.00063,0.99838,0.00017
7.30000,2.02194,0.00101,0.00085,0.99792,0.00022
7.40000,2.02194,0.00107,0.00118,0.99748,0.00026
7.50000,2.02194,0.00107,0.00115,0.99754,0.00025
7.60000,2.02194,0.00101,0.00099,0.99777,0.00024
7.70000,2.02194,0.00076,0.00065,0.99844,0.00016
7.80000,2.02194,0.00064,0.00044,0.99879,0.00013
7.90000,2.02194,0.00083,0.00061,0.99839,0.00017
8.00000,2.02194,0.00086,0.00072,0.99824,0.00018
8.10000,2.02194,0.00088,0.00069,0.99827,0.00016
8.20000,2.02194,0.00084,0.00067,0.99832,0.00017
8.30000,2.02194,0.00106,0.00095,0.99777,0.00022
8.40000,2.02194,0.00098,0.00093,0.99787,0.00022
8.50000,2.02194,0.00097,0.00096,0.99786,0.00022
8.60000,2.02194,0.00111,0.00107,0.99756,0.00026
8.70000,2.02194,0.00116,0.00107,0.99750,0.00028
8.80000,2.02194,0.00101,0.00095,0.99779,0.00024
8.90000,2.02194,0.00100,0.00106,0.99770,0.00023
9.00000,2.02194,0.00093,0.00111,0.99774,0.00022
9.10000,2.02194,0.00101,0.00110,0.99766,0.00024
9.20000,2.02194,0.00099,0.00094,0.99784,0.00022
9.30000,2.02194,0.00080,0.00063,0.99839,0.00018
9.40000,2.02194,0.00070,0.00046,0.99871,0.00013
9.50000,2.02194,0.00074,0.00051,0.99859,0.00015
9.60000,2.02194,0.00098,0.00073,0.99810,0.00019
9.70000,2.02194,0.00100,0.00076,0.99803,0.00021
9.80000,2.02194,0.00104,0.00096,0.99776,0.00023
9.90000,2.02194,0.00105,0.00104,0.99765,0.00026
10.00000,2.02194,0.00110,0.00111,0.99753,0.00026
10.10000,2.02194,0.00121,0.00139,0.99706,0.00034
10.20000,2.02194,0.00129,0.00149,0.99690,0.00032
10.30000,2.02194,0.00128,0.00141,0.99698,0.00033
10.40000,2.02194,0.00154,0.00181,0.99626,0.00039
10.50000,2.02194,0.00141,0.00175,0.99646,0.00038
10.60000,2.02194,0.00138,0.00194,0.99632,0.00036
10.70000,2.02194,0.00136,0.00205,0.99621,0.00039
10.80000,2.02194,0.00143,0.00209,0.99611,0.00037
10.90000,2.02194,0.00113,0.00137,0.99720,0.00029
11.00000,2.02194,0.00122,0.00136,0.99711,0.00031
11.10000,2.02194,0.00087,0.00087,0.99804,0.00022
11.20000,2.02194,0.00099,0.00112,0.99766,0.00024
11.30000,2.02194,0.00090,0.00095,0.99793,0.00022
11.40000,2.02194,0.00088,0.00091,0.99801,0.00020
11.50000,2.02194,0.00069,0.00061,0.99855,0.00015
11.60000,2.02194,0.00070,0.00059,0.99857,0.00015
11.70000,2.02194,0.00059,0.00056,0.99872,0.00013
11.80000,2.02194,0.00080,0.00076,0.99828,0.00016
11.90000,2.02194,0.00066,0.00052,0.99870,0.00013
12.00000,2.02194,0.00070,0.00056,0.99861,0.00013
12.10000,2.02194,0.00069,0.00061,0.99856,0.00014
12.20000,2.02194,0.00064,0.00056,0.99868,0.00012
12.30000,2.02194,0.00052,0.00042,0.99895,0.00010
12.40000,2.02194,0.00067,0.00065,0.99853,0.00015
12.50000,2.02194,0.00066,0.00063,0.99855,0.00016
12.60000,2.02194,0.00064,0.00063,0.99859,0.00015
12.70000,2.02194,0.00065,0.00059,0.99861,0.00015
12.80000,2.02194,0.00088,0.00090,0.99801,0.00021
12.90000,2.02194,0.00089,0.00102,0.99786,0.00022
13.00000,2.02194,0.00098,0.00115,0.99762,0.00025
13.10000,2.02194,0.00105,0.00112,0.99758,0.00026
13.20000,2.02194,0.00087,0.00099,0.99791,0.00022
13.30000,2.02194,0.00080,0.00082,0.99817,0.00020
13.40000,2.02194,0.00075,0.00073,0.99834,0.00018
13.50000,2.02194,0.00076,0.00069,0.99836,0.00020
13.60000,2.02194,0.00078,0.00076,0.99827,0.00020
13.70000,2.02194,0.00081,0.00075,0.99824,0.00020
13.80000,2.02194,0.00070,0.00068,0.99845,0.00017
13.90000,2.02194,0.00081,0.00091,0.99806,0.00022
14.00000,2.02194,0.00082,0.00093,0.99804,0.00021
14.10000,2.02194,0.00077,0.00083,0.99820,0.00020
14.20000,2.02194,0.00067,0.00063,0.99855,0.00016
14.30000,2.02194,0.00059,0.00046,0.99883,0.00012
14.40000,2.02194,0.00045,0.00031,0.99915,0.00009
14.50000,2.02194,0.00046,0.00031,0.99915,0.00008
14.60000,2.02194,0.00047,0.00028,0.99916,0.00009
14.70000,2.02194,0.00036,0.00020,0.99937,0.00006
14.80000,2.02194,0.00033,0.00015,0.99947,0.00006
14.90000,2.02194,0.00036,0.00019,0.99939,0.00006
15.00000,2.02194,0.00031,0.00014,0.99950,0.00005
15.10000,2.02194,0.00028,0.00015,0.99952,0.00005
15.20000,2.02194,0.00036,0.00018,0.99941,0.00005
15.30000,2.02194,0.00038,0.00021,0.99934,0.00007
15.40000,2.02194,0.00049,0.00029,0.99914,0.00008
15.50000,2.02194,0.00051,0.00036,0.99903,0.00010
15.60000,2.02194,0.00050,0.00028,0.99913,0.00009
15.70000,2.02194,0.00050,0.00033,0.99906,0.00011
15.80000,2.02194,0.00048,0.00025,0.99918,0.00010
15.90000,2.02194,0.00042,0.00024,0.99924,0.00009
16.00000,2.02194,0.00029,0.00012,0.99953,0.00006
16.10000,2.02194,0.00025,0.00010,0.99960,0.00006
16.20000,2.02194,0.00026,0.00011,0.99957,0.00006
16.30000,2.02194,0.00030,0.00016,0.99946,0.00009
16.40000,2.02194,0.00029,0.00014,0.99950,0.00007
16.50000,2.02194,0.00028,0.00014,0.99951,0.00008
16.60000,2.02194,0.00030,0.00016,0.99946,0.00007
16.70000,2.02194,0.00033,0.00020,0.99938,0.00009
16.80000,2.02194,0.00031,0.00018,0.99943,0.00008
16.90000,2.02194,0.00026,0.00015,0.99952,0.00007
17.00000,2.02194,0.00029,0.00013,0.99951,0.00006
17.10000,2.02194,0.00033,0.00016,0.99942,0.00009
17.20000,2.02194,0.00027,0.00013,0.99953,0.00007
17.30000,2.02194,0.00027,0.00015,0.99951,0.00007
17.40000,2.02194,0.00022,0.00011,0.99962,0.00005
17.50000,2.02194,0.00020,0.00011,0.99964,0.00004
17.60000,2.02194,0.00023,0.00015,0.99957,0.00005
17.70000,2.02194,0.00026,0.00017,0.99952,0.00005
17.80000,2.02194,0.00027,0.00017,0.99951,0.00005
17.90000,2.02194,0.00026,0.00021,0.99947,0.00006
18.00000,2.02194,0.00030,0.00028,0.99935,0.00007
18.10000,2.02194,0.00037,0.00040,0.99915,0.00009
18.20000,2.02194,0.00038,0.00039,0.99914,0.00009
18.30000,2.02194,0.00039,0.00040,0.99911,0.00009
18.40000,2.02194,0.00044,0.00042,0.99902,0.00011
18.50000,2.02194,0.00047,0.00048,0.99894,0.00011
18.60000,2.02194,0.00048,0.00049,0.99891,0.00012
18.70000,2.02194,0.00048,0.00043,0.99897,0.00012
18.80000,2.02194,0.00044,0.00037,0.99908,0.00011
18.90000,2.02194,0.00048,0.00045,0.99894,0.00012
19.00000,2.02194,0.00050,0.00052,0.99885,0.00013
19.10000,2.02194,0.00050,0.00057,0.99880,0.00013
19.20000,2.02194,0.00052,0.00061,0.99872,0.00015
19.30000,2.02194,0.00056,0.00072,0.99857,0.00016
19.40000,2.02194,0.00065,0.00080,0.99837,0.00018
19.50000,2.02194,0.00077,0.00102,0.99799,0.00022
19.60000,2.02194,0.00071,0.00091,0.99819,0.00019
19.70000,2.02194,0.00082,0.00114,0.99783,0.00022
19.80000,2.02194,0.00077,0.00102,0.99799,0.00022
19.90000,2.02194,0.00064,0.00074,0.99846,0.00015
20.00000,2.02194,0.00061,0.00062,0.99863,0.00013
20.10000,2.02194,0.00053,0.00053,0.99884,0.00010
20.20000,2.02194,0.00057,0.00053,0.99879,0.00011
20.30000,2.02194,0.00056,0.00053,0.99880,0.00011
20.40000,2.02194,0.00059,0.00053,0.99876,0.00012
20.50000,2.02194,0.00047,0.00042,0.99902,0.00009
20.60000,2.02194,0.00050,0.00040,0.99901,0.00009
20.70000,2.02194,0.00044,0.00038,0.99910,0.00008
20.80000,2.02194,0.00041,0.00031,0.99920,0.00008
20.90000,2.02194,0.00039,0.00030,0.99923,0.00008
21.00000,2.02194,0.00050,0.00038,0.99902,0.00010
21.10000,2.02194,0.00049,0.00040,0.99900,0.00011
21.20000,2.02194,0.00057,0.00049,0.99883,0.00011
21.30000,2.02194,0.00046,0.00039,0.99905,0.00010
21.40000,2.02194,0.00053,0.00037,0.99898,0.00011
21.50000,2.02194,0.00050,0.00040,0.99900,0.00010
21.60000,2.02194,0.00052,0.00031,0.99906,0.00011
21.70000,2.02194,0.00036,0.00022,0.99934,0.00008
21.80000,2.02194,0.00045,0.00022,0.99923,0.00009
21.90000,2.02194,0.00041,0.00023,0.99927,0.00009
22.00000,2.02194,0.00048,0.00028,0.99914,0.00010
22.10000,2.02194,0.00054,0.00036,0.99896,0.00013
22.20000,2.02194,0.00053,0.00040,0.99895,0.00012
22.30000,2.02194,0.00051,0.00037,0.99900,0.00012
22.40000,2.02194,0.00045,0.00031,0.99914,0.00010
22.50000,2.02194,0.00042,0.00027,0.99922,0.00009
22.60000,2.02194,0.00042,0.00028,0.99922,0.00009
22.70000,2.02194,0.00044,0.00030,0.99917,0.00009
22.80000,2.02194,0.00054,0.00041,0.99894,0.00012
22.90000,2.02194,0.00054,0.00043,0.99891,0.00012
23.00000,2.02194,0.00055,0.00042,0.99891,0.00012
23.10000,2.02194,0.00052,0.00034,0.99903,0.00011
23.20000,2.02194,0.00049,0.00034,0.99907,0.00011
23.30000,2.02194,0.00047,0.00029,0.99913,0.00010
23.40000,2.02194,0.00050,0.00031,0.99908,0.00011
23.50000,2.02194,0.00037,0.00026,0.99930,0.00007
23.60000,2.02194,0.00041,0.00033,0.99917,0.00009
23.70000,2.02194,0.00036,0.00028,0.99929,0.00008
23.80000,2.02194,0.00040,0.00033,0.99917,0.00009
23.90000,2.02194,0.00041,0.00031,0.99920,0.00008
24.00000,2.02194,0.00051,0.00043,0.99895,0.00011
24.10000,2.02194,0.00039,0.00025,0.99928,0.00007
24.20000,2.02194,0.00042,0.00027,0.99922,0.00009
24.30000,2.02194,0.00038,0.00025,0.99929,0.00008
24.40000,2.02194,0.00042,0.00033,0.99916,0.00010
24.50000,2.02194,0.00047,0.00043,0.99899,0.00011
24.60000,2.02194,0.00051,0.00047,0.99890,0.00012
24.70000,2.02194,0.00052,0.00048,0.99887,0.00012
24.80000,2.02194,0.00054,0.00046,0.99887,0.00013
24.90000,2.02194,0.00056,0.00051,0.99880,0.00013
25.00000,2.02194,0.00049,0.00043,0.99897,0.00012
25.10000,2.02194,0.00049,0.00048,0.99892,0.00011
25.20000,2.02194,0.00054,0.00052,0.99882,0.00012
25.30000,2.02194,0.00052,0.00059,0.99877,0.00012
25.40000,2.02194,0.00050,0.00048,0.99889,0.00013
25.50000,2.02194,0.00048,0.00045,0.99895,0.00011
25.60000,2.02194,0.00053,0.00047,0.99887,0.00013
25.70000,2.02194,0.00056,0.00053,0.99878,0.00013
25.80000,2.02194,0.00055,0.00057,0.99876,0.00013
25.90000,2.02194,0.00054,0.00056,0.99877,0.00013
26.00000,2.02194,0.00044,0.00045,0.99901,0.00010
26.10000,2.02194,0.00046,0.00052,0.99890,0.00013
26.20000,2.02194,0.00048,0.00056,0.99883,0.00013
26.30000,2.02194,0.00049,0.00064,0.99873,0.00013
26.40000,2.02194,0.00065,0.00083,0.99833,0.00019
26.50000,2.02194,0.00059,0.00070,0.99853,0.00018
26.60000,2.02194,0.00067,0.00079,0.99833,0.00021
26.70000,2.02194,0.00067,0.00098,0.99813,0.00022
26.80000,2.02194,0.00075,0.00122,0.99778,0.00026
26.90000,2.02194,0.00084,0.00143,0.99745,0.00029
27.00000,2.02194,0.00086,0.00139,0.99742,0.00033
27.10000,2.02194,0.00087,0.00136,0.99745,0.00032
27.20000,2.02194,0.00081,0.00131,0.99756,0.00031
27.30000,2.02194,0.00078,0.00120,0.99773,0.00029
27.40000,2.02194,0.00094,0.00147,0.99722,0.00038
27.50000,2.02194,0.00101,0.00151,0.99708,0.00040
27.60000,2.02194,0.00092,0.00129,0.99742,0.00038
27.70000,2.02194,0.00088,0.00123,0.99754,0.00036
27.80000,2.02194,0.00081,0.00108,0.99777,0.00034
27.90000,2.02194,0.00086,0.00095,0.99788,0.00032
28.00000,2.02194,0.00091,0.00101,0.99772,0.00036
28.10000,2.02194,0.00085,0.00098,0.99788,0.00029
28.20000,2.02194,0.00079,0.00090,0.99801,0.00030
28.30000,2.02194,0.00093,0.00123,0.99749,0.00035
28.40000,2.02194,0.00079,0.00110,0.99782,0.00029
28.50000,2.02194,0.00078,0.00106,0.99790,0.00026
28.60000,2.02194,0.00080,0.00107,0.99783,0.00030
28.70000,2.02194,0.00069,0.00072,0.99838,0.00022
28.80000,2.02194,0.00065,0.00070,0.99845,0.00020
28.90000,2.02194,0.00053,0.00046,0.99886,0.00014
29.00000,2.02194,0.00054,0.00050,0.99882,0.00014
29.10000,2.02194,0.00060,0.00062,0.99861,0.00017
29.20000,2.02194,0.00060,0.00058,0.99864,0.00019
29.30000,2.02194,0.00051,0.00043,0.99892,0.00014
29.40000,2.02194,0.00044,0.00036,0.99908,0.00012
29.50000,2.02194,0.00044,0.00038,0.99905,0.00012
29.60000,2.02194,0.00056,0.00057,0.99869,0.00018
29.70000,2.02194,0.00051,0.00052,0.99881,0.00016
29.80000,2.02194,0.00059,0.00060,0.99860,0.00021
29.90000,2.02194,0.00050,0.00054,0.99880,0.00015
30.00000,2.02194,0.00052,0.00055,0.99875,0.00018
30.10000,2.02194,0.00055,0.00052,0.99876,0.00018
30.20000,2.02194,0.00057,0.00059,0.99863,0.00021
30.30000,2.02194,0.00051,0.00044,0.99886,0.00018
30.40000,2.02194,0.00046,0.00038,0.99900,0.00016
30.50000,2.02194,0.00049,0.00044,0.99891,0.00017
30.60000,2.02194,0.00049,0.00052,0.99882,0.00016
30.70000,2.02194,0.00055,0.00058,0.99868,0.00018
30.80000,2.02194,0.00057,0.00061,0.99860,0.00021
30.90000,2.02194,0.00057,0.00062,0.99860,0.00021
31.00000,2.02194,0.00053,0.00049,0.99880,0.00019
31.10000,2.02194,0.00055,0.00053,0.99874,0.00018
31.20000,2.02194,0.00053,0.00057,0.99872,0.00018
31.30000,2.02194,0.00060,0.00060,0.99860,0.00019
31.40000,2.02194,0.00058,0.00059,0.99864,0.00019
31.50000,2.02194,0.00061,0.00064,0.99857,0.00018
31.60000,2.02194,0.00049,0.00046,0.99892,0.00013
31.70000,2.02194,0.00057,0.00055,0.99871,0.00016
31.80000,2.02194,0.00057,0.00062,0.99862,0.00019
31.90000,2.02194,0.00063,0.00064,0.99853,0.00020
32.00000,2.02194,0.00060,0.00069,0.99853,0.00018
32.10000,2.02194,0.00068,0.00077,0.99835,0.00020
32.20000,2.02194,0.00067,0.00085,0.99828,0.00020
32.30000,2.02194,0.00068,0.00089,0.99822,0.00021
32.40000,2.02193,0.00112,0.00178,0.99673,0.00037
32.50000,2.02194,0.00106,0.00161,0.99696,0.00037
32.60000,2.02194,0.00107,0.00181,0.99675,0.00037
32.70000,2.02194,0.00116,0.00199,0.99641,0.00044
32.80000,2.02194,0.00117,0.00213,0.99630,0.00041
32.90000,2.02193,0.00144,0.00305,0.99495,0.00055
33.00000,2.02194,0.00135,0.00256,0.99562,0.00047
33.10000,2.02194,0.00135,0.00228,0.99585,0.00052
33.20000,2.02194,0.00147,0.00265,0.99533,0.00055
33.30000,2.02194,0.00132,0.00239,0.99579,0.00050
33.40000,2.02193,0.00128,0.00229,0.99595,0.00047
33.50000,2.02194,0.00137,0.00207,0.99606,0.00050
33.60000,2.02194,0.00135,0.00214,0.99601,0.00051
33.70000,2.02194,0.00119,0.00150,0.99691,0.00040
33.80000,2.02194,0.00095,0.00145,0.99729,0.00031
33.90000,2.02193,0.00094,0.00130,0.99743,0.00033
34.00000,2.02194,0.00101,0.00130,0.99737,0.00032
34.10000,2.02194,0.00084,0.00089,0.99802,0.00026
34.20000,2.02194,0.00084,0.00081,0.99811,0.00023
34.30000,2.02194,0.00072,0.00055,0.99853,0.00019
34.40000,2.02193,0.00042,0.00028,0.99920,0.00010
34.50000,2.02194,0.00046,0.00029,0.99914,0.00011
34.60000,2.02194,0.00040,0.00023,0.99928,0.00009
34.70000,2.02194,0.00038,0.00020,0.99934,0.00008
34.80000,2.02194,0.00033,0.00017,0.99943,0.00007
34.90000,2.02193,0.00038,0.00018,0.99936,0.00008
35.00000,2.02194,0.00040,0.00023,0.99929,0.00008
35.10000,2.02194,0.00046,0.00026,0.99918,0.00010
35.20000,2.02194,0.00047,0.00036,0.99907,0.00010
35.30000,2.02194,0.00050,0.00037,0.99902,0.00011
35.40000,2.02193,0.00054,0.00043,0.99889,0.00013
35.50000,2.02194,0.00056,0.00044,0.99886,0.00014
35.60000,2.02194,0.00057,0.00051,0.99877,0.00015
35.70000,2.02194,0.00070,0.00068,0.99844,0.00019
35.80000,2.02194,0.00062,0.00063,0.99858,0.00017
35.90000,2.02193,0.00077,0.00076,0.99826,0.00020
36.00000,2.02194,0.00083,0.00104,0.99789,0.00025
36.10000,2.02194,0.00100,0.00137,0.99732,0.00031
36.20000,2.02194,0.00123,0.00190,0.99645,0.00041
36.30000,2.02194,0.00178,0.00313,0.99446,0.00063
36.40000,2.02193,0.00185,0.00364,0.99381,0.00070
36.50000,2.02194,0.00168,0.00299,0.99471,0.00063
36.60000,2.02194,0.00176,0.00303,0.99456,0.00065
36.70000,2.02194,0.00168,0.00272,0.99493,0.00067
36.80000,2.02194,0.00168,0.00274,0.99491,0.00067
36.90000,2.02193,0.00152,0.00235,0.99552,0.00061
37.00000,2.02194,0.00141,0.00216,0.99585,0.00058
37.10000,2.02194,0.00172,0.00313,0.99439,0.00076
37.20000,2.02194,0.00152,0.00251,0.99533,0.00064
37.30000,2.02194,0.00136,0.00244,0.99564,0.00056
37.40000,2.02193,0.00134,0.00256,0.99557,0.00053
37.50000,2.02194,0.00142,0.00285,0.99513,0.00060
37.60000,2.02194,0.00125,0.00218,0.99610,0.00047
37.70000,2.02194,0.00108,0.00183,0.99669,0.00040
37.80000,2.02194,0.00118,0.00186,0.99654,0.00042
37.90000,2.02193,0.00120,0.00182,0.99656,0.00041
38.00000,2.02194,0.00099,0.00121,0.99749,0.00031
38.10000,2.02194,0.00080,0.00094,0.99802,0.00024
38.20000,2.02194,0.00060,0.00051,0.99873,0.00016
38.30000,2.02194,0.00049,0.00041,0.99897,0.00012
38.40000,2.02193,0.00047,0.00034,0.99907,0.00012
38.50000,2.02194,0.00042,0.00038,0.99908,0.00012
38.60000,2.02194,0.00046,0.00038,0.99901,0.00015
38.70000,2.02194,0.00045,0.00043,0.99897,0.00015
38.80000,2.02194,0.00048,0.00050,0.99886,0.00016
38.90000,2.02193,0.00046,0.00048,0.99890,0.00016
39.00000,2.02194,0.00044,0.00042,0.99899,0.00015
39.10000,2.02194,0.00033,0.00028,0.99927,0.00011
39.20000,2.02194,0.00042,0.00029,0.99916,0.00013
39.30000,2.02194,0.00041,0.00024,0.99922,0.00012
39.40000,2.02193,0.00043,0.00022,0.99925,0.00010
39.50000,2.02194,0.00042,0.00019,0.99930,0.00010
39.60000,2.02194,0.00039,0.00020,0.99932,0.00010
39.70000,2.02194,0.00040,0.00019,0.99931,0.00010
39.80000,2.02194,0.00041,0.00020,0.99930,0.00009
39.90000,2.02193,0.00037,0.00018,0.99936,0.00009
40.00000,2.02194,0.00040,0.00018,0.99933,0.00009
40.10000,2.02194,0.00048,0.00021,0.99920,0.00010
40.20000,2.02194,0.00038,0.00019,0.99935,0.00008
40.30000,2.02194,0.00042,0.00020,0.99929,0.00009
40.40000,2.02193,0.00036,0.00019,0.99937,0.00008
40.50000,2.02194,0.00042,0.00020,0.99929,0.00008
40.60000,2.02194,0.00037,0.00020,0.99936,0.00007
40.70000,2.02194,0.00037,0.00018,0.99940,0.00006
40.80000,2.02194,0.00033,0.00014,0.99948,0.00005
40.90000,2.02193,0.00030,0.00010,0.99955,0.00004
41.00000,2.02194,0.00030,0.00010,0.99956,0.00004
41.10000,2.02194,0.00029,0.00008,0.99960,0.00004
41.20000,2.02194,0.00028,0.00010,0.99959,0.00004
41.30000,2.02194,0.00029,0.00010,0.99958,0.00004
41.40000,2.02193,0.00026,0.00008,0.99963,0.00003
41.50000,2.02194,0.00023,0.00006,0.99967,0.00003
41.60000,2.02194,0.00023,0.00007,0.99967,0.00003
41.70000,2.02194,0.00022,0.00005,0.99970,0.00003
41.80000,2.02194,0.00021,0.00006,0.99970,0.00003
41.90000,2.02193,0.00022,0.00005,0.99970,0.00003
42.00000,2.02194,0.00022,0.00005,0.99970,0.00003
42.10000,2.02194,0.00018,0.00004,0.99975,0.00002
42.20000,2.02194,0.00019,0.00005,0.99974,0.00003
42.30000,2.02194,0.00021,0.00005,0.99972,0.00003
42.40000,2.02193,0.00021,0.00005,0.99970,0.00003
42.50000,2.02194,0.00025,0.00006,0.99966,0.00003
42.60000,2.02194,0.00027,0.00007,0.99962,0.00004
42.70000,2.02194,0.00024,0.00007,0.99966,0.00003
42.80000,2.02194,0.00028,0.00010,0.99958,0.00004
42.90000,2.02193,0.00028,0.00013,0.99955,0.00005
43.00000,2.02194,0.00033,0.00017,0.99944,0.00005
43.10000,2.02194,0.00033,0.00019,0.99942,0.00006
43.20000,2.02194,0.00031,0.00018,0.99945,0.00006
43.30000,2.02194,0.00030,0.00018,0.99946,0.00006
43.40000,2.02193,0.00036,0.00030,0.99926,0.00009
43.50000,2.02194,0.00039,0.00034,0.99919,0.00009
43.60000,2.02194,0.00044,0.00044,0.99901,0.00011
43.70000,2.02194,0.00048,0.00045,0.99896,0.00011
43.80000,2.02194,0.00046,0.00051,0.99890,0.00013
43.90000,2.02193,0.00045,0.00053,0.99890,0.00012
44.00000,2.02194,0.00052,0.00080,0.99853,0.00016
44.10000,2.02194,0.00056,0.00076,0.99853,0.00015
44.20000,2.02194,0.00059,0.00090,0.99832,0.00019
44.30000,2.02194,0.00070,0.00093,0.99815,0.00022
44.40000,2.02193,0.00068,0.00105,0.99803,0.00024
44.50000,2.02194,0.00063,0.00091,0.99826,0.00020
44.60000,2.02194,0.00065,0.00091,0.99820,0.00023
44.70000,2.02194,0.00066,0.00090,0.99822,0.00021
44.80000,2.02194,0.00070,0.00094,0.99812,0.00024
44.90000,2.02193,0.00059,0.00073,0.99849,0.00019
45.00000,2.02194,0.00069,0.00096,0.99811,0.00024
45.10000,2.02194,0.00068,0.00085,0.99824,0.00022
45.20000,2.02194,0.00073,0.00101,0.99800,0.00026
45.30000,2.02194,0.00072,0.00092,0.99811,0.00025
45.40000,2.02193,0.00076,0.00094,0.99803,0.00028
45.50000,2.02194,0.00075,0.00088,0.99811,0.00026
45.60000,2.02194,0.00067,0.00067,0.99841,0.00024
45.70000,2.02194,0.00064,0.00057,0.99860,0.00020
45.80000,2.02194,0.00068,0.00066,0.99843,0.00024
45.90000,2.02193,0.00074,0.00063,0.99839,0.00024
46.00000,2.02194,0.00069,0.00057,0.99849,0.00025
46.10000,2.02194,0.00063,0.00052,0.99860,0.00024
46.20000,2.02194,0.00061,0.00049,0.99865,0.00024
46.30000,2.02194,0.00057,0.00044,0.99877,0.00021
46.40000,2.02193,0.00058,0.00046,0.99870,0.00025
46.50000,2.02194,0.00052,0.00035,0.99894,0.00019
46.60000,2.02194,0.00047,0.00033,0.99899,0.00020
46.70000,2.02194,0.00053,0.00039,0.99888,0.00020
46.80000,2.02194,0.00051,0.00038,0.99890,0.00020
46.90000,2.02193,0.00054,0.00033,0.99893,0.00020
47.00000,2.02194,0.00044,0.00024,0.99915,0.00017
47.10000,2.02194,0.00042,0.00022,0.99920,0.00016
47.20000,2.02194,0.00048,0.00024,0.99909,0.00019
47.30000,2.02194,0.00045,0.00025,0.99914,0.00017
47.40000,2.02193,0.00043,0.00026,0.99913,0.00018
47.50000,2.02194,0.00050,0.00031,0.99899,0.00019
47.60000,2.02194,0.00057,0.00042,0.99877,0.00024
47.70000,2.02194,0.00057,0.00044,0.99874,0.00025
47.80000,2.02194,0.00060,0.00041,0.99876,0.00023
47.90000,2.02193,0.00058,0.00044,0.99876,0.00022
48.00000,2.02194,0.00063,0.00051,0.99864,0.00022
48.10000,2.02194,0.00061,0.00053,0.99866,0.00020
48.20000,2.02194,0.00070,0.00065,0.99841,0.00025
48.30000,2.02194,0.00071,0.00068,0.99838,0.00023
48.40000,2.02193,0.00063,0.00054,0.99867,0.00016
48.50000,2.02194,0.00059,0.00065,0.99860,0.00016
48.60000,2.02194,0.00064,0.00066,0.99853,0.00017
48.70000,2.02194,0.00060,0.00060,0.99864,0.00017
48.80000,2.02194,0.00062,0.00056,0.99865,0.00017
48.90000,2.02193,0.00061,0.00053,0.99870,0.00016
49.00000,2.02194,0.00074,0.00062,0.99847,0.00018
49.10000,2.02194,0.00068,0.00065,0.99849,0.00018
49.20000,2.02194,0.00092,0.00082,0.99805,0.00021
49.30000,2.02194,0.00095,0.00090,0.99792,0.00023
49.40000,2.02193,0.00108,0.00097,0.99771,0.00025
49.50000,2.02194,0.00095,0.00107,0.99772,0.00025
49.60000,2.02194,0.00108,0.00112,0.99754,0.00026
49.70000,2.02194,0.00142,0.00181,0.99639,0.00039
49.80000,2.02194,0.00139,0.00186,0.99640,0.00036
49.90000,2.02193,0.00131,0.00174,0.99657,0.00039
50.00000,2.02194,0.00130,0.00155,0.99680,0.00035
50.10000,2.02194,0.00145,0.00189,0.99625,0.00042
50.20000,2.02194,0.00143,0.00158,0.99662,0.00037
50.30000,2.02194,0.00171,0.00240,0.99537,0.00052
50.40000,2.02193,0.00188,0.00255,0.99497,0.00059
50.50000,2.02194,0.00177,0.00259,0.99500,0.00063
50.60000,2.02194,0.00189,0.00249,0.99502,0.00060
50.70000,2.02194,0.00168,0.00229,0.99554,0.00050
50.80000,2.02194,0.00155,0.00243,0.99558,0.00044
50.90000,2.02193,0.00172,0.00278,0.99497,0.00052
51.00000,2.02194,0.00148,0.00256,0.99555,0.00041
51.10000,2.02194,0.00162,0.00288,0.99504,0.00046
51.20000,2.02194,0.00118,0.00203,0.99647,0.00031
51.30000,2.02194,0.00128,0.00193,0.99641,0.00037
51.40000,2.02193,0.00100,0.00146,0.99724,0.00029
51.50000,2.02194,0.00103,0.00157,0.99709,0.00031
51.60000,2.02194,0.00098,0.00151,0.99720,0.00031
51.70000,2.02194,0.00078,0.00096,0.99804,0.00022
51.80000,2.02194,0.00071,0.00072,0.99838,0.00018
51.90000,2.02193,0.00070,0.00076,0.99836,0.00018
52.00000,2.02194,0.00072,0.00083,0.99825,0.00019
52.10000,2.02194,0.00071,0.00075,0.99834,0.00020
52.20000,2.02194,0.00063,0.00060,0.99860,0.00017
52.30000,2.02194,0.00051,0.00044,0.99892,0.00013
52.40000,2.02193,0.00056,0.00041,0.99891,0.00012
52.50000,2.02194,0.00050,0.00037,0.99902,0.00011
52.60000,2.02194,0.00049,0.00032,0.99910,0.00010
52.70000,2.02194,0.00044,0.00032,0.99915,0.00010
52.80000,2.02194,0.00053,0.00034,0.99900,0.00012
52.90000,2.02193,0.00054,0.00039,0.99895,0.00012
53.00000,2.02194,0.00058,0.00034,0.99894,0.00014
53.10000,2.02194,0.00048,0.00030,0.99910,0.00012
53.20000,2.02194,0.00056,0.00029,0.99902,0.00013
53.30000,2.02194,0.00049,0.00030,0.99910,0.00011
53.40000,2.02193,0.00060,0.00033,0.99895,0.00013
53.50000,2.02194,0.00057,0.00029,0.99904,0.00011
53.60000,2.02194,0.00049,0.00020,0.99922,0.00009
53.70000,2.02194,0.00044,0.00021,0.99926,0.00008
53.80000,2.02194,0.00054,0.00028,0.99907,0.00011
53.90000,2.02193,0.00054,0.00026,0.99909,0.00010
54.00000,2.02194,0.00054,0.00027,0.99909,0.00010
54.10000,2.02194,0.00051,0.00030,0.99910,0.00009
54.20000,2.02194,0.00062,0.00041,0.99885,0.00012
54.30000,2.02194,0.00063,0.00050,0.99874,0.00012
54.40000,2.02193,0.00067,0.00057,0.99862,0.00013
54.50000,2.02194,0.00090,0.00091,0.99798,0.00020
54.60000,2.02194,0.00105,0.00106,0.99766,0.00023
54.70000,2.02194,0.00101,0.00129,0.99746,0.00024
54.80000,2.02194,0.00105,0.00139,0.99729,0.00026
54.90000,2.02193,0.00108,0.00161,0.99701,0.00030
55.00000,2.02194,0.00113,0.00171,0.99690,0.00026
55.10000,2.02194,0.00115,0.00192,0.99665,0.00029
55.20000,2.02194,0.00126,0.00217,0.99624,0.00033
55.30000,2.02194,0.00133,0.00246,0.99581,0.00039
55.40000,2.02193,0.00127,0.00238,0.99599,0.00036
55.50000,2.02194,0.00125,0.00305,0.99527,0.00043
55.60000,2.02194,0.00153,0.00367,0.99430,0.00050
55.70000,2.02194,0.00145,0.00362,0.99441,0.00053
55.80000,2.02194,0.00152,0.00351,0.99446,0.00051
55.90000,2.02193,0.00180,0.00505,0.99239,0.00075
56.00000,2.02194,0.00168,0.00441,0.99328,0.00062
56.10000,2.02194,0.00205,0.00618,0.99084,0.00092
56.20000,2.02194,0.00233,0.00652,0.99022,0.00093
56.30000,2.02194,0.00339,0.01105,0.98398,0.00158
56.40000,2.02193,0.00341,0.01017,0.98500,0.00143
56.50000,2.02194,0.00278,0.00673,0.98935,0.00114
56.60000,2.02194,0.00275,0.00625,0.98993,0.00107
56.70000,2.02194,0.00242,0.00488,0.99172,0.00099
56.80000,2.02194,0.00277,0.00513,0.99120,0.00090
56.90000,2.02193,0.00240,0.00453,0.99221,0.00086
57.00000,2.02194,0.00239,0.00428,0.99253,0.00080
57.10000,2.02194,0.00205,0.00330,0.99398,0.00067
57.20000,2.02194,0.00183,0.00271,0.99488,0.00058
57.30000,2.02194,0.00179,0.00246,0.99517,0.00059
57.40000,2.02193,0.00183,0.00212,0.99544,0.00061
57.50000,2.02194,0.00194,0.00241,0.99504,0.00061
57.60000,2.02194,0.00156,0.00189,0.99607,0.00048
57.70000,2.02194,0.00148,0.00178,0.99629,0.00046
57.80000,2.02194,0.00172,0.00240,0.99535,0.00053
57.90000,2.02193,0.00147,0.00182,0.99623,0.00048
58.00000,2.02194,0.00144,0.00193,0.99620,0.00043
58.10000,2.02194,0.00124,0.00135,0.99703,0.00038
58.20000,2.02194,0.00095,0.00109,0.99768,0.00028
58.30000,2.02194,0.00077,0.00089,0.99809,0.00025
58.40000,2.02193,0.00068,0.00075,0.99836,0.00021
58.50000,2.02194,0.00062,0.00063,0.99856,0.00020
58.60000,2.02194,0.00060,0.00066,0.99855,0.00019
58.70000,2.02194,0.00069,0.00076,0.99833,0.00022
58.80000,2.02194,0.00066,0.00079,0.99834,0.00021
58.90000,2.02193,0.00079,0.00110,0.99782,0.00029
59.00000,2.02194,0.00091,0.00141,0.99737,0.00031
59.10000,2.02194,0.00114,0.00218,0.99622,0.00046
59.20000,2.02194,0.00129,0.00277,0.99544,0.00050
59.30000,2.02194,0.00124,0.00274,0.99554,0.00049
59.40000,2.02193,0.00117,0.00272,0.99570,0.00042
59.50000,2.02194,0.00125,0.00292,0.99531,0.00052
59.60000,2.02194,0.00128,0.00289,0.99536,0.00048
59.70000,2.02194,0.00143,0.00378,0.99421,0.00058
59.80000,2.02194,0.00114,0.00233,0.99611,0.00043
59.90000,2.02193,0.00122,0.00290,0.99543,0.00045
60.00000,2.02194,0.00135,0.00309,0.99504,0.00053
60.10000,2.02194,0.00147,0.00357,0.99437,0.00060
60.20000,2.02194,0.00177,0.00412,0.99340,0.00072
60.30000,2.02194,0.00178,0.00430,0.99320,0.00071
60.40000,2.02193,0.00193,0.00476,0.99254,0.00078
60.50000,2.02194,0.00237,0.00669,0.98979,0.00115
60.60000,2.02194,0.00238,0.00693,0.98958,0.00111
60.70000,2.02194,0.00234,0.00646,0.98996,0.00125
60.80000,2.02194,0.00217,0.00521,0.99151,0.00111
60.90000,2.02193,0.00213,0.00441,0.99235,0.00111
61.00000,2.02194,0.00182,0.00395,0.99332,0.00091
61.10000,2.02194,0.00165,0.00315,0.99433,0.00087
61.20000,2.02194,0.00158,0.00342,0.99407,0.00093
61.30000,2.02194,0.00193,0.00445,0.99250,0.00113
61.40000,2.02193,0.00208,0.00556,0.99114,0.00122
61.50000,2.02194,0.00205,0.00506,0.99170,0.00119
61.60000,2.02194,0.00197,0.00587,0.99104,0.00111
61.70000,2.02194,0.00223,0.00629,0.99010,0.00137
61.80000,2.02194,0.00241,0.00766,0.98842,0.00151
61.90000,2.02193,0.00222,0.00642,0.98993,0.00143
62.00000,2.02193,0.00247,0.00726,0.98880,0.00147
62.10000,2.02194,0.00232,0.00635,0.98969,0.00165
62.20000,2.02194,0.00220,0.00691,0.98926,0.00163
62.30000,2.02194,0.00220,0.00682,0.98924,0.00175
62.40000,2.02193,0.00221,0.00857,0.98747,0.00175
62.50000,2.02193,0.00231,0.00803,0.98778,0.00188
62.60000,2.02194,0.00203,0.00728,0.98912,0.00157
62.70000,2.02194,0.00174,0.00634,0.99046,0.00147
62.80000,2.02194,0.00167,0.00660,0.99040,0.00134
62.90000,2.02193,0.00202,0.00746,0.98904,0.00148
63.00000,2.02193,0.00168,0.00570,0.99147,0.00115
63.10000,2.02194,0.00163,0.00558,0.99158,0.00121
63.20000,2.02194,0.00121,0.00352,0.99454,0.00073
63.30000,2.02194,0.00111,0.00269,0.99552,0.00067
63.40000,2.02193,0.00110,0.00258,0.99568,0.00064
63.50000,2.02193,0.00098,0.00215,0.99629,0.00059
63.60000,2.02194,0.00100,0.00221,0.99619,0.00060
63.70000,2.02194,0.00088,0.00191,0.99671,0.00050
63.80000,2.02194,0.00071,0.00164,0.99724,0.00041
63.90000,2.02193,0.00066,0.00136,0.99762,0.00036
64.00000,2.02193,0.00057,0.00106,0.99807,0.00030
64.10000,2.02194,0.00059,0.00100,0.99813,0.00029
64.20000,2.02194,0.00051,0.00090,0.99836,0.00023
64.30000,2.02193,0.00049,0.00073,0.99857,0.00021
64.40000,2.02193,0.00044,0.00063,0.99874,0.00019
64.50000,2.02193,0.00048,0.00072,0.99860,0.00021
64.60000,2.02194,0.00051,0.00078,0.99849,0.00022
64.70000,2.02194,0.00051,0.00074,0.99853,0.00022
64.80000,2.02193,0.00045,0.00067,0.99867,0.00020
64.90000,2.02193,0.00043,0.00058,0.99880,0.00019
65.00000,2.02193,0.00042,0.00056,0.99883,0.00020
65.10000,2.02194,0.00047,0.00062,0.99869,0.00022
65.20000,2.02194,0.00056,0.00084,0.99830,0.00030
65.30000,2.02193,0.00055,0.00088,0.99826,0.00031
65.40000,2.02193,0.00062,0.00103,0.99800,0.00035
65.50000,2.02193,0.00061,0.00103,0.99801,0.00035
65.60000,2.02194,0.00062,0.00085,0.99819,0.00033
65.70000,2.02194,0.00050,0.00066,0.99857,0.00027
65.80000,2.02193,0.00062,0.00075,0.99833,0.00030
65.90000,2.02193,0.00055,0.00077,0.99842,0.00026
66.00000,2.02193,0.00067,0.00105,0.99798,0.00030
66.10000,2.02194,0.00078,0.00162,0.99722,0.00037
66.20000,2.02194,0.00087,0.00190,0.99685,0.00038
66.30000,2.02193,0.00088,0.00277,0.99597,0.00038
66.40000,2.02193,0.00106,0.00322,0.99531,0.00040
66.50000,2.02193,0.00087,0.00274,0.99608,0.00031
66.60000,2.02194,0.00097,0.00328,0.99544,0.00032
66.70000,2.02194,0.00104,0.00405,0.99454,0.00036
66.80000,2.02193,0.00107,0.00389,0.99473,0.00031
66.90000,2.02193,0.00108,0.00453,0.99407,0.00032
