Time (seconds), Duration (seconds),pred_unlabelled,pred_baby_cry,pred_cough,pred_water_tap
0.00000,0.67194,0.99994,0.00000,0.00006,0.00000
0.05000,0.67194,0.99996,0.00000,0.00004,0.00000
0.10000,0.67194,0.99988,0.00000,0.00008,0.00004
0.15000,0.67194,0.99960,0.00000,0.00004,0.00036
0.20000,0.67194,0.99921,0.00000,0.00003,0.00076
0.25000,0.67194,0.99883,0.00000,0.00003,0.00114
0.30000,0.67194,0.99860,0.00000,0.00003,0.00137
0.35000,0.67194,0.97920,0.00000,0.00037,0.02044
0.40000,0.67194,0.99623,0.00000,0.00026,0.00351
0.45000,0.67194,0.99239,0.00000,0.00023,0.00738
0.50000,0.67194,0.99468,0.00000,0.00025,0.00508
0.55000,0.67194,0.99851,0.00000,0.00075,0.00074
0.60000,0.67194,0.99609,0.00000,0.00052,0.00339
0.65000,0.67194,0.99568,0.00000,0.00140,0.00292
0.70000,0.67194,0.99907,0.00000,0.00036,0.00057
0.75000,0.67194,0.99917,0.00000,0.00044,0.00039
0.80000,0.67194,0.99881,0.00000,0.00114,0.00005
0.85000,0.67194,0.99976,0.00000,0.00011,0.00014
0.90000,0.67194,0.99874,0.00000,0.00118,0.00008
0.95000,0.67194,0.99949,0.00001,0.00048,0.00003
1.00000,0.67194,0.99932,0.00001,0.00056,0.00011
1.05000,0.67194,0.99972,0.00001,0.00026,0.00002
1.10000,0.67194,0.99959,0.00000,0.00038,0.00003
1.15000,0.67194,0.99975,0.00001,0.00021,0.00002
1.20000,0.67194,0.99917,0.00001,0.00081,0.00001
1.25000,0.67194,0.99891,0.00002,0.00086,0.00022
1.30000,0.67194,0.99906,0.00001,0.00088,0.00005
1.35000,0.67194,0.99916,0.00002,0.00072,0.00011
1.40000,0.67194,0.99856,0.00002,0.00137,0.00005
1.45000,0.67194,0.99604,0.00005,0.00390,0.00001
1.50000,0.67194,0.99876,0.00001,0.00122,0.00001
1.55000,0.67194,0.99534,0.00001,0.00464,0.00001
1.60000,0.67194,0.99570,0.00003,0.00422,0.00005
1.65000,0.67194,0.98253,0.00007,0.01734,0.00007
1.70000,0.67194,0.97982,0.00005,0.02007,0.00007
1.75000,0.67194,0.93287,0.00014,0.06686,0.00013
1.80000,0.67194,0.98953,0.00020,0.00980,0.00047
1.85000,0.67194,0.94473,0.00022,0.05484,0.00021
1.90000,0.67194,0.99380,0.00023,0.00591,0.00006
1.95000,0.67194,0.97410,0.00091,0.02484,0.00015
2.00000,0.67194,0.97390,0.00043,0.02565,0.00003
2.05000,0.67194,0.94713,0.00043,0.05221,0.00023
2.10000,0.67194,0.96818,0.00038,0.03139,0.00006
2.15000,0.67194,0.98642,0.00011,0.01329,0.00017
2.20000,0.67194,0.97470,0.00006,0.02510,0.00014
2.25000,0.67194,0.99131,0.00030,0.00669,0.00171
2.30000,0.67194,0.99126,0.00007,0.00849,0.00018
2.35000,0.67194,0.99143,0.00004,0.00793,0.00061
2.40000,0.67194,0.98530,0.00001,0.01420,0.00049
2.45000,0.67194,0.99056,0.00007,0.00798,0.00140
2.50000,0.67194,0.99548,0.00002,0.00416,0.00033
2.55000,0.67194,0.99751,0.00001,0.00229,0.00019
2.60000,0.67194,0.99843,0.00002,0.00145,0.00010
2.65000,0.67194,0.99818,0.00002,0.00173,0.00006
2.70000,0.67194,0.99934,0.00007,0.00052,0.00007
2.75000,0.67194,0.99908,0.00003,0.00088,0.00002
2.80000,0.67194,0.99913,0.00003,0.00084,0.00000
2.85000,0.67194,0.99669,0.00002,0.00328,0.00000
2.90000,0.67194,0.99890,0.00003,0.00107,0.00000
2.95000,0.67194,0.99872,0.00001,0.00127,0.00000
3.00000,0.67194,0.99895,0.00001,0.00104,0.00000
3.05000,0.67194,0.99710,0.00000,0.00289,0.00001
3.10000,0.67194,0.99910,0.00001,0.00085,0.00004
3.15000,0.67194,0.99681,0.00001,0.00288,0.00030
3.20000,0.67194,0.99901,0.00001,0.00065,0.00033
3.25000,0.67194,0.99505,0.00001,0.00343,0.00151
3.30000,0.67194,0.99584,0.00000,0.00294,0.00121
3.35000,0.67194,0.98174,0.00000,0.00370,0.01456
3.40000,0.67194,0.99140,0.00000,0.00110,0.00749
3.45000,0.67194,0.96716,0.00000,0.00219,0.03065
3.50000,0.67194,0.97550,0.00000,0.00271,0.02179
3.55000,0.67194,0.95648,0.00000,0.00404,0.03948
3.60000,0.67194,0.96881,0.00000,0.00481,0.02639
3.65000,0.67194,0.93766,0.00000,0.00309,0.05925
3.70000,0.67194,0.95579,0.00000,0.00293,0.04128
3.75000,0.67194,0.91275,0.00000,0.00238,0.08487
3.80000,0.67194,0.93143,0.00000,0.00417,0.06441
3.85000,0.67194,0.94805,0.00000,0.00113,0.05081
3.90000,0.67194,0.94124,0.00000,0.00222,0.05654
3.95000,0.67194,0.90871,0.00000,0.00383,0.08745
4.00000,0.67194,0.94915,0.00000,0.00585,0.04500
4.05000,0.67194,0.89608,0.00000,0.00604,0.09788
4.10000,0.67194,0.89122,0.00000,0.00705,0.10172
4.15000,0.67194,0.98265,0.00001,0.00276,0.01458
4.20000,0.67194,0.99445,0.00001,0.00372,0.00182
4.25000,0.67194,0.98513,0.00001,0.01247,0.00239
4.30000,0.67194,0.99188,0.00000,0.00800,0.00012
4.35000,0.67194,0.99496,0.00002,0.00501,0.00002
4.40000,0.67194,0.99145,0.00001,0.00853,0.00001
4.45000,0.67194,0.99036,0.00001,0.00963,0.00000
4.50000,0.67194,0.99512,0.00000,0.00487,0.00000
4.55000,0.67194,0.99770,0.00003,0.00227,0.00000
4.60000,0.67194,0.99920,0.00001,0.00080,0.00000
4.65000,0.67194,0.99950,0.00003,0.00047,0.00000
4.70000,0.67194,0.99940,0.00001,0.00059,0.00000
4.75000,0.67194,0.99978,0.00004,0.00017,0.00000
4.80000,0.67194,0.99980,0.00005,0.00015,0.00000
4.85000,0.67194,0.99973,0.00021,0.00006,0.00000
4.90000,0.67194,0.99973,0.00016,0.00011,0.00000
4.95000,0.67194,0.99954,0.00035,0.00012,0.00000
5.00000,0.67194,0.99975,0.00010,0.00015,0.00000
5.05000,0.67194,0.99966,0.00013,0.00021,0.00000
5.10000,0.67194,0.99975,0.00004,0.00021,0.00000
5.15000,0.67194,0.99954,0.00004,0.00042,0.00000
5.20000,0.67194,0.99944,0.00005,0.00051,0.00000
5.25000,0.67194,0.99966,0.00002,0.00031,0.00000
5.30000,0.67194,0.99896,0.00002,0.00102,0.00000
5.35000,0.67194,0.99898,0.00001,0.00101,0.00000
5.40000,0.67194,0.99715,0.00001,0.00285,0.00000
5.45000,0.67194,0.99716,0.00000,0.00284,0.00000
5.50000,0.67194,0.99579,0.00000,0.00421,0.00000
5.55000,0.67194,0.99054,0.00000,0.00945,0.00000
5.60000,0.67194,0.98599,0.00000,0.01401,0.00000
5.65000,0.67194,0.99062,0.00001,0.00937,0.00000
5.70000,0.67194,0.97157,0.00000,0.02843,0.00000
5.75000,0.67194,0.96934,0.00000,0.03065,0.00000
5.80000,0.67194,0.96739,0.00000,0.03261,0.00000
5.85000,0.67194,0.95196,0.00000,0.04804,0.00000
5.90000,0.67194,0.90842,0.00005,0.09152,0.00000
5.95000,0.67194,0.95428,0.00001,0.04571,0.00000
6.00000,0.67194,0.97081,0.00002,0.02917,0.00000
6.05000,0.67194,0.96401,0.00011,0.03588,0.00000
6.10000,0.67194,0.99683,0.00004,0.00313,0.00000
6.15000,0.67194,0.99354,0.00005,0.00641,0.00000
6.20000,0.67194,0.99778,0.00001,0.00221,0.00000
6.25000,0.67194,0.99938,0.00004,0.00058,0.00000
6.30000,0.67194,0.99979,0.00002,0.00018,0.00000
6.35000,0.67194,0.99940,0.00004,0.00056,0.00000
6.40000,0.67194,0.99986,0.00006,0.00008,0.00000
6.45000,0.67194,0.99937,0.00003,0.00059,0.00000
6.50000,0.67194,0.99926,0.00065,0.00008,0.00000
6.55000,0.67194,0.99919,0.00063,0.00013,0.00006
6.60000,0.67194,0.99969,0.00009,0.00022,0.00001
6.65000,0.67194,0.99948,0.00012,0.00029,0.00011
6.70000,0.67194,0.99956,0.00006,0.00035,0.00002
6.75000,0.67194,0.99716,0.00008,0.00275,0.00002
6.80000,0.67194,0.98729,0.00007,0.01258,0.00006
6.85000,0.67194,0.99292,0.00007,0.00692,0.00009
6.90000,0.67194,0.99347,0.00014,0.00627,0.00013
6.95000,0.67194,0.98788,0.00027,0.01097,0.00087
7.00000,0.67194,0.97481,0.00035,0.02148,0.00336
7.05000,0.67194,0.98959,0.00042,0.00523,0.00475
7.10000,0.67194,0.98598,0.00060,0.01264,0.00078
7.15000,0.67194,0.98168,0.00237,0.01090,0.00505
7.20000,0.67194,0.97462,0.00357,0.00601,0.01580
7.25000,0.67194,0.98461,0.00432,0.00665,0.00441
7.30000,0.67194,0.97138,0.00195,0.01032,0.01635
7.35000,0.67194,0.96645,0.00983,0.00351,0.02020
7.40000,0.67194,0.97829,0.00185,0.00094,0.01892
7.45000,0.67194,0.98955,0.00436,0.00086,0.00522
7.50000,0.67194,0.97499,0.00355,0.00078,0.02069
7.55000,0.67194,0.95546,0.00349,0.00042,0.04063
7.60000,0.67194,0.97485,0.00063,0.00080,0.02372
7.65000,0.67194,0.96797,0.00114,0.00093,0.02996
7.70000,0.67194,0.96963,0.00043,0.00130,0.02864
7.75000,0.67194,0.97796,0.00034,0.00094,0.02076
7.80000,0.67194,0.93767,0.00053,0.00066,0.06114
7.85000,0.67194,0.96785,0.00014,0.00107,0.03095
7.90000,0.67194,0.97791,0.00031,0.00385,0.01793
7.95000,0.67194,0.91565,0.00023,0.00342,0.08070
8.00000,0.67194,0.98194,0.00030,0.01065,0.00711
8.05000,0.67194,0.96557,0.00008,0.01164,0.02271
8.10000,0.67194,0.92270,0.00031,0.00662,0.07037
8.15000,0.67194,0.91152,0.00019,0.05033,0.03796
8.20000,0.67194,0.89097,0.00028,0.03717,0.07159
8.25000,0.67194,0.79824,0.00038,0.01589,0.18548
8.30000,0.67194,0.93277,0.00022,0.01674,0.05028
8.35000,0.67194,0.86619,0.00030,0.05004,0.08347
8.40000,0.67194,0.93808,0.00094,0.03951,0.02147
8.45000,0.67194,0.92267,0.00043,0.02153,0.05536
8.50000,0.67194,0.87098,0.00044,0.02714,0.10144
8.55000,0.67194,0.92251,0.00072,0.00726,0.06950
8.60000,0.67194,0.72223,0.00064,0.00418,0.27294
8.65000,0.67194,0.97061,0.00015,0.00275,0.02648
8.70000,0.67194,0.93792,0.00188,0.00486,0.05534
8.75000,0.67194,0.95460,0.00070,0.00359,0.04111
8.80000,0.67194,0.90705,0.00035,0.00265,0.08995
8.85000,0.67194,0.96981,0.00025,0.00670,0.02324
8.90000,0.67194,0.83661,0.00035,0.00281,0.16023
8.95000,0.67194,0.95748,0.00156,0.00184,0.03912
9.00000,0.67194,0.82531,0.00014,0.00313,0.17142
9.05000,0.67194,0.83248,0.00098,0.00403,0.16250
9.10000,0.67194,0.84788,0.00053,0.00083,0.15076
9.15000,0.67194,0.97843,0.00087,0.00061,0.02009
9.20000,0.67194,0.92010,0.00105,0.00056,0.07829
9.25000,0.67194,0.99701,0.00059,0.00049,0.00191
9.30000,0.67194,0.99395,0.00064,0.00015,0.00526
9.35000,0.67194,0.99810,0.00025,0.00034,0.00131
9.40000,0.67194,0.99721,0.00077,0.00030,0.00172
9.45000,0.67194,0.99585,0.00125,0.00067,0.00223
9.50000,0.67194,0.99797,0.00130,0.00044,0.00029
9.55000,0.67194,0.99725,0.00186,0.00050,0.00038
9.60000,0.67194,0.99721,0.00052,0.00157,0.00071
9.65000,0.67194,0.99411,0.00022,0.00034,0.00533
9.70000,0.67194,0.98164,0.00035,0.00207,0.01595
9.75000,0.67194,0.97643,0.00013,0.00349,0.01995
9.80000,0.67194,0.97930,0.00049,0.01031,0.00990
9.85000,0.67194,0.95231,0.00007,0.00400,0.04363
9.90000,0.67194,0.97069,0.00004,0.00687,0.02240
9.95000,0.67194,0.97109,0.00002,0.00155,0.02735
10.00000,0.67194,0.92278,0.00005,0.00048,0.07670
10.05000,0.67194,0.96143,0.00003,0.00189,0.03666
10.10000,0.67194,0.96649,0.00026,0.00212,0.03112
10.15000,0.67194,0.92367,0.00007,0.00144,0.07482
10.20000,0.67194,0.95641,0.00004,0.00134,0.04222
10.25000,0.67194,0.99072,0.00005,0.00241,0.00681
10.30000,0.67194,0.96194,0.00006,0.00072,0.03728
10.35000,0.67194,0.98638,0.00008,0.00091,0.01263
10.40000,0.67194,0.99059,0.00008,0.00119,0.00814
10.45000,0.67194,0.98543,0.00002,0.00203,0.01253
10.50000,0.67194,0.98569,0.00003,0.00361,0.01067
10.55000,0.67194,0.98988,0.00004,0.00484,0.00524
10.60000,0.67194,0.99550,0.00003,0.00286,0.00162
10.65000,0.67194,0.99793,0.00001,0.00176,0.00029
10.70000,0.67194,0.99790,0.00000,0.00132,0.00078
10.75000,0.67194,0.99457,0.00000,0.00154,0.00388
10.80000,0.67194,0.99866,0.00001,0.00106,0.00027
10.85000,0.67194,0.99438,0.00000,0.00543,0.00019
10.90000,0.67194,0.99733,0.00000,0.00255,0.00012
10.95000,0.67194,0.99808,0.00000,0.00132,0.00061
11.00000,0.67194,0.99897,0.00000,0.00088,0.00015
11.05000,0.67194,0.99907,0.00000,0.00086,0.00007
11.10000,0.67194,0.99870,0.00000,0.00092,0.00038
11.15000,0.67194,0.99903,0.00000,0.00080,0.00017
11.20000,0.67194,0.99699,0.00000,0.00186,0.00115
11.25000,0.67194,0.99661,0.00000,0.00301,0.00038
11.30000,0.67194,0.99694,0.00000,0.00249,0.00058
11.35000,0.67194,0.99814,0.00000,0.00170,0.00016
11.40000,0.67194,0.99844,0.00000,0.00079,0.00077
11.45000,0.67194,0.99619,0.00000,0.00379,0.00002
11.50000,0.67194,0.99699,0.00000,0.00275,0.00026
11.55000,0.67194,0.99654,0.00000,0.00314,0.00032
11.60000,0.67194,0.99590,0.00000,0.00359,0.00051
11.65000,0.67194,0.99598,0.00000,0.00395,0.00006
11.70000,0.67194,0.99563,0.00000,0.00426,0.00012
11.75000,0.67194,0.99687,0.00000,0.00292,0.00021
11.80000,0.67194,0.99662,0.00000,0.00331,0.00007
11.85000,0.67194,0.99561,0.00000,0.00413,0.00026
11.90000,0.67194,0.99548,0.00000,0.00442,0.00010
11.95000,0.67194,0.99514,0.00000,0.00454,0.00032
12.00000,0.67194,0.99491,0.00000,0.00491,0.00018
12.05000,0.67194,0.99670,0.00000,0.00291,0.00039
12.10000,0.67194,0.99764,0.00000,0.00206,0.00030
12.15000,0.67194,0.99854,0.00000,0.00128,0.00018
12.20000,0.67194,0.99754,0.00000,0.00129,0.00118
12.25000,0.67194,0.99549,0.00000,0.00338,0.00113
12.30000,0.67194,0.99609,0.00000,0.00287,0.00103
12.35000,0.67194,0.99830,0.00001,0.00136,0.00033
12.40000,0.67194,0.99687,0.00002,0.00171,0.00141
12.45000,0.67194,0.99705,0.00006,0.00253,0.00036
12.50000,0.67194,0.99889,0.00011,0.00069,0.00031
12.55000,0.67194,0.99863,0.00031,0.00083,0.00023
12.60000,0.67194,0.99474,0.00159,0.00328,0.00039
12.65000,0.67194,0.99220,0.00295,0.00461,0.00024
12.70000,0.67194,0.99789,0.00163,0.00043,0.00005
12.75000,0.67194,0.99614,0.00336,0.00049,0.00001
12.80000,0.67194,0.99415,0.00523,0.00061,0.00001
12.85000,0.67194,0.99683,0.00218,0.00099,0.00000
12.90000,0.67194,0.99583,0.00395,0.00021,0.00000
12.95000,0.67194,0.99672,0.00298,0.00030,0.00000
13.00000,0.67194,0.99768,0.00226,0.00006,0.00000
13.05000,0.67194,0.99731,0.00264,0.00005,0.00000
13.10000,0.67194,0.99787,0.00211,0.00002,0.00000
13.15000,0.67194,0.99769,0.00230,0.00001,0.00000
13.20000,0.67194,0.99908,0.00092,0.00000,0.00000
13.25000,0.67194,0.99849,0.00150,0.00001,0.00000
13.30000,0.67194,0.99889,0.00110,0.00000,0.00000
13.35000,0.67194,0.99935,0.00065,0.00000,0.00000
13.40000,0.67194,0.99948,0.00052,0.00000,0.00000
13.45000,0.67194,0.99976,0.00024,0.00000,0.00000
13.50000,0.67194,0.99888,0.00112,0.00000,0.00000
13.55000,0.67194,0.99924,0.00076,0.00001,0.00000
13.60000,0.67194,0.99917,0.00083,0.00000,0.00000
13.65000,0.67194,0.99953,0.00047,0.00001,0.00000
13.70000,0.67194,0.99839,0.00161,0.00001,0.00000
13.75000,0.67194,0.99915,0.00085,0.00000,0.00000
13.80000,0.67194,0.99989,0.00011,0.00001,0.00000
13.85000,0.67194,0.99992,0.00007,0.00001,0.00000
13.90000,0.67194,0.99993,0.00005,0.00001,0.00000
13.95000,0.67194,0.99992,0.00008,0.00000,0.00000
14.00000,0.67194,0.99997,0.00002,0.00002,0.00000
14.05000,0.67194,0.99999,0.00001,0.00000,0.00000
14.10000,0.67194,0.99995,0.00001,0.00004,0.00000
14.15000,0.67194,0.99999,0.00001,0.00000,0.00000
14.20000,0.67194,0.99999,0.00000,0.00000,0.00000
14.25000,0.67194,1.00000,0.00000,0.00000,0.00000
14.30000,0.67194,0.99998,0.00000,0.00002,0.00000
14.35000,0.67194,0.99999,0.00000,0.00001,0.00000
14.40000,0.67194,0.99999,0.00000,0.00001,0.00000
14.45000,0.67194,0.99999,0.00000,0.00001,0.00000
14.50000,0.67194,0.99998,0.00002,0.00000,0.00000
14.55000,0.67194,0.99995,0.00001,0.00003,0.00001
14.60000,0.67194,0.99986,0.00013,0.00001,0.00000
14.65000,0.67194,0.99996,0.00003,0.00001,0.00000
14.70000,0.67194,0.99988,0.00010,0.00001,0.00000
14.75000,0.67194,0.99916,0.00083,0.00001,0.00000
14.80000,0.67194,0.99889,0.00103,0.00008,0.00000
14.85000,0.67194,0.99912,0.00087,0.00001,0.00000
14.90000,0.67194,0.99915,0.00084,0.00001,0.00000
14.95000,0.67194,0.99857,0.00142,0.00001,0.00000
15.00000,0.67194,0.99743,0.00256,0.00000,0.00000
15.05000,0.67194,0.99883,0.00117,0.00000,0.00000
15.10000,0.67194,0.99952,0.00048,0.00000,0.00000
15.15000,0.67194,0.99981,0.00019,0.00000,0.00000
15.20000,0.67194,0.99995,0.00004,0.00000,0.00000
15.25000,0.67194,0.99994,0.00005,0.00000,0.00000
15.30000,0.67194,0.99996,0.00003,0.00000,0.00000
15.35000,0.67194,0.99980,0.00020,0.00000,0.00000
15.40000,0.67194,0.99990,0.00010,0.00000,0.00000
15.45000,0.67194,0.99994,0.00005,0.00001,0.00000
15.50000,0.67194,0.99995,0.00002,0.00003,0.00000
15.55000,0.67194,0.99996,0.00001,0.00003,0.00000
15.60000,0.67194,0.99998,0.00000,0.00002,0.00000
15.65000,0.67194,0.99999,0.00000,0.00001,0.00000
15.70000,0.67194,0.99993,0.00000,0.00006,0.00000
15.75000,0.67194,0.99985,0.00000,0.00015,0.00000
15.80000,0.67194,0.99986,0.00000,0.00014,0.00000
15.85000,0.67194,0.99991,0.00000,0.00009,0.00000
15.90000,0.67194,0.99984,0.00000,0.00015,0.00001
15.95000,0.67194,0.99984,0.00000,0.00010,0.00006
16.00000,0.67194,0.99934,0.00000,0.00030,0.00036
16.05000,0.67194,0.99789,0.00000,0.00011,0.00200
16.10000,0.67194,0.99755,0.00000,0.00014,0.00230
16.15000,0.67194,0.99465,0.00000,0.00026,0.00509
16.20000,0.67194,0.99847,0.00000,0.00126,0.00027
16.25000,0.67194,0.99872,0.00000,0.00071,0.00057
16.30000,0.67194,0.99580,0.00000,0.00303,0.00117
16.35000,0.67194,0.99714,0.00000,0.00224,0.00062
16.40000,0.67194,0.99753,0.00000,0.00207,0.00040
16.45000,0.67194,0.99730,0.00000,0.00130,0.00140
16.50000,0.67194,0.99833,0.00000,0.00153,0.00014
16.55000,0.67194,0.99925,0.00000,0.00069,0.00006
16.60000,0.67194,0.99932,0.00000,0.00061,0.00007
16.65000,0.67194,0.99903,0.00000,0.00095,0.00002
16.70000,0.67194,0.99901,0.00000,0.00088,0.00010
16.75000,0.67194,0.99881,0.00000,0.00116,0.00002
16.80000,0.67194,0.99853,0.00000,0.00139,0.00008
16.85000,0.67194,0.99831,0.00000,0.00168,0.00000
16.90000,0.67194,0.99889,0.00000,0.00110,0.00001
16.95000,0.67194,0.99909,0.00000,0.00090,0.00000
17.00000,0.67194,0.99860,0.00000,0.00139,0.00001
17.05000,0.67194,0.99839,0.00000,0.00160,0.00001
17.10000,0.67194,0.99871,0.00000,0.00128,0.00001
17.15000,0.67194,0.99820,0.00000,0.00179,0.00000
17.20000,0.67194,0.99740,0.00000,0.00259,0.00001
17.25000,0.67194,0.98872,0.00001,0.01127,0.00000
17.30000,0.67194,0.99054,0.00001,0.00945,0.00000
17.35000,0.67194,0.99099,0.00002,0.00899,0.00000
17.40000,0.67194,0.99500,0.00001,0.00499,0.00000
17.45000,0.67194,0.99094,0.00002,0.00904,0.00000
17.50000,0.67194,0.99490,0.00001,0.00509,0.00000
17.55000,0.67194,0.99710,0.00010,0.00279,0.00000
17.60000,0.67194,0.99212,0.00009,0.00779,0.00000
17.65000,0.67194,0.99744,0.00030,0.00226,0.00000
17.70000,0.67194,0.99740,0.00021,0.00239,0.00000
17.75000,0.67194,0.99795,0.00017,0.00188,0.00000
17.80000,0.67194,0.99936,0.00014,0.00049,0.00000
17.85000,0.67194,0.99918,0.00069,0.00013,0.00000
17.90000,0.67194,0.99944,0.00048,0.00007,0.00000
17.95000,0.67194,0.99884,0.00113,0.00003,0.00000
18.00000,0.67194,0.99832,0.00168,0.00001,0.00000
18.05000,0.67194,0.99489,0.00511,0.00000,0.00000
18.10000,0.67194,0.99838,0.00162,0.00000,0.00000
18.15000,0.67194,0.99784,0.00216,0.00000,0.00000
18.20000,0.67194,0.99738,0.00262,0.00000,0.00000
18.25000,0.67194,0.98883,0.01117,0.00000,0.00000
18.30000,0.67194,0.99615,0.00384,0.00000,0.00000
18.35000,0.67194,0.98477,0.01523,0.00000,0.00000
18.40000,0.67194,0.99717,0.00283,0.00000,0.00000
18.45000,0.67194,0.97408,0.02592,0.00000,0.00000
18.50000,0.67194,0.98927,0.01072,0.00000,0.00000
18.55000,0.67194,0.98556,0.01444,0.00000,0.00000
18.60000,0.67194,0.99073,0.00927,0.00000,0.00000
18.65000,0.67194,0.99239,0.00761,0.00000,0.00000
18.70000,0.67194,0.99502,0.00498,0.00000,0.00000
18.75000,0.67194,0.99490,0.00510,0.00000,0.00000
18.80000,0.67194,0.99403,0.00597,0.00000,0.00000
18.85000,0.67194,0.99684,0.00316,0.00000,0.00000
18.90000,0.67194,0.99710,0.00290,0.00000,0.00000
18.95000,0.67194,0.99586,0.00414,0.00000,0.00000
19.00000,0.67194,0.99846,0.00154,0.00000,0.00000
19.05000,0.67194,0.99666,0.00334,0.00000,0.00000
19.10000,0.67194,0.99590,0.00410,0.00000,0.00000
19.15000,0.67194,0.99841,0.00159,0.00000,0.00000
19.20000,0.67194,0.99827,0.00173,0.00000,0.00000
19.25000,0.67194,0.99426,0.00574,0.00000,0.00000
19.30000,0.67194,0.99348,0.00652,0.00000,0.00000
19.35000,0.67194,0.99595,0.00405,0.00000,0.00000
19.40000,0.67194,0.99416,0.00584,0.00000,0.00000
19.45000,0.67194,0.99030,0.00970,0.00000,0.00000
19.50000,0.67194,0.98954,0.01046,0.00000,0.00000
19.55000,0.67194,0.98632,0.01368,0.00000,0.00000
19.60000,0.67194,0.99345,0.00655,0.00000,0.00000
19.65000,0.67194,0.99464,0.00536,0.00000,0.00000
19.70000,0.67194,0.99600,0.00400,0.00000,0.00000
19.75000,0.67194,0.99348,0.00652,0.00000,0.00000
19.80000,0.67194,0.99217,0.00783,0.00000,0.00000
19.85000,0.67194,0.99693,0.00307,0.00000,0.00000
19.90000,0.67194,0.99873,0.00126,0.00000,0.00000
19.95000,0.67194,0.99927,0.00072,0.00001,0.00000
20.00000,0.67194,0.99962,0.00037,0.00001,0.00000
20.05000,0.67194,0.99981,0.00019,0.00000,0.00000
20.10000,0.67194,0.99988,0.00012,0.00000,0.00000
20.15000,0.67194,0.99995,0.00004,0.00001,0.00000
20.20000,0.67194,0.99993,0.00006,0.00001,0.00000
20.25000,0.67194,0.99990,0.00005,0.00004,0.00001
20.30000,0.67194,0.99992,0.00001,0.00003,0.00004
20.35000,0.67194,0.99957,0.00002,0.00020,0.00021
20.40000,0.67194,0.99959,0.00001,0.00011,0.00028
20.45000,0.67194,0.99874,0.00001,0.00051,0.00074
20.50000,0.67194,0.99895,0.00000,0.00035,0.00070
20.55000,0.67194,0.99895,0.00000,0.00023,0.00082
20.60000,0.67194,0.99658,0.00000,0.00303,0.00038
20.65000,0.67194,0.99646,0.00000,0.00268,0.00085
20.70000,0.67194,0.99731,0.00000,0.00255,0.00014
20.75000,0.67194,0.99748,0.00000,0.00246,0.00006
20.80000,0.67194,0.99844,0.00000,0.00148,0.00008
20.85000,0.67194,0.99891,0.00001,0.00093,0.00015
20.90000,0.67194,0.99734,0.00001,0.00228,0.00038
20.95000,0.67194,0.99731,0.00000,0.00262,0.00008
21.00000,0.67194,0.99612,0.00001,0.00363,0.00024
21.05000,0.67194,0.99594,0.00001,0.00347,0.00059
21.10000,0.67194,0.99662,0.00000,0.00287,0.00050
21.15000,0.67194,0.99821,0.00002,0.00127,0.00050
21.20000,0.67194,0.99428,0.00000,0.00516,0.00056
21.25000,0.67194,0.99695,0.00001,0.00266,0.00039
21.30000,0.67194,0.98209,0.00001,0.01697,0.00093
21.35000,0.67194,0.99517,0.00001,0.00421,0.00061
21.40000,0.67194,0.95789,0.00002,0.04141,0.00069
21.45000,0.67194,0.96766,0.00002,0.03164,0.00068
21.50000,0.67194,0.96808,0.00001,0.03006,0.00185
21.55000,0.67194,0.98756,0.00001,0.01173,0.00070
21.60000,0.67194,0.97299,0.00002,0.02569,0.00130
21.65000,0.67194,0.97286,0.00003,0.02653,0.00058
21.70000,0.67194,0.96448,0.00001,0.03515,0.00036
21.75000,0.67194,0.98098,0.00001,0.01507,0.00394
21.80000,0.67194,0.96962,0.00002,0.03017,0.00019
21.85000,0.67194,0.98888,0.00002,0.01094,0.00016
21.90000,0.67194,0.99392,0.00005,0.00597,0.00006
21.95000,0.67194,0.99585,0.00002,0.00398,0.00015
22.00000,0.67194,0.99412,0.00006,0.00574,0.00008
22.05000,0.67194,0.99961,0.00004,0.00021,0.00014
22.10000,0.67194,0.99747,0.00001,0.00226,0.00026
22.15000,0.67194,0.99905,0.00004,0.00078,0.00014
22.20000,0.67194,0.99819,0.00007,0.00163,0.00011
22.25000,0.67194,0.99945,0.00004,0.00039,0.00011
22.30000,0.67194,0.99915,0.00005,0.00060,0.00019
22.35000,0.67194,0.99932,0.00002,0.00039,0.00028
22.40000,0.67194,0.99891,0.00006,0.00097,0.00005
22.45000,0.67194,0.99951,0.00001,0.00029,0.00020
22.50000,0.67194,0.99920,0.00003,0.00054,0.00023
22.55000,0.67194,0.99930,0.00001,0.00053,0.00016
22.60000,0.67194,0.99901,0.00001,0.00093,0.00005
22.65000,0.67194,0.99929,0.00000,0.00062,0.00008
22.70000,0.67194,0.99909,0.00000,0.00090,0.00001
22.75000,0.67194,0.99950,0.00000,0.00043,0.00007
22.80000,0.67194,0.99910,0.00000,0.00088,0.00002
22.85000,0.67194,0.99642,0.00000,0.00357,0.00001
22.90000,0.67194,0.99646,0.00000,0.00353,0.00001
22.95000,0.67194,0.99734,0.00000,0.00266,0.00000
23.00000,0.67194,0.99896,0.00000,0.00102,0.00001
23.05000,0.67194,0.99887,0.00000,0.00113,0.00000
23.10000,0.67194,0.99918,0.00000,0.00081,0.00000
23.15000,0.67194,0.99775,0.00000,0.00224,0.00000
23.20000,0.67194,0.99815,0.00000,0.00185,0.00000
23.25000,0.67194,0.99580,0.00000,0.00420,0.00000
23.30000,0.67194,0.99391,0.00000,0.00609,0.00000
23.35000,0.67194,0.99283,0.00003,0.00714,0.00000
23.40000,0.67194,0.99665,0.00003,0.00331,0.00000
23.45000,0.67194,0.99763,0.00014,0.00223,0.00000
23.50000,0.67194,0.99880,0.00043,0.00077,0.00000
23.55000,0.67194,0.99637,0.00109,0.00253,0.00000
23.60000,0.67194,0.99498,0.00449,0.00053,0.00000
23.65000,0.67194,0.99815,0.00107,0.00079,0.00000
23.70000,0.67194,0.99418,0.00571,0.00012,0.00000
23.75000,0.67194,0.98804,0.01194,0.00003,0.00000
23.80000,0.67194,0.98475,0.01523,0.00001,0.00000
23.85000,0.67194,0.96264,0.03735,0.00001,0.00000
23.90000,0.67194,0.98271,0.01728,0.00001,0.00000
23.95000,0.67194,0.99293,0.00706,0.00001,0.00000
24.00000,0.67194,0.99228,0.00772,0.00000,0.00000
24.05000,0.67194,0.99512,0.00487,0.00001,0.00000
24.10000,0.67194,0.99730,0.00269,0.00001,0.00000
24.15000,0.67194,0.99837,0.00162,0.00000,0.00000
24.20000,0.67194,0.99746,0.00254,0.00000,0.00000
24.25000,0.67194,0.99776,0.00224,0.00001,0.00000
24.30000,0.67194,0.99682,0.00317,0.00001,0.00000
24.35000,0.67194,0.99599,0.00401,0.00001,0.00000
24.40000,0.67194,0.99758,0.00242,0.00000,0.00000
24.45000,0.67194,0.99689,0.00311,0.00001,0.00000
24.50000,0.67194,0.99578,0.00422,0.00000,0.00000
24.55000,0.67194,0.99874,0.00124,0.00001,0.00000
24.60000,0.67194,0.99885,0.00114,0.00000,0.00000
24.65000,0.67194,0.99979,0.00020,0.00000,0.00000
24.70000,0.67194,0.99902,0.00097,0.00000,0.00000
24.75000,0.67194,0.99992,0.00007,0.00001,0.00000
24.80000,0.67194,0.99992,0.00007,0.00001,0.00000
24.85000,0.67194,0.99988,0.00009,0.00002,0.00000
24.90000,0.67194,0.99998,0.00001,0.00000,0.00000
24.95000,0.67194,0.99998,0.00001,0.00001,0.00000
25.00000,0.67194,0.99996,0.00001,0.00003,0.00000
25.05000,0.67194,0.99997,0.00000,0.00002,0.00000
25.10000,0.67194,0.99999,0.00000,0.00001,0.00000
25.15000,0.67194,0.99998,0.00001,0.00000,0.00000
25.20000,0.67194,0.99999,0.00001,0.00000,0.00000
25.25000,0.67194,0.99988,0.00012,0.00000,0.00000
25.30000,0.67194,0.99996,0.00003,0.00000,0.00000
25.35000,0.67194,0.99996,0.00004,0.00000,0.00000
25.40000,0.67194,0.99986,0.00014,0.00000,0.00000
25.45000,0.67194,0.99998,0.00001,0.00000,0.00000
25.50000,0.67194,0.99990,0.00010,0.00000,0.00000
25.55000,0.67194,0.99992,0.00008,0.00000,0.00000
25.60000,0.67194,0.99986,0.00014,0.00000,0.00000
25.65000,0.67194,0.99992,0.00008,0.00000,0.00000
25.70000,0.67194,0.99996,0.00004,0.00000,0.00000
25.75000,0.67194,0.99999,0.00001,0.00000,0.00000
25.80000,0.67194,1.00000,0.00000,0.00000,0.00000
25.85000,0.67194,1.00000,0.00000,0.00000,0.00000
25.90000,0.67194,0.99999,0.00000,0.00000,0.00000
25.95000,0.67194,0.99999,0.00000,0.00000,0.00001
26.00000,0.67194,0.99992,0.00000,0.00001,0.00007
26.05000,0.67194,0.99983,0.00000,0.00002,0.00015
26.10000,0.67194,0.99993,0.00000,0.00003,0.00004
26.15000,0.67194,0.99982,0.00000,0.00002,0.00017
26.20000,0.67194,0.99983,0.00000,0.00003,0.00013
26.25000,0.67194,0.99812,0.00000,0.00020,0.00169
26.30000,0.67194,0.99956,0.00000,0.00014,0.00030
26.35000,0.67194,0.99883,0.00000,0.00022,0.00096
26.40000,0.67194,0.99680,0.00000,0.00084,0.00235
26.45000,0.67194,0.99674,0.00000,0.00309,0.00016
26.50000,0.67194,0.99894,0.00000,0.00105,0.00001
26.55000,0.67194,0.99887,0.00000,0.00112,0.00001
26.60000,0.67194,0.99936,0.00000,0.00062,0.00001
26.65000,0.67194,0.99889,0.00000,0.00110,0.00000
26.70000,0.67194,0.99955,0.00000,0.00044,0.00000
26.75000,0.67194,0.99940,0.00000,0.00060,0.00000
26.80000,0.67194,0.99937,0.00000,0.00062,0.00001
26.85000,0.67194,0.99873,0.00000,0.00126,0.00000
26.90000,0.67194,0.99902,0.00001,0.00097,0.00000
26.95000,0.67194,0.99848,0.00001,0.00151,0.00000
27.00000,0.67194,0.99653,0.00001,0.00345,0.00000
27.05000,0.67194,0.99670,0.00001,0.00328,0.00000
27.10000,0.67194,0.99555,0.00002,0.00442,0.00000
27.15000,0.67194,0.99626,0.00002,0.00371,0.00000
27.20000,0.67194,0.99229,0.00003,0.00768,0.00000
27.25000,0.67194,0.98973,0.00002,0.01025,0.00000
27.30000,0.67194,0.99264,0.00001,0.00735,0.00000
27.35000,0.67194,0.97388,0.00000,0.02612,0.00000
27.40000,0.67194,0.98028,0.00001,0.01971,0.00000
27.45000,0.67194,0.96121,0.00000,0.03878,0.00000
27.50000,0.67194,0.90132,0.00000,0.09867,0.00000
27.55000,0.67194,0.96293,0.00001,0.03706,0.00000
27.60000,0.67194,0.99628,0.00001,0.00371,0.00000
27.65000,0.67194,0.99812,0.00000,0.00188,0.00000
27.70000,0.67194,0.99852,0.00003,0.00145,0.00000
27.75000,0.67194,0.99986,0.00004,0.00010,0.00000
27.80000,0.67194,0.99958,0.00033,0.00009,0.00000
27.85000,0.67194,0.99929,0.00069,0.00002,0.00000
27.90000,0.67194,0.99890,0.00109,0.00001,0.00000
27.95000,0.67194,0.99806,0.00193,0.00001,0.00000
28.00000,0.67194,0.99882,0.00118,0.00000,0.00000
28.05000,0.67194,0.99958,0.00041,0.00001,0.00000
28.10000,0.67194,0.99967,0.00030,0.00003,0.00000
28.15000,0.67194,0.99994,0.00005,0.00001,0.00000
28.20000,0.67194,0.99993,0.00002,0.00004,0.00000
28.25000,0.67194,0.99980,0.00005,0.00015,0.00000
28.30000,0.67194,0.99969,0.00001,0.00030,0.00000
28.35000,0.67194,0.99878,0.00001,0.00119,0.00002
28.40000,0.67194,0.99900,0.00000,0.00100,0.00000
28.45000,0.67194,0.99914,0.00000,0.00081,0.00004
28.50000,0.67194,0.99718,0.00000,0.00085,0.00198
28.55000,0.67194,0.99831,0.00000,0.00021,0.00148
28.60000,0.67194,0.99809,0.00000,0.00090,0.00101
28.65000,0.67194,0.99825,0.00000,0.00086,0.00089
28.70000,0.67194,0.99883,0.00000,0.00087,0.00030
28.75000,0.67194,0.99944,0.00000,0.00048,0.00007
28.80000,0.67194,0.99807,0.00000,0.00098,0.00095
28.85000,0.67194,0.99874,0.00001,0.00120,0.00005
28.90000,0.67194,0.99528,0.00001,0.00466,0.00005
28.95000,0.67194,0.99857,0.00001,0.00140,0.00002
29.00000,0.67194,0.98704,0.00001,0.01281,0.00014
29.05000,0.67194,0.99721,0.00001,0.00276,0.00002
29.10000,0.67194,0.99347,0.00001,0.00646,0.00006
29.15000,0.67194,0.99848,0.00001,0.00151,0.00000
29.20000,0.67194,0.99329,0.00001,0.00666,0.00004
29.25000,0.67194,0.99870,0.00001,0.00127,0.00002
29.30000,0.67194,0.99810,0.00001,0.00186,0.00003
29.35000,0.67194,0.99810,0.00000,0.00186,0.00003
29.40000,0.67194,0.99619,0.00001,0.00378,0.00002
29.45000,0.67194,0.99802,0.00001,0.00196,0.00001
29.50000,0.67194,0.99834,0.00002,0.00163,0.00001
29.55000,0.67194,0.99886,0.00001,0.00113,0.00000
29.60000,0.67194,0.99934,0.00001,0.00063,0.00001
29.65000,0.67194,0.99907,0.00002,0.00090,0.00001
29.70000,0.67194,0.99877,0.00002,0.00119,0.00002
29.75000,0.67194,0.99951,0.00001,0.00047,0.00001
29.80000,0.67194,0.99837,0.00000,0.00162,0.00001
29.85000,0.67194,0.99789,0.00001,0.00210,0.00000
29.90000,0.67194,0.99650,0.00000,0.00350,0.00000
29.95000,0.67194,0.99800,0.00000,0.00198,0.00001
30.00000,0.67194,0.99711,0.00000,0.00288,0.00000
30.05000,0.67194,0.99567,0.00001,0.00431,0.00001
30.10000,0.67194,0.99634,0.00001,0.00365,0.00000
30.15000,0.67194,0.99615,0.00001,0.00383,0.00001
30.20000,0.67194,0.99828,0.00001,0.00172,0.00000
30.25000,0.67194,0.99015,0.00000,0.00983,0.00002
30.30000,0.67194,0.99346,0.00000,0.00653,0.00001
30.35000,0.67194,0.98870,0.00000,0.01092,0.00038
30.40000,0.67194,0.99039,0.00000,0.00959,0.00001
30.45000,0.67194,0.99079,0.00000,0.00911,0.00010
30.50000,0.67194,0.99633,0.00001,0.00366,0.00001
30.55000,0.67194,0.99740,0.00000,0.00250,0.00010
30.60000,0.67194,0.99942,0.00001,0.00057,0.00000
30.65000,0.67194,0.99903,0.00003,0.00088,0.00006
30.70000,0.67194,0.99972,0.00007,0.00021,0.00000
30.75000,0.67194,0.99944,0.00002,0.00053,0.00001
30.80000,0.67194,0.99980,0.00006,0.00014,0.00000
30.85000,0.67194,0.99951,0.00014,0.00035,0.00000
30.90000,0.67194,0.99898,0.00099,0.00003,0.00000
30.95000,0.67194,0.99949,0.00048,0.00003,0.00000
31.00000,0.67194,0.99868,0.00132,0.00000,0.00000
31.05000,0.67194,0.99685,0.00314,0.00001,0.00000
31.10000,0.67194,0.99436,0.00563,0.00001,0.00000
31.15000,0.67194,0.98868,0.01130,0.00002,0.00000
31.20000,0.67194,0.98178,0.01821,0.00002,0.00000
31.25000,0.67194,0.98374,0.01625,0.00001,0.00000
31.30000,0.67194,0.98188,0.01810,0.00002,0.00000
31.35000,0.67194,0.98481,0.01517,0.00003,0.00000
31.40000,0.67194,0.98755,0.01241,0.00004,0.00000
31.45000,0.67194,0.98153,0.01846,0.00002,0.00000
31.50000,0.67194,0.98498,0.01500,0.00002,0.00000
31.55000,0.67194,0.99191,0.00808,0.00001,0.00000
31.60000,0.67194,0.99813,0.00183,0.00004,0.00000
31.65000,0.67194,0.99872,0.00110,0.00018,0.00000
31.70000,0.67194,0.99959,0.00017,0.00024,0.00000
31.75000,0.67194,0.99813,0.00004,0.00183,0.00001
31.80000,0.67194,0.99975,0.00001,0.00023,0.00001
31.85000,0.67194,0.99914,0.00001,0.00077,0.00008
31.90000,0.67194,0.99911,0.00001,0.00082,0.00006
31.95000,0.67194,0.99870,0.00001,0.00081,0.00049
32.00000,0.67194,0.99796,0.00002,0.00186,0.00015
32.05000,0.67194,0.99731,0.00000,0.00083,0.00186
32.10000,0.67194,0.99782,0.00001,0.00186,0.00031
32.15000,0.67194,0.99715,0.00001,0.00164,0.00120
32.20000,0.67194,0.99589,0.00001,0.00076,0.00334
32.25000,0.67194,0.99761,0.00000,0.00093,0.00145
32.30000,0.67194,0.99861,0.00002,0.00056,0.00082
32.35000,0.67194,0.99901,0.00000,0.00084,0.00015
32.40000,0.67194,0.99741,0.00003,0.00219,0.00037
32.45000,0.67194,0.99813,0.00003,0.00172,0.00012
32.50000,0.67194,0.99458,0.00005,0.00531,0.00006
32.55000,0.67194,0.99742,0.00002,0.00223,0.00033
32.60000,0.67194,0.99457,0.00004,0.00467,0.00071
32.65000,0.67194,0.99543,0.00004,0.00377,0.00077
32.70000,0.67194,0.99702,0.00001,0.00256,0.00040
32.75000,0.67194,0.99798,0.00001,0.00179,0.00022
32.80000,0.67194,0.99571,0.00001,0.00389,0.00039
32.85000,0.67194,0.98217,0.00001,0.01752,0.00030
32.90000,0.67194,0.98522,0.00001,0.01466,0.00011
32.95000,0.67194,0.96826,0.00000,0.03067,0.00106
33.00000,0.67194,0.99785,0.00002,0.00136,0.00076
33.05000,0.67194,0.99416,0.00000,0.00579,0.00005
33.10000,0.67194,0.99719,0.00000,0.00216,0.00064
33.15000,0.67194,0.99365,0.00000,0.00622,0.00013
33.20000,0.67194,0.99791,0.00001,0.00194,0.00014
33.25000,0.67194,0.99722,0.00002,0.00269,0.00007
33.30000,0.67194,0.99806,0.00001,0.00187,0.00007
33.35000,0.67194,0.99484,0.00002,0.00513,0.00002
33.40000,0.67194,0.99762,0.00002,0.00235,0.00001
33.45000,0.67194,0.99884,0.00001,0.00112,0.00002
33.50000,0.67194,0.99841,0.00001,0.00155,0.00003
33.55000,0.67194,0.99431,0.00001,0.00568,0.00000
33.60000,0.67194,0.99933,0.00003,0.00064,0.00001
33.65000,0.67194,0.99663,0.00001,0.00336,0.00000
33.70000,0.67194,0.99680,0.00000,0.00317,0.00002
33.75000,0.67194,0.99540,0.00001,0.00456,0.00002
33.80000,0.67194,0.99550,0.00001,0.00449,0.00000
33.85000,0.67194,0.99824,0.00001,0.00170,0.00005
33.90000,0.67194,0.99920,0.00000,0.00071,0.00009
33.95000,0.67194,0.99723,0.00000,0.00246,0.00031
34.00000,0.67194,0.99889,0.00001,0.00100,0.00010
34.05000,0.67194,0.99712,0.00000,0.00274,0.00013
34.10000,0.67194,0.99748,0.00001,0.00167,0.00083
34.15000,0.67194,0.99741,0.00000,0.00255,0.00003
34.20000,0.67194,0.99887,0.00001,0.00106,0.00006
34.25000,0.67194,0.99909,0.00000,0.00084,0.00006
34.30000,0.67194,0.99886,0.00001,0.00110,0.00003
34.35000,0.67194,0.99756,0.00000,0.00061,0.00182
34.40000,0.67194,0.99767,0.00000,0.00228,0.00005
34.45000,0.67194,0.99851,0.00001,0.00087,0.00061
34.50000,0.67194,0.99813,0.00000,0.00185,0.00001
34.55000,0.67194,0.99820,0.00000,0.00162,0.00018
34.60000,0.67194,0.99847,0.00000,0.00151,0.00002
34.65000,0.67194,0.99909,0.00000,0.00064,0.00027
34.70000,0.67194,0.99900,0.00000,0.00096,0.00004
34.75000,0.67194,0.99755,0.00000,0.00239,0.00005
34.80000,0.67194,0.99843,0.00000,0.00156,0.00001
34.85000,0.67194,0.99930,0.00000,0.00070,0.00001
34.90000,0.67194,0.99921,0.00000,0.00078,0.00001
34.95000,0.67194,0.99927,0.00000,0.00073,0.00001
35.00000,0.67194,0.99908,0.00000,0.00092,0.00000
35.05000,0.67194,0.99692,0.00000,0.00306,0.00002
35.10000,0.67194,0.99852,0.00001,0.00147,0.00000
35.15000,0.67194,0.99838,0.00000,0.00161,0.00001
35.20000,0.67194,0.99916,0.00001,0.00083,0.00000
35.25000,0.67194,0.99836,0.00001,0.00163,0.00000
35.30000,0.67194,0.99926,0.00001,0.00073,0.00000
35.35000,0.67194,0.99877,0.00001,0.00122,0.00000
35.40000,0.67194,0.99905,0.00002,0.00092,0.00000
35.45000,0.67194,0.99982,0.00001,0.00017,0.00000
35.50000,0.67194,0.99973,0.00001,0.00027,0.00000
35.55000,0.67194,0.99991,0.00001,0.00007,0.00000
35.60000,0.67194,0.99988,0.00001,0.00011,0.00000
35.65000,0.67194,0.99996,0.00001,0.00003,0.00000
35.70000,0.67194,0.99988,0.00002,0.00010,0.00000
35.75000,0.67194,0.99985,0.00010,0.00005,0.00000
35.80000,0.67194,0.99972,0.00003,0.00024,0.00000
35.85000,0.67194,0.99986,0.00006,0.00008,0.00000
35.90000,0.67194,0.99976,0.00006,0.00018,0.00000
35.95000,0.67194,0.99950,0.00005,0.00045,0.00000
36.00000,0.67194,0.99940,0.00019,0.00041,0.00000
36.05000,0.67194,0.99946,0.00005,0.00049,0.00000
36.10000,0.67194,0.99965,0.00006,0.00029,0.00000
36.15000,0.67194,0.99941,0.00030,0.00029,0.00000
36.20000,0.67194,0.99965,0.00012,0.00023,0.00000
36.25000,0.67194,0.99932,0.00009,0.00059,0.00000
36.30000,0.67194,0.99942,0.00036,0.00022,0.00000
36.35000,0.67194,0.99953,0.00019,0.00028,0.00000
36.40000,0.67194,0.99967,0.00031,0.00003,0.00000
36.45000,0.67194,0.99978,0.00011,0.00011,0.00000
36.50000,0.67194,0.99937,0.00063,0.00001,0.00000
36.55000,0.67194,0.99967,0.00020,0.00013,0.00000
36.60000,0.67194,0.99983,0.00016,0.00001,0.00000
36.65000,0.67194,0.99990,0.00006,0.00003,0.00001
36.70000,0.67194,0.99995,0.00004,0.00001,0.00000
36.75000,0.67194,0.99991,0.00002,0.00003,0.00005
36.80000,0.67194,0.99995,0.00003,0.00001,0.00001
36.85000,0.67194,0.99994,0.00000,0.00001,0.00004
36.90000,0.67194,0.99990,0.00001,0.00002,0.00006
36.95000,0.67194,0.99966,0.00000,0.00002,0.00032
37.00000,0.67194,0.99991,0.00000,0.00004,0.00005
37.05000,0.67194,0.99934,0.00000,0.00002,0.00064
37.10000,0.67194,0.99974,0.00000,0.00001,0.00025
37.15000,0.67194,0.99879,0.00000,0.00002,0.00120
37.20000,0.67194,0.99945,0.00000,0.00008,0.00047
37.25000,0.67194,0.98276,0.00000,0.00007,0.01717
37.30000,0.67194,0.99512,0.00000,0.00013,0.00475
37.35000,0.67194,0.97608,0.00000,0.00009,0.02383
37.40000,0.67194,0.99230,0.00000,0.00007,0.00763
37.45000,0.67194,0.96640,0.00000,0.00038,0.03322
37.50000,0.67194,0.94490,0.00000,0.00064,0.05446
37.55000,0.67194,0.96179,0.00000,0.00021,0.03799
37.60000,0.67194,0.85480,0.00000,0.00030,0.14490
37.65000,0.67194,0.55315,0.00000,0.00068,0.44617
37.70000,0.67194,0.65007,0.00000,0.00088,0.34905
37.75000,0.67194,0.70746,0.00000,0.00061,0.29193
37.80000,0.67194,0.69895,0.00000,0.00059,0.30046
37.85000,0.67194,0.77997,0.00000,0.00114,0.21889
37.90000,0.67194,0.70248,0.00000,0.00328,0.29423
37.95000,0.67194,0.89526,0.00000,0.00251,0.10223
38.00000,0.67194,0.75350,0.00000,0.00178,0.24472
38.05000,0.67194,0.85792,0.00000,0.00061,0.14147
38.10000,0.67194,0.90794,0.00000,0.00115,0.09090
38.15000,0.67194,0.97942,0.00000,0.00033,0.02025
38.20000,0.67194,0.99658,0.00000,0.00025,0.00317
38.25000,0.67194,0.99854,0.00000,0.00027,0.00119
38.30000,0.67194,0.99926,0.00000,0.00052,0.00022
38.35000,0.67194,0.99898,0.00000,0.00035,0.00066
38.40000,0.67194,0.99917,0.00000,0.00044,0.00039
38.45000,0.67194,0.99778,0.00000,0.00202,0.00020
38.50000,0.67194,0.99904,0.00000,0.00073,0.00023
38.55000,0.67194,0.99925,0.00000,0.00035,0.00040
38.60000,0.67194,0.99937,0.00000,0.00060,0.00003
38.65000,0.67194,0.99955,0.00000,0.00042,0.00002
38.70000,0.67194,0.99975,0.00000,0.00024,0.00001
38.75000,0.67194,0.99968,0.00000,0.00023,0.00009
38.80000,0.67194,0.99951,0.00000,0.00047,0.00002
38.85000,0.67194,0.99937,0.00000,0.00061,0.00002
38.90000,0.67194,0.99979,0.00000,0.00019,0.00002
38.95000,0.67194,0.99989,0.00000,0.00008,0.00002
39.00000,0.67194,0.99993,0.00001,0.00006,0.00000
39.05000,0.67194,0.99997,0.00000,0.00002,0.00000
39.10000,0.67194,0.99994,0.00004,0.00001,0.00000
39.15000,0.67194,0.99993,0.00007,0.00000,0.00000
39.20000,0.67194,0.99995,0.00005,0.00000,0.00000
39.25000,0.67194,0.99989,0.00011,0.00000,0.00000
39.30000,0.67194,0.99994,0.00005,0.00000,0.00000
39.35000,0.67194,0.99940,0.00060,0.00000,0.00000
39.40000,0.67194,0.99982,0.00018,0.00000,0.00000
39.45000,0.67194,0.99997,0.00003,0.00000,0.00000
39.50000,0.67194,0.99975,0.00024,0.00001,0.00000
39.55000,0.67194,0.99986,0.00014,0.00000,0.00000
39.60000,0.67194,0.99995,0.00003,0.00001,0.00001
39.65000,0.67194,0.99988,0.00008,0.00003,0.00001
39.70000,0.67194,0.99959,0.00004,0.00032,0.00005
39.75000,0.67194,0.99960,0.00014,0.00023,0.00003
39.80000,0.67194,0.99898,0.00001,0.00093,0.00008
39.85000,0.67194,0.99781,0.00002,0.00189,0.00028
39.90000,0.67194,0.99637,0.00004,0.00295,0.00064
39.95000,0.67194,0.99629,0.00002,0.00119,0.00250
40.00000,0.67194,0.99430,0.00001,0.00050,0.00519
40.05000,0.67194,0.97773,0.00000,0.00134,0.02093
40.10000,0.67194,0.99429,0.00000,0.00108,0.00463
40.15000,0.67194,0.99710,0.00001,0.00213,0.00076
40.20000,0.67194,0.99557,0.00001,0.00271,0.00171
40.25000,0.67194,0.99580,0.00000,0.00373,0.00046
40.30000,0.67194,0.99703,0.00000,0.00171,0.00126
40.35000,0.67194,0.99832,0.00000,0.00119,0.00049
40.40000,0.67194,0.99753,0.00000,0.00216,0.00030
40.45000,0.67194,0.99735,0.00000,0.00178,0.00087
40.50000,0.67194,0.99604,0.00000,0.00364,0.00031
40.55000,0.67194,0.99570,0.00000,0.00363,0.00067
40.60000,0.67194,0.99752,0.00000,0.00229,0.00019
40.65000,0.67194,0.99371,0.00001,0.00545,0.00083
40.70000,0.67194,0.99434,0.00000,0.00559,0.00007
40.75000,0.67194,0.99114,0.00000,0.00867,0.00018
40.80000,0.67194,0.99072,0.00000,0.00924,0.00004
40.85000,0.67194,0.99262,0.00000,0.00718,0.00020
40.90000,0.67194,0.99628,0.00000,0.00370,0.00002
40.95000,0.67194,0.99022,0.00000,0.00968,0.00009
41.00000,0.67194,0.99208,0.00000,0.00791,0.00000
41.05000,0.67194,0.99248,0.00000,0.00752,0.00000
41.10000,0.67194,0.99529,0.00001,0.00470,0.00000
41.15000,0.67194,0.99580,0.00003,0.00417,0.00000
41.20000,0.67194,0.99359,0.00001,0.00640,0.00000
41.25000,0.67194,0.99867,0.00001,0.00131,0.00000
41.30000,0.67194,0.99953,0.00002,0.00045,0.00000
41.35000,0.67194,0.99947,0.00001,0.00052,0.00000
41.40000,0.67194,0.99983,0.00006,0.00011,0.00000
41.45000,0.67194,0.99971,0.00002,0.00027,0.00000
41.50000,0.67194,0.99988,0.00001,0.00011,0.00000
41.55000,0.67194,0.99890,0.00001,0.00110,0.00000
41.60000,0.67194,0.99936,0.00000,0.00064,0.00000
41.65000,0.67194,0.99759,0.00000,0.00241,0.00000
41.70000,0.67194,0.99984,0.00000,0.00016,0.00000
41.75000,0.67194,0.99985,0.00000,0.00013,0.00003
41.80000,0.67194,0.99872,0.00000,0.00128,0.00000
41.85000,0.67194,0.99923,0.00000,0.00076,0.00000
41.90000,0.67194,0.99353,0.00000,0.00644,0.00002
41.95000,0.67194,0.99718,0.00000,0.00244,0.00038
42.00000,0.67194,0.98433,0.00001,0.01330,0.00237
42.05000,0.67194,0.99717,0.00001,0.00133,0.00149
42.10000,0.67194,0.99297,0.00000,0.00123,0.00580
42.15000,0.67194,0.99745,0.00001,0.00099,0.00154
42.20000,0.67194,0.95758,0.00000,0.01396,0.02846
42.25000,0.67194,0.99401,0.00001,0.00493,0.00105
42.30000,0.67194,0.99026,0.00001,0.00495,0.00477
42.35000,0.67194,0.99771,0.00001,0.00167,0.00062
42.40000,0.67194,0.99693,0.00001,0.00240,0.00067
42.45000,0.67194,0.99889,0.00002,0.00095,0.00014
42.50000,0.67194,0.99434,0.00001,0.00396,0.00170
42.55000,0.67194,0.99549,0.00000,0.00427,0.00024
42.60000,0.67194,0.98669,0.00001,0.01324,0.00006
42.65000,0.67194,0.99515,0.00000,0.00477,0.00008
42.70000,0.67194,0.98683,0.00000,0.01301,0.00015
42.75000,0.67194,0.99291,0.00001,0.00698,0.00010
42.80000,0.67194,0.97066,0.00000,0.02919,0.00015
42.85000,0.67194,0.96261,0.00000,0.03736,0.00003
42.90000,0.67194,0.96766,0.00000,0.03231,0.00003
42.95000,0.67194,0.94285,0.00000,0.05709,0.00006
43.00000,0.67194,0.89781,0.00000,0.10215,0.00004
43.05000,0.67194,0.79995,0.00000,0.19986,0.00019
43.10000,0.67194,0.94296,0.00000,0.05650,0.00054
43.15000,0.67194,0.95009,0.00000,0.04960,0.00031
43.20000,0.67194,0.90345,0.00000,0.08465,0.01190
43.25000,0.67194,0.98877,0.00000,0.01054,0.00069
43.30000,0.67194,0.96352,0.00000,0.03218,0.00429
43.35000,0.67194,0.97362,0.00000,0.02560,0.00078
43.40000,0.67194,0.98468,0.00000,0.00943,0.00589
43.45000,0.67194,0.99332,0.00000,0.00635,0.00033
43.50000,0.67194,0.96781,0.00000,0.00333,0.02886
43.55000,0.67194,0.99038,0.00001,0.00694,0.00267
43.60000,0.67194,0.95910,0.00001,0.00382,0.03707
43.65000,0.67194,0.99055,0.00000,0.00889,0.00056
43.70000,0.67194,0.98855,0.00000,0.00159,0.00986
43.75000,0.67194,0.99771,0.00001,0.00162,0.00066
43.80000,0.67194,0.99685,0.00000,0.00105,0.00209
43.85000,0.67194,0.99550,0.00001,0.00358,0.00092
43.90000,0.67194,0.99863,0.00000,0.00132,0.00004
43.95000,0.67194,0.99828,0.00000,0.00167,0.00004
44.00000,0.67194,0.99793,0.00000,0.00205,0.00002
44.05000,0.67194,0.99584,0.00000,0.00415,0.00001
44.10000,0.67194,0.99882,0.00000,0.00117,0.00000
44.15000,0.67194,0.99820,0.00001,0.00175,0.00004
44.20000,0.67194,0.99759,0.00000,0.00240,0.00001
44.25000,0.67194,0.99614,0.00000,0.00382,0.00004
44.30000,0.67194,0.99839,0.00000,0.00161,0.00000
44.35000,0.67194,0.99925,0.00000,0.00075,0.00000
44.40000,0.67194,0.99890,0.00000,0.00110,0.00000
44.45000,0.67194,0.99839,0.00000,0.00161,0.00000
44.50000,0.67194,0.99118,0.00000,0.00882,0.00000
44.55000,0.67194,0.99882,0.00002,0.00116,0.00000
44.60000,0.67194,0.99643,0.00003,0.00354,0.00000
44.65000,0.67194,0.99778,0.00002,0.00220,0.00000
44.70000,0.67194,0.99760,0.00019,0.00222,0.00000
44.75000,0.67194,0.99771,0.00060,0.00170,0.00000
44.80000,0.67194,0.99856,0.00082,0.00062,0.00000
44.85000,0.67194,0.99725,0.00064,0.00211,0.00000
44.90000,0.67194,0.99258,0.00541,0.00201,0.00000
44.95000,0.67194,0.98093,0.01636,0.00271,0.00000
45.00000,0.67194,0.97490,0.02430,0.00080,0.00000
45.05000,0.67194,0.94880,0.05078,0.00042,0.00000
45.10000,0.67194,0.88807,0.11101,0.00092,0.00000
45.15000,0.67194,0.91423,0.08515,0.00062,0.00000
45.20000,0.67194,0.96483,0.03502,0.00015,0.00000
45.25000,0.67194,0.95114,0.04851,0.00035,0.00000
45.30000,0.67194,0.94739,0.05248,0.00013,0.00000
45.35000,0.67194,0.97286,0.02677,0.00037,0.00000
45.40000,0.67194,0.97943,0.01923,0.00134,0.00000
45.45000,0.67194,0.99258,0.00735,0.00007,0.00000
45.50000,0.67194,0.98749,0.01233,0.00017,0.00001
45.55000,0.67194,0.99695,0.00299,0.00005,0.00000
45.60000,0.67194,0.98577,0.01416,0.00007,0.00000
45.65000,0.67194,0.99601,0.00396,0.00003,0.00000
45.70000,0.67194,0.99406,0.00581,0.00012,0.00001
45.75000,0.67194,0.99459,0.00540,0.00001,0.00000
45.80000,0.67194,0.98973,0.01023,0.00004,0.00000
45.85000,0.67194,0.99508,0.00492,0.00000,0.00000
45.90000,0.67194,0.99588,0.00410,0.00002,0.00000
45.95000,0.67194,0.99525,0.00474,0.00000,0.00000
46.00000,0.67194,0.99643,0.00357,0.00000,0.00000
46.05000,0.67194,0.99758,0.00242,0.00001,0.00000
46.10000,0.67194,0.99435,0.00565,0.00000,0.00000
46.15000,0.67194,0.99423,0.00577,0.00000,0.00000
46.20000,0.67194,0.99108,0.00891,0.00000,0.00000
46.25000,0.67194,0.99660,0.00340,0.00000,0.00000
46.30000,0.67194,0.98871,0.01129,0.00000,0.00000
46.35000,0.67194,0.99411,0.00589,0.00000,0.00000
46.40000,0.67194,0.99463,0.00537,0.00000,0.00000
46.45000,0.67194,0.99422,0.00577,0.00000,0.00000
46.50000,0.67194,0.98471,0.01529,0.00000,0.00000
46.55000,0.67194,0.99139,0.00861,0.00000,0.00000
46.60000,0.67194,0.99100,0.00900,0.00000,0.00000
46.65000,0.67194,0.98984,0.01016,0.00000,0.00000
46.70000,0.67194,0.99477,0.00522,0.00000,0.00000
46.75000,0.67194,0.99530,0.00470,0.00001,0.00000
46.80000,0.67194,0.99687,0.00311,0.00001,0.00000
46.85000,0.67194,0.99630,0.00367,0.00003,0.00000
46.90000,0.67194,0.99806,0.00191,0.00003,0.00000
46.95000,0.67194,0.99874,0.00123,0.00002,0.00000
47.00000,0.67194,0.99931,0.00066,0.00002,0.00000
47.05000,0.67194,0.99924,0.00074,0.00002,0.00000
47.10000,0.67194,0.99981,0.00018,0.00002,0.00000
47.15000,0.67194,0.99987,0.00011,0.00002,0.00000
47.20000,0.67194,0.99993,0.00006,0.00001,0.00000
47.25000,0.67194,0.99990,0.00001,0.00003,0.00006
47.30000,0.67194,0.99997,0.00001,0.00001,0.00001
47.35000,0.67194,0.99970,0.00001,0.00003,0.00026
47.40000,0.67194,0.99998,0.00001,0.00001,0.00001
47.45000,0.67194,0.99992,0.00000,0.00004,0.00004
47.50000,0.67194,0.99996,0.00000,0.00001,0.00002
47.55000,0.67194,0.99994,0.00000,0.00002,0.00004
47.60000,0.67194,0.99996,0.00000,0.00002,0.00002
47.65000,0.67194,0.99997,0.00000,0.00002,0.00001
47.70000,0.67194,0.99995,0.00000,0.00004,0.00001
47.75000,0.67194,0.99986,0.00000,0.00013,0.00001
47.80000,0.67194,0.99971,0.00001,0.00028,0.00000
47.85000,0.67194,0.99905,0.00000,0.00095,0.00000
47.90000,0.67194,0.99967,0.00000,0.00032,0.00000
47.95000,0.67194,0.99954,0.00000,0.00046,0.00000
48.00000,0.67194,0.99925,0.00000,0.00074,0.00000
48.05000,0.67194,0.99881,0.00000,0.00119,0.00000
48.10000,0.67194,0.99853,0.00000,0.00146,0.00000
48.15000,0.67194,0.99820,0.00000,0.00180,0.00000
48.20000,0.67194,0.99801,0.00000,0.00198,0.00000
48.25000,0.67194,0.99647,0.00000,0.00353,0.00000
48.30000,0.67194,0.99321,0.00001,0.00678,0.00000
48.35000,0.67194,0.98582,0.00000,0.01417,0.00000
48.40000,0.67194,0.99509,0.00001,0.00490,0.00000
48.45000,0.67194,0.98813,0.00001,0.01186,0.00000
48.50000,0.67194,0.99130,0.00000,0.00869,0.00001
48.55000,0.67194,0.97745,0.00000,0.02255,0.00000
48.60000,0.67194,0.97581,0.00000,0.02418,0.00000
48.65000,0.67194,0.98859,0.00000,0.01141,0.00000
48.70000,0.67194,0.99538,0.00000,0.00462,0.00000
48.75000,0.67194,0.99075,0.00000,0.00924,0.00000
48.80000,0.67194,0.99670,0.00000,0.00330,0.00000
48.85000,0.67194,0.99915,0.00000,0.00085,0.00000
48.90000,0.67194,0.99898,0.00000,0.00101,0.00000
48.95000,0.67194,0.99990,0.00002,0.00008,0.00000
49.00000,0.67194,0.99982,0.00002,0.00016,0.00000
49.05000,0.67194,0.99992,0.00001,0.00007,0.00000
49.10000,0.67194,0.99993,0.00003,0.00004,0.00000
49.15000,0.67194,0.99995,0.00004,0.00002,0.00000
49.20000,0.67194,0.99992,0.00005,0.00002,0.00001
49.25000,0.67194,0.99996,0.00004,0.00000,0.00000
49.30000,0.67194,0.99998,0.00001,0.00001,0.00000
49.35000,0.67194,0.99995,0.00001,0.00001,0.00003
49.40000,0.67194,0.99997,0.00001,0.00001,0.00001
49.45000,0.67194,0.99990,0.00001,0.00002,0.00007
49.50000,0.67194,0.99993,0.00000,0.00003,0.00004
49.55000,0.67194,0.99959,0.00000,0.00003,0.00037
49.60000,0.67194,0.99989,0.00000,0.00004,0.00008
49.65000,0.67194,0.99933,0.00000,0.00001,0.00065
49.70000,0.67194,0.99975,0.00000,0.00003,0.00022
49.75000,0.67194,0.99928,0.00000,0.00004,0.00067
49.80000,0.67194,0.99957,0.00000,0.00014,0.00029
49.85000,0.67194,0.99954,0.00000,0.00017,0.00029
49.90000,0.67194,0.99912,0.00000,0.00086,0.00002
49.95000,0.67194,0.99950,0.00000,0.00048,0.00001
50.00000,0.67194,0.99880,0.00000,0.00117,0.00002
50.05000,0.67194,0.99961,0.00000,0.00038,0.00002
50.10000,0.67194,0.99934,0.00000,0.00065,0.00001
50.15000,0.67194,0.99850,0.00000,0.00150,0.00000
50.20000,0.67194,0.99927,0.00000,0.00073,0.00000
50.25000,0.67194,0.99855,0.00000,0.00145,0.00000
50.30000,0.67194,0.99823,0.00001,0.00176,0.00000
50.35000,0.67194,0.99844,0.00001,0.00155,0.00000
50.40000,0.67194,0.99959,0.00002,0.00039,0.00000
50.45000,0.67194,0.99836,0.00009,0.00155,0.00000
50.50000,0.67194,0.99973,0.00004,0.00023,0.00000
50.55000,0.67194,0.99951,0.00010,0.00040,0.00000
50.60000,0.67194,0.99981,0.00011,0.00007,0.00000
50.65000,0.67194,0.99957,0.00037,0.00007,0.00000
50.70000,0.67194,0.99924,0.00071,0.00005,0.00000
50.75000,0.67194,0.99936,0.00059,0.00005,0.00000
50.80000,0.67194,0.99828,0.00163,0.00009,0.00000
50.85000,0.67194,0.99851,0.00146,0.00003,0.00000
50.90000,0.67194,0.99619,0.00378,0.00003,0.00000
50.95000,0.67194,0.99717,0.00277,0.00006,0.00000
51.00000,0.67194,0.99478,0.00521,0.00001,0.00000
51.05000,0.67194,0.99405,0.00591,0.00004,0.00000
51.10000,0.67194,0.99038,0.00960,0.00001,0.00000
51.15000,0.67194,0.99538,0.00456,0.00006,0.00000
51.20000,0.67194,0.99126,0.00872,0.00002,0.00000
51.25000,0.67194,0.99039,0.00952,0.00009,0.00000
51.30000,0.67194,0.99195,0.00804,0.00001,0.00000
51.35000,0.67194,0.99178,0.00820,0.00002,0.00000
51.40000,0.67194,0.99401,0.00597,0.00002,0.00000
51.45000,0.67194,0.99234,0.00763,0.00003,0.00000
51.50000,0.67194,0.99377,0.00611,0.00012,0.00000
51.55000,0.67194,0.99445,0.00552,0.00003,0.00000
51.60000,0.67194,0.99054,0.00937,0.00009,0.00000
51.65000,0.67194,0.99093,0.00902,0.00005,0.00000
51.70000,0.67194,0.99169,0.00825,0.00007,0.00000
51.75000,0.67194,0.98964,0.01031,0.00004,0.00000
51.80000,0.67194,0.98069,0.01929,0.00002,0.00000
51.85000,0.67194,0.97778,0.02217,0.00004,0.00000
51.90000,0.67194,0.96546,0.03449,0.00005,0.00000
51.95000,0.67194,0.97158,0.02840,0.00001,0.00000
52.00000,0.67194,0.94978,0.05021,0.00001,0.00000
52.05000,0.67194,0.96703,0.03296,0.00001,0.00000
52.10000,0.67194,0.95524,0.04475,0.00001,0.00000
52.15000,0.67194,0.93339,0.06661,0.00000,0.00000
52.20000,0.67194,0.91827,0.08172,0.00001,0.00000
52.25000,0.67194,0.92441,0.07558,0.00001,0.00000
52.30000,0.67194,0.94496,0.05503,0.00001,0.00000
52.35000,0.67194,0.84016,0.15984,0.00000,0.00000
52.40000,0.67194,0.79218,0.20782,0.00000,0.00000
52.45000,0.67194,0.92990,0.07010,0.00000,0.00000
52.50000,0.67194,0.90643,0.09356,0.00001,0.00000
52.55000,0.67194,0.95335,0.04664,0.00000,0.00000
52.60000,0.67194,0.92055,0.07944,0.00001,0.00000
52.65000,0.67194,0.90775,0.09224,0.00001,0.00000
52.70000,0.67194,0.94705,0.05293,0.00001,0.00000
52.75000,0.67194,0.88721,0.11278,0.00001,0.00000
52.80000,0.67194,0.94276,0.05723,0.00002,0.00000
52.85000,0.67194,0.94223,0.05774,0.00003,0.00000
52.90000,0.67194,0.89952,0.10047,0.00001,0.00000
52.95000,0.67194,0.97208,0.02790,0.00002,0.00000
53.00000,0.67194,0.93945,0.06055,0.00000,0.00000
53.05000,0.67194,0.97699,0.02299,0.00002,0.00000
53.10000,0.67194,0.94502,0.05497,0.00001,0.00000
53.15000,0.67194,0.97433,0.02565,0.00001,0.00000
53.20000,0.67194,0.92934,0.07065,0.00000,0.00000
53.25000,0.67194,0.98304,0.01696,0.00000,0.00000
53.30000,0.67194,0.98220,0.01780,0.00000,0.00000
53.35000,0.67194,0.99017,0.00983,0.00000,0.00000
53.40000,0.67194,0.99775,0.00225,0.00000,0.00000
53.45000,0.67194,0.99932,0.00067,0.00000,0.00000
53.50000,0.67194,0.99964,0.00036,0.00000,0.00000
53.55000,0.67194,0.99988,0.00011,0.00001,0.00000
53.60000,0.67194,0.99994,0.00005,0.00000,0.00000
53.65000,0.67194,0.99987,0.00004,0.00002,0.00007
53.70000,0.67194,0.99993,0.00003,0.00001,0.00004
53.75000,0.67194,0.99829,0.00002,0.00004,0.00165
53.80000,0.67194,0.99937,0.00002,0.00007,0.00055
53.85000,0.67194,0.99416,0.00001,0.00012,0.00571
53.90000,0.67194,0.99964,0.00002,0.00011,0.00023
53.95000,0.67194,0.99933,0.00001,0.00013,0.00053
54.00000,0.67194,0.99987,0.00001,0.00007,0.00004
54.05000,0.67194,0.99951,0.00011,0.00029,0.00009
54.10000,0.67194,0.99948,0.00029,0.00023,0.00000
54.15000,0.67194,0.99886,0.00090,0.00023,0.00000
54.20000,0.67194,0.99778,0.00203,0.00019,0.00000
54.25000,0.67194,0.99866,0.00126,0.00007,0.00000
54.30000,0.67194,0.99775,0.00216,0.00009,0.00000
54.35000,0.67194,0.99676,0.00321,0.00003,0.00000
54.40000,0.67194,0.99832,0.00167,0.00001,0.00000
54.45000,0.67194,0.99739,0.00260,0.00001,0.00000
54.50000,0.67194,0.99806,0.00193,0.00001,0.00000
54.55000,0.67194,0.99923,0.00076,0.00000,0.00000
54.60000,0.67194,0.99935,0.00065,0.00001,0.00000
54.65000,0.67194,0.99982,0.00017,0.00001,0.00000
54.70000,0.67194,0.99993,0.00004,0.00003,0.00000
54.75000,0.67194,0.99995,0.00003,0.00002,0.00000
54.80000,0.67194,0.99990,0.00002,0.00005,0.00002
54.85000,0.67194,0.99960,0.00001,0.00012,0.00028
54.90000,0.67194,0.99876,0.00000,0.00021,0.00103
54.95000,0.67194,0.99713,0.00000,0.00048,0.00238
55.00000,0.67194,0.99658,0.00000,0.00065,0.00276
55.05000,0.67194,0.98633,0.00000,0.00063,0.01304
55.10000,0.67194,0.99124,0.00000,0.00031,0.00845
55.15000,0.67194,0.97586,0.00000,0.00024,0.02389
55.20000,0.67194,0.99359,0.00000,0.00075,0.00566
55.25000,0.67194,0.99372,0.00000,0.00017,0.00611
55.30000,0.67194,0.99867,0.00001,0.00049,0.00083
55.35000,0.67194,0.99934,0.00001,0.00026,0.00039
55.40000,0.67194,0.99953,0.00003,0.00027,0.00018
55.45000,0.67194,0.99981,0.00004,0.00006,0.00009
55.50000,0.67194,0.99921,0.00072,0.00006,0.00001
55.55000,0.67194,0.99976,0.00022,0.00001,0.00000
55.60000,0.67194,0.99897,0.00097,0.00006,0.00000
55.65000,0.67194,0.99839,0.00156,0.00005,0.00000
55.70000,0.67194,0.99894,0.00104,0.00002,0.00000
55.75000,0.67194,0.99935,0.00064,0.00001,0.00000
55.80000,0.67194,0.99818,0.00179,0.00003,0.00000
55.85000,0.67194,0.99922,0.00074,0.00005,0.00000
55.90000,0.67194,0.99881,0.00115,0.00004,0.00000
55.95000,0.67194,0.99979,0.00019,0.00002,0.00000
56.00000,0.67194,0.99882,0.00116,0.00002,0.00000
56.05000,0.67194,0.99869,0.00129,0.00003,0.00000
56.10000,0.67194,0.99978,0.00021,0.00001,0.00000
56.15000,0.67194,0.99942,0.00057,0.00001,0.00000
56.20000,0.67194,0.99937,0.00062,0.00001,0.00000
56.25000,0.67194,0.99914,0.00085,0.00001,0.00000
56.30000,0.67194,0.99938,0.00062,0.00001,0.00000
56.35000,0.67194,0.99835,0.00163,0.00002,0.00000
56.40000,0.67194,0.99912,0.00087,0.00001,0.00000
56.45000,0.67194,0.99731,0.00268,0.00001,0.00000
56.50000,0.67194,0.99726,0.00274,0.00000,0.00000
56.55000,0.67194,0.99821,0.00178,0.00001,0.00000
56.60000,0.67194,0.99767,0.00232,0.00001,0.00000
56.65000,0.67194,0.99848,0.00151,0.00002,0.00000
56.70000,0.67194,0.99336,0.00663,0.00001,0.00000
56.75000,0.67194,0.99680,0.00315,0.00006,0.00000
56.80000,0.67194,0.99840,0.00155,0.00005,0.00000
56.85000,0.67194,0.99851,0.00145,0.00004,0.00000
56.90000,0.67194,0.99939,0.00057,0.00004,0.00000
56.95000,0.67194,0.99976,0.00022,0.00002,0.00000
57.00000,0.67194,0.99963,0.00030,0.00006,0.00000
57.05000,0.67194,0.99984,0.00012,0.00004,0.00000
57.10000,0.67194,0.99992,0.00005,0.00003,0.00000
57.15000,0.67194,0.99983,0.00009,0.00007,0.00001
57.20000,0.67194,0.99973,0.00006,0.00019,0.00002
57.25000,0.67194,0.99974,0.00002,0.00013,0.00011
57.30000,0.67194,0.99972,0.00003,0.00019,0.00005
57.35000,0.67194,0.99984,0.00003,0.00008,0.00005
57.40000,0.67194,0.99953,0.00001,0.00003,0.00042
57.45000,0.67194,0.99969,0.00002,0.00004,0.00025
57.50000,0.67194,0.99982,0.00005,0.00009,0.00003
57.55000,0.67194,0.99983,0.00001,0.00012,0.00003
57.60000,0.67194,0.99983,0.00003,0.00013,0.00000
57.65000,0.67194,0.99982,0.00001,0.00014,0.00003
57.70000,0.67194,0.99968,0.00004,0.00027,0.00000
57.75000,0.67194,0.99973,0.00005,0.00019,0.00003
57.80000,0.67194,0.99984,0.00003,0.00012,0.00002
57.85000,0.67194,0.99930,0.00002,0.00063,0.00005
57.90000,0.67194,0.99953,0.00003,0.00041,0.00002
57.95000,0.67194,0.99903,0.00004,0.00087,0.00006
58.00000,0.67194,0.99308,0.00003,0.00688,0.00001
58.05000,0.67194,0.99019,0.00002,0.00973,0.00006
58.10000,0.67194,0.99426,0.00004,0.00567,0.00002
58.15000,0.67194,0.99526,0.00001,0.00461,0.00013
58.20000,0.67194,0.99399,0.00002,0.00584,0.00015
58.25000,0.67194,0.99371,0.00001,0.00616,0.00012
58.30000,0.67194,0.98872,0.00000,0.01126,0.00002
58.35000,0.67194,0.99808,0.00001,0.00188,0.00003
58.40000,0.67194,0.99675,0.00000,0.00323,0.00002
58.45000,0.67194,0.99630,0.00000,0.00368,0.00002
58.50000,0.67194,0.99630,0.00000,0.00364,0.00006
58.55000,0.67194,0.99522,0.00000,0.00463,0.00014
58.60000,0.67194,0.99469,0.00001,0.00485,0.00045
58.65000,0.67194,0.99443,0.00001,0.00489,0.00067
58.70000,0.67194,0.99580,0.00001,0.00200,0.00219
58.75000,0.67194,0.99267,0.00000,0.00669,0.00063
58.80000,0.67194,0.99421,0.00000,0.00235,0.00344
58.85000,0.67194,0.99534,0.00000,0.00207,0.00259
58.90000,0.67194,0.95997,0.00000,0.03579,0.00424
58.95000,0.67194,0.98432,0.00000,0.01525,0.00043
59.00000,0.67194,0.99408,0.00000,0.00585,0.00007
59.05000,0.67194,0.99744,0.00000,0.00248,0.00008
59.10000,0.67194,0.99691,0.00000,0.00261,0.00047
59.15000,0.67194,0.99907,0.00000,0.00069,0.00024
59.20000,0.67194,0.99968,0.00000,0.00031,0.00001
59.25000,0.67194,0.99972,0.00000,0.00025,0.00003
59.30000,0.67194,0.99947,0.00000,0.00051,0.00003
59.35000,0.67194,0.99910,0.00000,0.00083,0.00007
59.40000,0.67194,0.99946,0.00000,0.00052,0.00002
59.45000,0.67194,0.99809,0.00000,0.00040,0.00151
59.50000,0.67194,0.99887,0.00000,0.00077,0.00036
59.55000,0.67194,0.99852,0.00000,0.00035,0.00113
59.60000,0.67194,0.99859,0.00000,0.00106,0.00035
59.65000,0.67194,0.99085,0.00000,0.00555,0.00360
59.70000,0.67194,0.98392,0.00000,0.00844,0.00763
59.75000,0.67194,0.98317,0.00000,0.00153,0.01530
59.80000,0.67194,0.95447,0.00000,0.00352,0.04201
59.85000,0.67194,0.96583,0.00000,0.00455,0.02962
59.90000,0.67194,0.97420,0.00000,0.00536,0.02044
59.95000,0.67194,0.97829,0.00000,0.00143,0.02029
60.00000,0.67194,0.95137,0.00000,0.00198,0.04664
60.05000,0.67194,0.98168,0.00000,0.00264,0.01568
60.10000,0.67194,0.98381,0.00000,0.00272,0.01347
60.15000,0.67194,0.98848,0.00000,0.00254,0.00898
60.20000,0.67194,0.98255,0.00000,0.00341,0.01403
60.25000,0.67194,0.96095,0.00000,0.00335,0.03570
60.30000,0.67194,0.94049,0.00000,0.00652,0.05299
60.35000,0.67194,0.96811,0.00000,0.00490,0.02699
60.40000,0.67194,0.91926,0.00000,0.00698,0.07376
60.45000,0.67194,0.95896,0.00000,0.00801,0.03303
60.50000,0.67194,0.94221,0.00000,0.01193,0.04586
60.55000,0.67194,0.92645,0.00000,0.00697,0.06658
60.60000,0.67194,0.94001,0.00000,0.00940,0.05059
60.65000,0.67194,0.97682,0.00000,0.00506,0.01812
60.70000,0.67194,0.98007,0.00000,0.00396,0.01597
60.75000,0.67194,0.99491,0.00000,0.00290,0.00219
60.80000,0.67194,0.99782,0.00000,0.00166,0.00053
60.85000,0.67194,0.99790,0.00000,0.00104,0.00106
60.90000,0.67194,0.99625,0.00000,0.00195,0.00180
60.95000,0.67194,0.99386,0.00000,0.00280,0.00334
61.00000,0.67194,0.99690,0.00000,0.00173,0.00136
61.05000,0.67194,0.99778,0.00000,0.00100,0.00123
61.10000,0.67194,0.99860,0.00000,0.00082,0.00057
61.15000,0.67194,0.99732,0.00000,0.00079,0.00189
61.20000,0.67194,0.99883,0.00000,0.00093,0.00024
61.25000,0.67194,0.99850,0.00000,0.00066,0.00084
61.30000,0.67194,0.99770,0.00000,0.00163,0.00066
61.35000,0.67194,0.99736,0.00000,0.00200,0.00064
61.40000,0.67194,0.99754,0.00000,0.00189,0.00057
61.45000,0.67194,0.99690,0.00000,0.00195,0.00115
61.50000,0.67194,0.99617,0.00000,0.00339,0.00043
61.55000,0.67194,0.99554,0.00000,0.00381,0.00065
61.60000,0.67194,0.98839,0.00000,0.01112,0.00049
61.65000,0.67194,0.98795,0.00000,0.01045,0.00160
61.70000,0.67194,0.99383,0.00000,0.00579,0.00038
61.75000,0.67194,0.98656,0.00000,0.01316,0.00028
61.80000,0.67194,0.99092,0.00000,0.00851,0.00057
61.85000,0.67194,0.99346,0.00001,0.00521,0.00132
61.90000,0.67194,0.99689,0.00000,0.00303,0.00008
61.95000,0.67194,0.99417,0.00001,0.00549,0.00034
62.00000,0.67194,0.99060,0.00000,0.00937,0.00003
62.05000,0.67194,0.99108,0.00000,0.00891,0.00001
62.10000,0.67194,0.99772,0.00000,0.00227,0.00001
62.15000,0.67194,0.99466,0.00000,0.00533,0.00001
62.20000,0.67194,0.99460,0.00000,0.00539,0.00001
62.25000,0.67194,0.99682,0.00000,0.00316,0.00001
62.30000,0.67194,0.99738,0.00000,0.00258,0.00004
62.35000,0.67194,0.99375,0.00001,0.00616,0.00009
62.40000,0.67194,0.99010,0.00001,0.00978,0.00011
62.45000,0.67194,0.99217,0.00000,0.00756,0.00026
62.50000,0.67194,0.99556,0.00000,0.00435,0.00009
62.55000,0.67194,0.99784,0.00000,0.00211,0.00005
62.60000,0.67194,0.99310,0.00000,0.00689,0.00002
62.65000,0.67194,0.99620,0.00000,0.00363,0.00017
62.70000,0.67194,0.99603,0.00000,0.00385,0.00012
62.75000,0.67194,0.99756,0.00000,0.00243,0.00001
62.80000,0.67194,0.99628,0.00000,0.00370,0.00002
62.85000,0.67194,0.99719,0.00000,0.00280,0.00001
62.90000,0.67194,0.99592,0.00000,0.00405,0.00003
62.95000,0.67194,0.99671,0.00000,0.00328,0.00001
63.00000,0.67194,0.98954,0.00000,0.01042,0.00003
63.05000,0.67194,0.98814,0.00000,0.01185,0.00001
63.10000,0.67194,0.99080,0.00000,0.00918,0.00002
63.15000,0.67194,0.98596,0.00001,0.01404,0.00000
63.20000,0.67194,0.99041,0.00000,0.00958,0.00001
63.25000,0.67194,0.99467,0.00000,0.00533,0.00000
63.30000,0.67194,0.99395,0.00001,0.00603,0.00002
63.35000,0.67194,0.99420,0.00000,0.00580,0.00000
63.40000,0.67194,0.99647,0.00000,0.00353,0.00000
63.45000,0.67194,0.99778,0.00001,0.00221,0.00000
63.50000,0.67194,0.99809,0.00001,0.00190,0.00000
63.55000,0.67194,0.99766,0.00001,0.00234,0.00000
63.60000,0.67194,0.99873,0.00001,0.00125,0.00000
63.65000,0.67194,0.99947,0.00005,0.00048,0.00000
63.70000,0.67194,0.99971,0.00007,0.00022,0.00000
63.75000,0.67194,0.99962,0.00029,0.00009,0.00000
63.80000,0.67194,0.99955,0.00041,0.00004,0.00000
63.85000,0.67194,0.99879,0.00119,0.00002,0.00000
63.90000,0.67194,0.99881,0.00117,0.00003,0.00000
63.95000,0.67194,0.99911,0.00086,0.00003,0.00000
64.00000,0.67194,0.99891,0.00106,0.00003,0.00000
64.05000,0.67194,0.99859,0.00137,0.00003,0.00000
64.10000,0.67194,0.99865,0.00134,0.00001,0.00000
64.15000,0.67194,0.99965,0.00033,0.00002,0.00001
64.20000,0.67194,0.99913,0.00085,0.00002,0.00000
64.25000,0.67194,0.99969,0.00029,0.00002,0.00000
64.30000,0.67194,0.99959,0.00038,0.00003,0.00000
64.35000,0.67194,0.99984,0.00012,0.00004,0.00001
64.40000,0.67194,0.99981,0.00018,0.00001,0.00000
64.45000,0.67194,0.99984,0.00014,0.00002,0.00000
64.50000,0.67194,0.99965,0.00031,0.00004,0.00000
64.55000,0.67194,0.99981,0.00017,0.00002,0.00000
64.60000,0.67194,0.99974,0.00022,0.00004,0.00000
64.65000,0.67194,0.99973,0.00023,0.00003,0.00000
64.70000,0.67194,0.99983,0.00014,0.00003,0.00000
64.75000,0.67194,0.99951,0.00046,0.00003,0.00000
64.80000,0.67194,0.99961,0.00028,0.00011,0.00000
64.85000,0.67194,0.99987,0.00008,0.00004,0.00000
64.90000,0.67194,0.99981,0.00016,0.00003,0.00001
64.95000,0.67194,0.99984,0.00013,0.00003,0.00000
65.00000,0.67194,0.99973,0.00004,0.00021,0.00001
65.05000,0.67194,0.99954,0.00005,0.00040,0.00001
65.10000,0.67194,0.99974,0.00005,0.00021,0.00001
65.15000,0.67194,0.99959,0.00001,0.00025,0.00016
65.20000,0.67194,0.99935,0.00001,0.00021,0.00043
65.25000,0.67194,0.99912,0.00001,0.00049,0.00038
65.30000,0.67194,0.99825,0.00002,0.00067,0.00106
65.35000,0.67194,0.99432,0.00000,0.00034,0.00534
65.40000,0.67194,0.99930,0.00001,0.00012,0.00058
65.45000,0.67194,0.99762,0.00000,0.00088,0.00149
65.50000,0.67194,0.99742,0.00000,0.00228,0.00029
65.55000,0.67194,0.98476,0.00000,0.00578,0.00946
65.60000,0.67194,0.99608,0.00000,0.00273,0.00119
65.65000,0.67194,0.97017,0.00000,0.00552,0.02431
65.70000,0.67194,0.98386,0.00000,0.00874,0.00740
65.75000,0.67194,0.97749,0.00000,0.01518,0.00733
65.80000,0.67194,0.99119,0.00000,0.00753,0.00127
65.85000,0.67194,0.97109,0.00000,0.02330,0.00561
65.90000,0.67194,0.98788,0.00000,0.00881,0.00331
65.95000,0.67194,0.98537,0.00000,0.00386,0.01078
66.00000,0.67194,0.99225,0.00000,0.00509,0.00266
66.05000,0.67194,0.99552,0.00000,0.00223,0.00224
66.10000,0.67194,0.99590,0.00000,0.00302,0.00108
66.15000,0.67194,0.99681,0.00000,0.00078,0.00241
66.20000,0.67194,0.99226,0.00000,0.00238,0.00536
66.25000,0.67194,0.99670,0.00000,0.00152,0.00177
66.30000,0.67194,0.99901,0.00000,0.00056,0.00043
66.35000,0.67194,0.99954,0.00000,0.00018,0.00027
66.40000,0.67194,0.99798,0.00000,0.00017,0.00185
66.45000,0.67194,0.99933,0.00000,0.00047,0.00020
66.50000,0.67194,0.99972,0.00001,0.00009,0.00018
66.55000,0.67194,0.99806,0.00000,0.00183,0.00011
66.60000,0.67194,0.99897,0.00000,0.00091,0.00012
66.65000,0.67194,0.99816,0.00001,0.00155,0.00028
66.70000,0.67194,0.99815,0.00000,0.00178,0.00007
66.75000,0.67194,0.99781,0.00001,0.00101,0.00116
66.80000,0.67194,0.99930,0.00001,0.00042,0.00028
66.85000,0.67194,0.99871,0.00001,0.00068,0.00060
66.90000,0.67194,0.99950,0.00002,0.00030,0.00018
66.95000,0.67194,0.99942,0.00001,0.00042,0.00016
67.00000,0.67194,0.99935,0.00002,0.00021,0.00043
67.05000,0.67194,0.99806,0.00002,0.00067,0.00124
67.10000,0.67194,0.99857,0.00002,0.00044,0.00097
67.15000,0.67194,0.99900,0.00001,0.00083,0.00017
67.20000,0.67194,0.99839,0.00001,0.00049,0.00111
67.25000,0.67194,0.99663,0.00001,0.00184,0.00153
67.30000,0.67194,0.99653,0.00001,0.00292,0.00054
67.35000,0.67194,0.99546,0.00002,0.00347,0.00104
67.40000,0.67194,0.99643,0.00001,0.00319,0.00037
67.45000,0.67194,0.98114,0.00001,0.01340,0.00545
67.50000,0.67194,0.99613,0.00000,0.00302,0.00085
67.55000,0.67194,0.99046,0.00000,0.00489,0.00465
67.60000,0.67194,0.99701,0.00002,0.00208,0.00090
67.65000,0.67194,0.99181,0.00001,0.00658,0.00160
67.70000,0.67194,0.99730,0.00000,0.00198,0.00072
67.75000,0.67194,0.99719,0.00000,0.00238,0.00042
67.80000,0.67194,0.99815,0.00000,0.00151,0.00034
67.85000,0.67194,0.99624,0.00000,0.00254,0.00121
67.90000,0.67194,0.99718,0.00000,0.00265,0.00017
67.95000,0.67194,0.99789,0.00000,0.00181,0.00030
68.00000,0.67194,0.99945,0.00000,0.00048,0.00008
68.05000,0.67194,0.99712,0.00000,0.00099,0.00189
68.10000,0.67194,0.99738,0.00000,0.00257,0.00005
68.15000,0.67194,0.99692,0.00000,0.00045,0.00262
68.20000,0.67194,0.99872,0.00000,0.00046,0.00082
68.25000,0.67194,0.98346,0.00000,0.00073,0.01581
68.30000,0.67194,0.98470,0.00000,0.00174,0.01355
68.35000,0.67194,0.99462,0.00000,0.00123,0.00415
68.40000,0.67194,0.99565,0.00000,0.00091,0.00345
68.45000,0.67194,0.98451,0.00000,0.00152,0.01398
68.50000,0.67194,0.99006,0.00000,0.00271,0.00723
68.55000,0.67194,0.98186,0.00000,0.00509,0.01304
68.60000,0.67194,0.97341,0.00000,0.00238,0.02420
68.65000,0.67194,0.98994,0.00000,0.00243,0.00763
68.70000,0.67194,0.97246,0.00000,0.00062,0.02692
68.75000,0.67194,0.97435,0.00000,0.00050,0.02515
68.80000,0.67194,0.98984,0.00000,0.00113,0.00903
68.85000,0.67194,0.97907,0.00000,0.00056,0.02036
68.90000,0.67194,0.99109,0.00000,0.00024,0.00867
68.95000,0.67194,0.98930,0.00000,0.00118,0.00952
69.00000,0.67194,0.96508,0.00000,0.00074,0.03419
69.05000,0.67194,0.99662,0.00000,0.00061,0.00277
69.10000,0.67194,0.99770,0.00000,0.00062,0.00168
69.15000,0.67194,0.99877,0.00000,0.00035,0.00088
69.20000,0.67194,0.99765,0.00000,0.00087,0.00148
69.25000,0.67194,0.99848,0.00000,0.00137,0.00015
69.30000,0.67194,0.99954,0.00000,0.00042,0.00003
69.35000,0.67194,0.99954,0.00001,0.00042,0.00003
69.40000,0.67194,0.99937,0.00000,0.00062,0.00001
69.45000,0.67194,0.99976,0.00001,0.00023,0.00000
69.50000,0.67194,0.99959,0.00000,0.00040,0.00000
69.55000,0.67194,0.99960,0.00000,0.00040,0.00000
69.60000,0.67194,0.99974,0.00000,0.00025,0.00000
69.65000,0.67194,0.99965,0.00001,0.00035,0.00000
69.70000,0.67194,0.99975,0.00002,0.00023,0.00000
69.75000,0.67194,0.99968,0.00001,0.00031,0.00000
69.80000,0.67194,0.99978,0.00007,0.00014,0.00000
69.85000,0.67194,0.99958,0.00008,0.00034,0.00000
69.90000,0.67194,0.99933,0.00057,0.00010,0.00000
69.95000,0.67194,0.99933,0.00012,0.00055,0.00000
70.00000,0.67194,0.99962,0.00016,0.00022,0.00000
70.05000,0.67194,0.99965,0.00018,0.00017,0.00000
70.10000,0.67194,0.99968,0.00028,0.00005,0.00000
70.15000,0.67194,0.99932,0.00067,0.00001,0.00000
70.20000,0.67194,0.99925,0.00074,0.00001,0.00000
70.25000,0.67194,0.99974,0.00022,0.00004,0.00000
70.30000,0.67194,0.99956,0.00043,0.00001,0.00000
70.35000,0.67194,0.99912,0.00088,0.00001,0.00000
70.40000,0.67194,0.99969,0.00028,0.00003,0.00000
70.45000,0.67194,0.99945,0.00054,0.00001,0.00000
70.50000,0.67194,0.99966,0.00033,0.00001,0.00000
70.55000,0.67194,0.99916,0.00081,0.00003,0.00000
70.60000,0.67194,0.99946,0.00053,0.00001,0.00000
70.65000,0.67194,0.99965,0.00033,0.00002,0.00000
70.70000,0.67194,0.99903,0.00096,0.00001,0.00000
70.75000,0.67194,0.99962,0.00036,0.00002,0.00000
70.80000,0.67194,0.99945,0.00054,0.00001,0.00000
70.85000,0.67194,0.99946,0.00052,0.00001,0.00000
70.90000,0.67194,0.99924,0.00070,0.00006,0.00000
70.95000,0.67194,0.99966,0.00012,0.00022,0.00000
71.00000,0.67194,0.99981,0.00005,0.00013,0.00000
71.05000,0.67194,0.99958,0.00001,0.00041,0.00000
71.10000,0.67194,0.99970,0.00001,0.00029,0.00000
71.15000,0.67194,0.99970,0.00001,0.00029,0.00000
71.20000,0.67194,0.99961,0.00000,0.00038,0.00000
71.25000,0.67194,0.99813,0.00000,0.00187,0.00000
71.30000,0.67194,0.99882,0.00001,0.00117,0.00000
71.35000,0.67194,0.99672,0.00000,0.00328,0.00000
71.40000,0.67194,0.99731,0.00000,0.00268,0.00000
71.45000,0.67194,0.99962,0.00000,0.00037,0.00000
71.50000,0.67194,0.99963,0.00001,0.00022,0.00015
71.55000,0.67194,0.99929,0.00002,0.00065,0.00005
71.60000,0.67194,0.99959,0.00003,0.00030,0.00008
71.65000,0.67194,0.99976,0.00001,0.00018,0.00005
71.70000,0.67194,0.99840,0.00005,0.00112,0.00042
71.75000,0.67194,0.99925,0.00007,0.00044,0.00024
71.80000,0.67194,0.99951,0.00007,0.00028,0.00014
71.85000,0.67194,0.99959,0.00006,0.00033,0.00002
71.90000,0.67194,0.99909,0.00021,0.00052,0.00018
71.95000,0.67194,0.99952,0.00014,0.00032,0.00002
72.00000,0.67194,0.99962,0.00024,0.00012,0.00001
72.05000,0.67194,0.99975,0.00013,0.00008,0.00004
72.10000,0.67194,0.99931,0.00013,0.00055,0.00001
72.15000,0.67194,0.99967,0.00004,0.00029,0.00000
72.20000,0.67194,0.99985,0.00009,0.00005,0.00001
72.25000,0.67194,0.99969,0.00005,0.00016,0.00010
72.30000,0.67194,0.99962,0.00003,0.00034,0.00001
72.35000,0.67194,0.99986,0.00004,0.00004,0.00007
72.40000,0.67194,0.99971,0.00003,0.00014,0.00011
72.45000,0.67194,0.99946,0.00006,0.00006,0.00042
72.50000,0.67194,0.99944,0.00003,0.00051,0.00002
72.55000,0.67194,0.99979,0.00002,0.00016,0.00004
72.60000,0.67194,0.99955,0.00005,0.00020,0.00019
72.65000,0.67194,0.99969,0.00002,0.00011,0.00018
72.70000,0.67194,0.99965,0.00001,0.00028,0.00006
72.75000,0.67194,0.99984,0.00001,0.00012,0.00003
72.80000,0.67194,0.99979,0.00003,0.00009,0.00009
72.85000,0.67194,0.99983,0.00001,0.00016,0.00000
72.90000,0.67194,0.99935,0.00001,0.00064,0.00001
72.95000,0.67194,0.99984,0.00001,0.00015,0.00000
73.00000,0.67194,0.99975,0.00001,0.00024,0.00001
73.05000,0.67194,0.99994,0.00001,0.00005,0.00000
73.10000,0.67194,0.99956,0.00001,0.00043,0.00000
73.15000,0.67194,0.99993,0.00001,0.00006,0.00001
73.20000,0.67194,0.99991,0.00001,0.00008,0.00001
73.25000,0.67194,0.99992,0.00001,0.00004,0.00003
73.30000,0.67194,0.99971,0.00001,0.00028,0.00000
73.35000,0.67194,0.99991,0.00000,0.00008,0.00001
73.40000,0.67194,0.99996,0.00001,0.00002,0.00001
73.45000,0.67194,0.99992,0.00000,0.00006,0.00002
73.50000,0.67194,0.99991,0.00002,0.00007,0.00000
73.55000,0.67194,0.99985,0.00001,0.00014,0.00001
73.60000,0.67194,0.99981,0.00001,0.00017,0.00000
73.65000,0.67194,0.99963,0.00000,0.00036,0.00000
73.70000,0.67194,0.99958,0.00001,0.00041,0.00000
73.75000,0.67194,0.99959,0.00000,0.00040,0.00000
73.80000,0.67194,0.99983,0.00000,0.00017,0.00000
73.85000,0.67194,0.99964,0.00000,0.00035,0.00000
73.90000,0.67194,0.99976,0.00001,0.00023,0.00000
73.95000,0.67194,0.99978,0.00000,0.00022,0.00000
74.00000,0.67194,0.99993,0.00001,0.00006,0.00000
74.05000,0.67194,0.99988,0.00001,0.00010,0.00000
74.10000,0.67194,0.99992,0.00001,0.00007,0.00000
74.15000,0.67194,0.99996,0.00001,0.00004,0.00000
74.20000,0.67194,0.99996,0.00001,0.00003,0.00000
74.25000,0.67194,0.99991,0.00001,0.00008,0.00000
74.30000,0.67194,0.99987,0.00002,0.00011,0.00000
74.35000,0.67194,0.99992,0.00003,0.00006,0.00000
74.40000,0.67194,0.99972,0.00005,0.00024,0.00000
74.45000,0.67194,0.99968,0.00017,0.00015,0.00000
74.50000,0.67194,0.99905,0.00012,0.00083,0.00000
74.55000,0.67194,0.99959,0.00025,0.00016,0.00000
74.60000,0.67194,0.99837,0.00022,0.00141,0.00000
74.65000,0.67194,0.99901,0.00024,0.00075,0.00000
74.70000,0.67194,0.99668,0.00027,0.00305,0.00000
74.75000,0.67194,0.98918,0.00054,0.01029,0.00000
74.80000,0.67194,0.99806,0.00088,0.00106,0.00000
74.85000,0.67194,0.99307,0.00138,0.00556,0.00000
74.90000,0.67194,0.99001,0.00932,0.00067,0.00000
74.95000,0.67194,0.98336,0.01395,0.00269,0.00000
75.00000,0.67194,0.98915,0.01057,0.00028,0.00000
75.05000,0.67194,0.99021,0.00870,0.00109,0.00000
75.10000,0.67194,0.98841,0.01149,0.00010,0.00000
75.15000,0.67194,0.99250,0.00721,0.00029,0.00000
75.20000,0.67194,0.98233,0.01766,0.00002,0.00000
75.25000,0.67194,0.99210,0.00783,0.00008,0.00000
75.30000,0.67194,0.99731,0.00267,0.00001,0.00000
75.35000,0.67194,0.99763,0.00232,0.00004,0.00000
75.40000,0.67194,0.99777,0.00223,0.00001,0.00000
75.45000,0.67194,0.99925,0.00072,0.00002,0.00000
75.50000,0.67194,0.99826,0.00174,0.00001,0.00000
75.55000,0.67194,0.99927,0.00072,0.00001,0.00000
75.60000,0.67194,0.99884,0.00116,0.00000,0.00000
75.65000,0.67194,0.99944,0.00055,0.00001,0.00000
75.70000,0.67194,0.99896,0.00104,0.00000,0.00000
75.75000,0.67194,0.99933,0.00066,0.00000,0.00000
75.80000,0.67194,0.99927,0.00073,0.00000,0.00000
75.85000,0.67194,0.99952,0.00047,0.00000,0.00000
75.90000,0.67194,0.99925,0.00074,0.00000,0.00000
75.95000,0.67194,0.99950,0.00050,0.00000,0.00000
76.00000,0.67194,0.99900,0.00099,0.00000,0.00000
76.05000,0.67194,0.99937,0.00062,0.00000,0.00000
76.10000,0.67194,0.99897,0.00103,0.00000,0.00000
76.15000,0.67194,0.99901,0.00099,0.00000,0.00000
76.20000,0.67194,0.99946,0.00053,0.00000,0.00000
76.25000,0.67194,0.99940,0.00060,0.00000,0.00000
76.30000,0.67194,0.99945,0.00055,0.00000,0.00000
76.35000,0.67194,0.99942,0.00058,0.00000,0.00000
76.40000,0.67194,0.99961,0.00038,0.00000,0.00000
76.45000,0.67194,0.99940,0.00059,0.00001,0.00000
76.50000,0.67194,0.99943,0.00056,0.00000,0.00000
76.55000,0.67194,0.99947,0.00052,0.00001,0.00000
76.60000,0.67194,0.99953,0.00047,0.00001,0.00000
76.65000,0.67194,0.99956,0.00044,0.00000,0.00000
76.70000,0.67194,0.99937,0.00062,0.00001,0.00000
76.75000,0.67194,0.99947,0.00052,0.00001,0.00000
76.80000,0.67194,0.99942,0.00058,0.00001,0.00000
76.85000,0.67194,0.99807,0.00188,0.00006,0.00000
76.90000,0.67194,0.99933,0.00054,0.00012,0.00000
76.95000,0.67194,0.99910,0.00022,0.00068,0.00000
77.00000,0.67194,0.99870,0.00010,0.00119,0.00000
77.05000,0.67194,0.99944,0.00005,0.00051,0.00000
77.10000,0.67194,0.99966,0.00003,0.00030,0.00000
77.15000,0.67194,0.99974,0.00001,0.00025,0.00000
77.20000,0.67194,0.99933,0.00003,0.00064,0.00000
77.25000,0.67194,0.99965,0.00002,0.00033,0.00000
77.30000,0.67194,0.99958,0.00001,0.00041,0.00000
77.35000,0.67194,0.99978,0.00001,0.00021,0.00000
77.40000,0.67194,0.99968,0.00002,0.00029,0.00001
77.45000,0.67194,0.99986,0.00004,0.00009,0.00001
77.50000,0.67194,0.99986,0.00003,0.00002,0.00009
77.55000,0.67194,0.99955,0.00003,0.00002,0.00041
77.60000,0.67194,0.99962,0.00002,0.00004,0.00032
77.65000,0.67194,0.99934,0.00002,0.00005,0.00058
77.70000,0.67194,0.99943,0.00003,0.00003,0.00050
77.75000,0.67194,0.99896,0.00006,0.00005,0.00092
77.80000,0.67194,0.99894,0.00004,0.00003,0.00099
77.85000,0.67194,0.99791,0.00009,0.00006,0.00194
77.90000,0.67194,0.99885,0.00002,0.00003,0.00109
77.95000,0.67194,0.99767,0.00003,0.00004,0.00226
78.00000,0.67194,0.99789,0.00008,0.00005,0.00198
78.05000,0.67194,0.99617,0.00012,0.00013,0.00359
78.10000,0.67194,0.99912,0.00014,0.00013,0.00061
78.15000,0.67194,0.99885,0.00011,0.00023,0.00081
78.20000,0.67194,0.99924,0.00006,0.00033,0.00037
78.25000,0.67194,0.99878,0.00005,0.00109,0.00007
78.30000,0.67194,0.99798,0.00012,0.00096,0.00094
78.35000,0.67194,0.99804,0.00008,0.00131,0.00058
78.40000,0.67194,0.99669,0.00005,0.00272,0.00054
78.45000,0.67194,0.99742,0.00010,0.00232,0.00015
78.50000,0.67194,0.99852,0.00005,0.00090,0.00052
78.55000,0.67194,0.99857,0.00005,0.00134,0.00004
78.60000,0.67194,0.99863,0.00004,0.00087,0.00047
78.65000,0.67194,0.99644,0.00004,0.00339,0.00013
78.70000,0.67194,0.99664,0.00004,0.00168,0.00163
78.75000,0.67194,0.99661,0.00005,0.00302,0.00031
78.80000,0.67194,0.99586,0.00003,0.00292,0.00119
78.85000,0.67194,0.99800,0.00007,0.00190,0.00004
78.90000,0.67194,0.99646,0.00015,0.00238,0.00101
78.95000,0.67194,0.99606,0.00008,0.00264,0.00122
79.00000,0.67194,0.99230,0.00010,0.00707,0.00053
79.05000,0.67194,0.99085,0.00008,0.00880,0.00027
79.10000,0.67194,0.98714,0.00007,0.01271,0.00007
79.15000,0.67194,0.99367,0.00004,0.00622,0.00007
79.20000,0.67194,0.99601,0.00004,0.00383,0.00013
79.25000,0.67194,0.99387,0.00001,0.00604,0.00008
79.30000,0.67194,0.99509,0.00014,0.00476,0.00002
79.35000,0.67194,0.98623,0.00001,0.01375,0.00001
79.40000,0.67194,0.99374,0.00004,0.00619,0.00002
79.45000,0.67194,0.99724,0.00002,0.00273,0.00001
79.50000,0.67194,0.99860,0.00003,0.00135,0.00001
79.55000,0.67194,0.99841,0.00001,0.00158,0.00000
79.60000,0.67194,0.99922,0.00002,0.00076,0.00000
79.65000,0.67194,0.99954,0.00001,0.00044,0.00001
79.70000,0.67194,0.99986,0.00003,0.00011,0.00000
79.75000,0.67194,0.99960,0.00002,0.00038,0.00000
79.80000,0.67194,0.99990,0.00003,0.00007,0.00000
79.85000,0.67194,0.99972,0.00001,0.00027,0.00000
79.90000,0.67194,0.99997,0.00002,0.00001,0.00000
79.95000,0.67194,0.99993,0.00001,0.00007,0.00000
80.00000,0.67194,0.99996,0.00002,0.00002,0.00000
80.05000,0.67194,0.99981,0.00000,0.00019,0.00000
80.10000,0.67194,0.99980,0.00000,0.00020,0.00000
80.15000,0.67194,0.99952,0.00000,0.00048,0.00000
80.20000,0.67194,0.99979,0.00000,0.00021,0.00000
80.25000,0.67194,0.99905,0.00000,0.00095,0.00000
80.30000,0.67194,0.99946,0.00000,0.00054,0.00000
80.35000,0.67194,0.99942,0.00000,0.00058,0.00000
80.40000,0.67194,0.99880,0.00000,0.00120,0.00000
80.45000,0.67194,0.99937,0.00000,0.00063,0.00000
80.50000,0.67194,0.99793,0.00000,0.00207,0.00000
80.55000,0.67194,0.99922,0.00000,0.00078,0.00000
80.60000,0.67194,0.99947,0.00000,0.00053,0.00000
80.65000,0.67194,0.99926,0.00000,0.00074,0.00000
80.70000,0.67194,0.99966,0.00000,0.00034,0.00000
80.75000,0.67194,0.99992,0.00000,0.00008,0.00000
80.80000,0.67194,0.99964,0.00006,0.00030,0.00000
80.85000,0.67194,0.99989,0.00006,0.00005,0.00000
80.90000,0.67194,0.99985,0.00010,0.00005,0.00000
80.95000,0.67194,0.99964,0.00034,0.00003,0.00000
81.00000,0.67194,0.99881,0.00116,0.00004,0.00000
81.05000,0.67194,0.99883,0.00117,0.00000,0.00000
81.10000,0.67194,0.99735,0.00265,0.00000,0.00000
81.15000,0.67194,0.99700,0.00300,0.00000,0.00000
81.20000,0.67194,0.99474,0.00526,0.00000,0.00000
81.25000,0.67194,0.99731,0.00269,0.00000,0.00000
81.30000,0.67194,0.99660,0.00340,0.00000,0.00000
81.35000,0.67194,0.99224,0.00776,0.00000,0.00000
81.40000,0.67194,0.99544,0.00456,0.00000,0.00000
81.45000,0.67194,0.99348,0.00652,0.00000,0.00000
81.50000,0.67194,0.99473,0.00527,0.00000,0.00000
81.55000,0.67194,0.99149,0.00851,0.00000,0.00000
81.60000,0.67194,0.99682,0.00318,0.00000,0.00000
81.65000,0.67194,0.99691,0.00309,0.00000,0.00000
81.70000,0.67194,0.99871,0.00129,0.00000,0.00000
81.75000,0.67194,0.99831,0.00169,0.00000,0.00000
81.80000,0.67194,0.99857,0.00142,0.00000,0.00000
81.85000,0.67194,0.99883,0.00117,0.00000,0.00000
81.90000,0.67194,0.99932,0.00068,0.00000,0.00000
81.95000,0.67194,0.99886,0.00113,0.00000,0.00000
82.00000,0.67194,0.99915,0.00085,0.00000,0.00000
82.05000,0.67194,0.99921,0.00078,0.00000,0.00000
82.10000,0.67194,0.99926,0.00074,0.00000,0.00000
82.15000,0.67194,0.99918,0.00081,0.00000,0.00000
82.20000,0.67194,0.99933,0.00067,0.00000,0.00000
82.25000,0.67194,0.99929,0.00071,0.00000,0.00000
82.30000,0.67194,0.99902,0.00098,0.00000,0.00000
82.35000,0.67194,0.99934,0.00066,0.00000,0.00000
82.40000,0.67194,0.99908,0.00091,0.00001,0.00000
82.45000,0.67194,0.99926,0.00074,0.00000,0.00000
82.50000,0.67194,0.99934,0.00065,0.00001,0.00000
82.55000,0.67194,0.99933,0.00066,0.00001,0.00000
82.60000,0.67194,0.99927,0.00072,0.00001,0.00000
82.65000,0.67194,0.99911,0.00089,0.00000,0.00000
