Time (seconds), Duration (seconds),pred_unlabelled,pred_sirens
0.00000,1.01194,0.49709,0.50291
0.12000,1.01194,0.36225,0.63775
0.24000,1.01194,0.45334,0.54666
0.36000,1.01194,0.37983,0.62017
0.48000,1.01194,0.45454,0.54546
0.60000,1.01194,0.22606,0.77394
0.72000,1.01194,0.40489,0.59511
0.84000,1.01194,0.34047,0.65953
0.96000,1.01194,0.51193,0.48807
1.08000,1.01194,0.29458,0.70542
1.20000,1.01194,0.50612,0.49388
1.32000,1.01194,0.39862,0.60138
1.44000,1.01194,0.48755,0.51245
1.56000,1.01194,0.36016,0.63984
1.68000,1.01194,0.40367,0.59633
1.80000,1.01194,0.27101,0.72899
1.92000,1.01194,0.22079,0.77921
2.04000,1.01194,0.36420,0.63580
2.16000,1.01194,0.24163,0.75837
2.28000,1.01194,0.33177,0.66823
2.40000,1.01194,0.25838,0.74162
2.52000,1.01194,0.35371,0.64629
2.64000,1.01194,0.25898,0.74102
2.76000,1.01194,0.35772,0.64228
2.88000,1.01194,0.16140,0.83860
3.00000,1.01194,0.24378,0.75622
3.12000,1.01194,0.17774,0.82226
3.24000,1.01194,0.17788,0.82212
3.36000,1.01194,0.15223,0.84777
3.48000,1.01194,0.27898,0.72102
3.60000,1.01194,0.32620,0.67380
3.72000,1.01194,0.32269,0.67731
3.84000,1.01194,0.22681,0.77319
3.96000,1.01194,0.29321,0.70679
4.08000,1.01194,0.28453,0.71547
4.20000,1.01194,0.37706,0.62294
4.32000,1.01194,0.37099,0.62901
4.44000,1.01194,0.23236,0.76764
4.56000,1.01194,0.31621,0.68379
4.68000,1.01194,0.29833,0.70167
4.80000,1.01194,0.36490,0.63510
4.92000,1.01194,0.33258,0.66742
5.04000,1.01194,0.15948,0.84052
5.16000,1.01194,0.25619,0.74381
5.28000,1.01194,0.12218,0.87782
5.40000,1.01194,0.31832,0.68168
5.52000,1.01194,0.09101,0.90899
5.64000,1.01194,0.21330,0.78670
5.76000,1.01194,0.19240,0.80760
5.88000,1.01194,0.46684,0.53316
6.00000,1.01194,0.23780,0.76220
6.12000,1.01194,0.55338,0.44662
6.24000,1.01194,0.21287,0.78713
6.36000,1.01194,0.49114,0.50886
6.48000,1.01194,0.42356,0.57644
6.60000,1.01194,0.44204,0.55796
6.72000,1.01194,0.24305,0.75695
6.84000,1.01194,0.32604,0.67396
6.96000,1.01194,0.45509,0.54491
7.08000,1.01194,0.38277,0.61723
7.20000,1.01194,0.50457,0.49543
7.32000,1.01194,0.60681,0.39319
7.44000,1.01194,0.46738,0.53262
7.56000,1.01194,0.38113,0.61887
7.68000,1.01194,0.21222,0.78778
7.80000,1.01194,0.20926,0.79074
7.92000,1.01194,0.14159,0.85841
8.04000,1.01194,0.12764,0.87236
8.16000,1.01194,0.16466,0.83534
8.28000,1.01194,0.17598,0.82402
8.40000,1.01194,0.06923,0.93077
8.52000,1.01194,0.17777,0.82223
8.64000,1.01194,0.22370,0.77630
8.76000,1.01194,0.08755,0.91245
8.88000,1.01194,0.14658,0.85342
9.00000,1.01194,0.10585,0.89415
9.12000,1.01194,0.10487,0.89513
9.24000,1.01194,0.04820,0.95180
9.36000,1.01194,0.06636,0.93364
9.48000,1.01194,0.09474,0.90526
9.60000,1.01194,0.06092,0.93908
9.72000,1.01194,0.03933,0.96067
9.84000,1.01194,0.05788,0.94212
9.96000,1.01194,0.03863,0.96137
10.08000,1.01194,0.06578,0.93422
10.20000,1.01194,0.18959,0.81041
10.32000,1.01194,0.06023,0.93977
10.44000,1.01194,0.26925,0.73075
10.56000,1.01194,0.15887,0.84113
10.68000,1.01194,0.39016,0.60984
10.80000,1.01194,0.37200,0.62800
10.92000,1.01194,0.55203,0.44797
11.04000,1.01194,0.55862,0.44138
11.16000,1.01194,0.34861,0.65139
11.28000,1.01194,0.42603,0.57397
11.40000,1.01194,0.35124,0.64876
11.52000,1.01194,0.43068,0.56932
11.64000,1.01194,0.31665,0.68335
11.76000,1.01194,0.41198,0.58802
11.88000,1.01194,0.44192,0.55808
12.00000,1.01194,0.53838,0.46162
12.12000,1.01194,0.36490,0.63510
12.24000,1.01194,0.63555,0.36445
12.36000,1.01194,0.56833,0.43167
12.48000,1.01194,0.65129,0.34871
12.60000,1.01194,0.54412,0.45588
12.72000,1.01194,0.64726,0.35274
12.84000,1.01194,0.50848,0.49152
12.96000,1.01194,0.73028,0.26972
13.08000,1.01194,0.72474,0.27526
13.20000,1.01194,0.71672,0.28328
13.32000,1.01194,0.73822,0.26178
13.44000,1.01194,0.76153,0.23847
13.56000,1.01194,0.81878,0.18122
13.68000,1.01194,0.85136,0.14863
13.80000,1.01194,0.80744,0.19256
13.92000,1.01194,0.91149,0.08851
14.04000,1.01194,0.82789,0.17211
14.16000,1.01194,0.90910,0.09090
14.28000,1.01194,0.82186,0.17814
14.40000,1.01194,0.89439,0.10561
14.52000,1.01194,0.77244,0.22756
14.64000,1.01194,0.82709,0.17291
14.76000,1.01194,0.70721,0.29279
14.88000,1.01194,0.74951,0.25049
15.00000,1.01194,0.81528,0.18472
15.12000,1.01194,0.75270,0.24730
15.24000,1.01194,0.70259,0.29741
15.36000,1.01194,0.73212,0.26788
15.48000,1.01194,0.77088,0.22912
15.60000,1.01194,0.82250,0.17750
15.72000,1.01194,0.65186,0.34814
15.84000,1.01194,0.75798,0.24202
15.96000,1.01194,0.65663,0.34337
16.08000,1.01194,0.62089,0.37911
16.20000,1.01194,0.41433,0.58567
16.32000,1.01194,0.50257,0.49743
16.44000,1.01194,0.46159,0.53841
16.56000,1.01194,0.56756,0.43244
16.68000,1.01194,0.54709,0.45291
16.80000,1.01194,0.60833,0.39167
16.92000,1.01194,0.75609,0.24391
17.04000,1.01194,0.72823,0.27177
17.16000,1.01194,0.68615,0.31385
17.28000,1.01194,0.79159,0.20841
17.40000,1.01194,0.69317,0.30683
17.52000,1.01194,0.68713,0.31287
17.64000,1.01194,0.61084,0.38916
17.76000,1.01194,0.69185,0.30815
17.88000,1.01194,0.48579,0.51421
18.00000,1.01194,0.65891,0.34109
18.12000,1.01194,0.60925,0.39075
18.24000,1.01194,0.72421,0.27579
18.36000,1.01194,0.71514,0.28486
18.48000,1.01194,0.78244,0.21756
18.60000,1.01194,0.74288,0.25712
18.72000,1.01194,0.71146,0.28854
18.84000,1.01194,0.76488,0.23512
18.96000,1.01194,0.74312,0.25688
19.08000,1.01194,0.72475,0.27525
19.20000,1.01194,0.67257,0.32743
19.32000,1.01194,0.70098,0.29902
19.44000,1.01194,0.74237,0.25763
19.56000,1.01194,0.75730,0.24270
19.68000,1.01194,0.75943,0.24057
19.80000,1.01194,0.79676,0.20324
19.92000,1.01194,0.83893,0.16107
20.04000,1.01194,0.57105,0.42895
20.16000,1.01194,0.77551,0.22449
20.28000,1.01194,0.71941,0.28059
20.40000,1.01194,0.75450,0.24550
20.52000,1.01194,0.78316,0.21684
20.64000,1.01194,0.77276,0.22724
20.76000,1.01194,0.82452,0.17548
20.88000,1.01194,0.80648,0.19352
21.00000,1.01194,0.81772,0.18228
21.12000,1.01194,0.86506,0.13494
21.24000,1.01194,0.82996,0.17004
21.36000,1.01194,0.90095,0.09905
21.48000,1.01194,0.78521,0.21479
21.60000,1.01194,0.79512,0.20488
21.72000,1.01194,0.70875,0.29125
21.84000,1.01194,0.74354,0.25646
21.96000,1.01194,0.64686,0.35314
22.08000,1.01194,0.63289,0.36711
22.20000,1.01194,0.63129,0.36871
22.32000,1.01194,0.56389,0.43611
22.44000,1.01194,0.62724,0.37276
22.56000,1.01194,0.60303,0.39697
22.68000,1.01194,0.45924,0.54076
22.80000,1.01194,0.39921,0.60079
22.92000,1.01194,0.52357,0.47643
23.04000,1.01194,0.61458,0.38542
23.16000,1.01194,0.37142,0.62858
23.28000,1.01194,0.57426,0.42574
23.40000,1.01194,0.45295,0.54705
23.52000,1.01194,0.53816,0.46184
23.64000,1.01194,0.45063,0.54937
23.76000,1.01194,0.42046,0.57954
23.88000,1.01194,0.25118,0.74882
24.00000,1.01194,0.29041,0.70959
24.12000,1.01194,0.43154,0.56846
24.24000,1.01194,0.41056,0.58944
24.36000,1.01194,0.63834,0.36166
24.48000,1.01194,0.58566,0.41434
24.60000,1.01194,0.64648,0.35352
24.72000,1.01194,0.74154,0.25846
24.84000,1.01194,0.73806,0.26194
24.96000,1.01194,0.77918,0.22082
25.08000,1.01194,0.72867,0.27133
25.20000,1.01194,0.80634,0.19366
25.32000,1.01194,0.67120,0.32880
25.44000,1.01194,0.78870,0.21130
25.56000,1.01194,0.74112,0.25888
25.68000,1.01194,0.53782,0.46218
25.80000,1.01194,0.68736,0.31264
25.92000,1.01194,0.59804,0.40196
26.04000,1.01194,0.74334,0.25666
26.16000,1.01194,0.61353,0.38647
26.28000,1.01194,0.70718,0.29282
26.40000,1.01194,0.73950,0.26050
26.52000,1.01194,0.72769,0.27231
26.64000,1.01194,0.55464,0.44536
26.76000,1.01194,0.53301,0.46699
26.88000,1.01194,0.62767,0.37233
27.00000,1.01194,0.50605,0.49395
27.12000,1.01194,0.47350,0.52650
27.24000,1.01194,0.28720,0.71280
27.36000,1.01194,0.32000,0.68000
27.48000,1.01194,0.25729,0.74271
27.60000,1.01194,0.35802,0.64198
27.72000,1.01194,0.25346,0.74654
27.84000,1.01194,0.46703,0.53297
27.96000,1.01194,0.47869,0.52131
28.08000,1.01194,0.37929,0.62071
28.20000,1.01194,0.35250,0.64750
28.32000,1.01194,0.53555,0.46445
28.44000,1.01194,0.51386,0.48614
28.56000,1.01194,0.30816,0.69184
28.68000,1.01194,0.38692,0.61308
28.80000,1.01194,0.22887,0.77113
28.92000,1.01194,0.33021,0.66979
29.04000,1.01194,0.18327,0.81673
29.16000,1.01194,0.29275,0.70725
29.28000,1.01194,0.23165,0.76835
29.40000,1.01194,0.21588,0.78412
29.52000,1.01194,0.14122,0.85878
29.64000,1.01194,0.18445,0.81555
29.76000,1.01194,0.15759,0.84241
29.88000,1.01194,0.13664,0.86336
30.00000,1.01194,0.05769,0.94231
30.12000,1.01194,0.11264,0.88736
30.24000,1.01194,0.12618,0.87382
30.36000,1.01194,0.12035,0.87965
30.48000,1.01194,0.10790,0.89210
30.60000,1.01194,0.09069,0.90931
30.72000,1.01194,0.11458,0.88542
30.84000,1.01194,0.03570,0.96430
30.96000,1.01194,0.10729,0.89271
31.08000,1.01194,0.06524,0.93476
31.20000,1.01194,0.05468,0.94532
31.32000,1.01194,0.04441,0.95559
31.44000,1.01194,0.02757,0.97243
31.56000,1.01194,0.04236,0.95764
31.68000,1.01194,0.02933,0.97067
31.80000,1.01194,0.08458,0.91542
31.92000,1.01194,0.05296,0.94704
32.04000,1.01194,0.04587,0.95413
32.16000,1.01194,0.05868,0.94132
32.28000,1.01194,0.07151,0.92849
32.40000,1.01194,0.08480,0.91520
32.52000,1.01194,0.09273,0.90727
32.64000,1.01194,0.09021,0.90979
32.76000,1.01194,0.10711,0.89289
32.88000,1.01194,0.18685,0.81315
33.00000,1.01194,0.12205,0.87795
33.12000,1.01194,0.14979,0.85021
33.24000,1.01194,0.05316,0.94684
33.36000,1.01194,0.10987,0.89013
33.48000,1.01194,0.04850,0.95150
33.60000,1.01194,0.07635,0.92365
33.72000,1.01194,0.05902,0.94098
33.84000,1.01194,0.10764,0.89236
33.96000,1.01194,0.16249,0.83751
34.08000,1.01194,0.19687,0.80313
34.20000,1.01194,0.23390,0.76610
34.32000,1.01194,0.28963,0.71037
34.44000,1.01194,0.43331,0.56669
34.56000,1.01194,0.39840,0.60160
34.68000,1.01194,0.32042,0.67958
34.80000,1.01194,0.36260,0.63740
34.92000,1.01194,0.32336,0.67664
35.04000,1.01194,0.41167,0.58833
35.16000,1.01194,0.28173,0.71827
35.28000,1.01194,0.37387,0.62613
35.40000,1.01194,0.31453,0.68547
35.52000,1.01194,0.45470,0.54530
35.64000,1.01194,0.22061,0.77939
35.76000,1.01194,0.41487,0.58513
35.88000,1.01194,0.38250,0.61750
36.00000,1.01194,0.34033,0.65967
36.12000,1.01194,0.29519,0.70481
36.24000,1.01194,0.50085,0.49915
36.36000,1.01194,0.25828,0.74172
36.48000,1.01194,0.26950,0.73050
36.60000,1.01194,0.10048,0.89952
36.72000,1.01194,0.29337,0.70663
36.84000,1.01194,0.17113,0.82887
36.96000,1.01194,0.12214,0.87786
37.08000,1.01194,0.20166,0.79834
37.20000,1.01194,0.13837,0.86163
37.32000,1.01194,0.14698,0.85302
37.44000,1.01194,0.12316,0.87684
37.56000,1.01194,0.11959,0.88041
37.68000,1.01194,0.12338,0.87662
37.80000,1.01194,0.08998,0.91002
37.92000,1.01194,0.08428,0.91572
38.04000,1.01194,0.19416,0.80584
38.16000,1.01194,0.26415,0.73585
38.28000,1.01194,0.28958,0.71042
38.40000,1.01194,0.23398,0.76602
38.52000,1.01194,0.41523,0.58477
38.64000,1.01194,0.34867,0.65133
38.76000,1.01194,0.23301,0.76699
38.88000,1.01194,0.22043,0.77957
39.00000,1.01194,0.25520,0.74480
39.12000,1.01194,0.19512,0.80488
39.24000,1.01194,0.18406,0.81594
39.36000,1.01194,0.15136,0.84864
39.48000,1.01194,0.15696,0.84304
39.60000,1.01194,0.06034,0.93966
39.72000,1.01194,0.05325,0.94675
39.84000,1.01194,0.11166,0.88834
39.96000,1.01194,0.01795,0.98205
40.08000,1.01194,0.03048,0.96952
40.20000,1.01194,0.01092,0.98908
40.32000,1.01194,0.02534,0.97466
40.44000,1.01194,0.00970,0.99030
40.56000,1.01194,0.06500,0.93500
40.68000,1.01194,0.04510,0.95490
40.80000,1.01194,0.07296,0.92704
40.92000,1.01194,0.21651,0.78349
41.04000,1.01194,0.34067,0.65933
41.16000,1.01194,0.39672,0.60328
41.28000,1.01194,0.41502,0.58498
41.40000,1.01194,0.45715,0.54285
41.52000,1.01194,0.49840,0.50160
41.64000,1.01194,0.72938,0.27062
41.76000,1.01194,0.69915,0.30085
41.88000,1.01194,0.73263,0.26737
42.00000,1.01194,0.90661,0.09339
42.12000,1.01194,0.82573,0.17427
42.24000,1.01194,0.89256,0.10744
42.36000,1.01194,0.82130,0.17870
42.48000,1.01194,0.86881,0.13119
42.60000,1.01194,0.81730,0.18270
42.72000,1.01194,0.86734,0.13266
42.84000,1.01194,0.87114,0.12886
42.96000,1.01194,0.85203,0.14797
43.08000,1.01194,0.89447,0.10553
43.20000,1.01194,0.80641,0.19359
43.32000,1.01194,0.91142,0.08858
43.44000,1.01194,0.83242,0.16758
43.56000,1.01194,0.81151,0.18849
43.68000,1.01194,0.87545,0.12455
43.80000,1.01194,0.91307,0.08693
43.92000,1.01194,0.90718,0.09282
44.04000,1.01194,0.89836,0.10164
44.16000,1.01194,0.83476,0.16524
44.28000,1.01194,0.87331,0.12669
44.40000,1.01194,0.75715,0.24285
44.52000,1.01194,0.87973,0.12027
44.64000,1.01194,0.76884,0.23116
44.76000,1.01194,0.85529,0.14471
44.88000,1.01194,0.82345,0.17655
45.00000,1.01194,0.90358,0.09642
45.12000,1.01194,0.91521,0.08479
45.24000,1.01194,0.75191,0.24809
45.36000,1.01194,0.84974,0.15026
45.48000,1.01194,0.77619,0.22381
45.60000,1.01194,0.86273,0.13727
45.72000,1.01194,0.77298,0.22703
45.84000,1.01194,0.84304,0.15696
45.96000,1.01194,0.82130,0.17870
46.08000,1.01194,0.91468,0.08532
46.20000,1.01194,0.91993,0.08007
46.32000,1.01194,0.83079,0.16921
46.44000,1.01194,0.63623,0.36377
46.56000,1.01194,0.82456,0.17544
46.68000,1.01194,0.55625,0.44375
46.80000,1.01194,0.78591,0.21409
46.92000,1.01194,0.66576,0.33424
47.04000,1.01194,0.79352,0.20648
47.16000,1.01194,0.83443,0.16557
47.28000,1.01194,0.86245,0.13755
47.40000,1.01194,0.85965,0.14035
47.52000,1.01194,0.78450,0.21550
47.64000,1.01194,0.86699,0.13301
47.76000,1.01194,0.81078,0.18922
47.88000,1.01194,0.90503,0.09497
48.00000,1.01194,0.85289,0.14711
48.12000,1.01194,0.88543,0.11457
48.24000,1.01194,0.94151,0.05849
48.36000,1.01194,0.89751,0.10249
48.48000,1.01194,0.88533,0.11467
48.60000,1.01194,0.90055,0.09945
48.72000,1.01194,0.89658,0.10342
48.84000,1.01194,0.90798,0.09202
48.96000,1.01194,0.90315,0.09685
49.08000,1.01194,0.84360,0.15640
49.20000,1.01194,0.83200,0.16800
49.32000,1.01194,0.85522,0.14478
49.44000,1.01194,0.66771,0.33229
49.56000,1.01194,0.72613,0.27387
49.68000,1.01194,0.59168,0.40832
49.80000,1.01194,0.63507,0.36493
49.92000,1.01194,0.56334,0.43666
50.04000,1.01194,0.58235,0.41765
50.16000,1.01194,0.71894,0.28106
50.28000,1.01194,0.74664,0.25336
50.40000,1.01194,0.84544,0.15456
50.52000,1.01194,0.87554,0.12446
50.64000,1.01194,0.89039,0.10961
50.76000,1.01194,0.91793,0.08207
50.88000,1.01194,0.90416,0.09584
51.00000,1.01194,0.94521,0.05479
51.12000,1.01194,0.92809,0.07191
51.24000,1.01194,0.91994,0.08006
51.36000,1.01194,0.87745,0.12255
51.48000,1.01194,0.91899,0.08101
51.60000,1.01194,0.85414,0.14586
51.72000,1.01194,0.87756,0.12244
51.84000,1.01194,0.87455,0.12545
51.96000,1.01194,0.89802,0.10198
52.08000,1.01194,0.91556,0.08444
52.20000,1.01194,0.91246,0.08754
52.32000,1.01194,0.91332,0.08668
52.44000,1.01194,0.87619,0.12381
52.56000,1.01194,0.88354,0.11646
52.68000,1.01194,0.84103,0.15897
52.80000,1.01194,0.80008,0.19992
52.92000,1.01194,0.84190,0.15810
53.04000,1.01194,0.82211,0.17789
53.16000,1.01194,0.86595,0.13405
53.28000,1.01194,0.77149,0.22851
53.40000,1.01194,0.80548,0.19452
53.52000,1.01194,0.75520,0.24480
53.64000,1.01194,0.91362,0.08638
53.76000,1.01194,0.87208,0.12792
53.88000,1.01194,0.84828,0.15172
54.00000,1.01194,0.86878,0.13122
54.12000,1.01194,0.77804,0.22196
54.24000,1.01194,0.93466,0.06534
54.36000,1.01194,0.88880,0.11120
54.48000,1.01194,0.90963,0.09037
54.60000,1.01194,0.85266,0.14734
54.72000,1.01194,0.91629,0.08371
54.84000,1.01194,0.84104,0.15896
54.96000,1.01194,0.92679,0.07321
55.08000,1.01194,0.92567,0.07433
55.20000,1.01194,0.92211,0.07789
55.32000,1.01194,0.92287,0.07713
55.44000,1.01194,0.88679,0.11321
55.56000,1.01194,0.91493,0.08507
55.68000,1.01194,0.88877,0.11123
55.80000,1.01194,0.93350,0.06650
55.92000,1.01194,0.90792,0.09208
56.04000,1.01194,0.89142,0.10858
56.16000,1.01194,0.94681,0.05319
56.28000,1.01194,0.91640,0.08360
56.40000,1.01194,0.92089,0.07911
56.52000,1.01194,0.89412,0.10588
56.64000,1.01194,0.93257,0.06743
56.76000,1.01194,0.89560,0.10440
56.88000,1.01194,0.81526,0.18474
57.00000,1.01194,0.84538,0.15462
57.12000,1.01194,0.77365,0.22635
57.24000,1.01194,0.78483,0.21517
57.36000,1.01194,0.59156,0.40844
57.48000,1.01194,0.72305,0.27695
57.60000,1.01194,0.64743,0.35257
57.72000,1.01194,0.84242,0.15758
57.84000,1.01194,0.81457,0.18543
57.96000,1.01194,0.85893,0.14107
58.08000,1.01194,0.83983,0.16017
58.20000,1.01194,0.87655,0.12345
58.32000,1.01194,0.87806,0.12194
58.44000,1.01194,0.89634,0.10366
58.56000,1.01194,0.82967,0.17033
58.68000,1.01194,0.94095,0.05905
58.80000,1.01194,0.93560,0.06440
58.92000,1.01194,0.90920,0.09080
59.04000,1.01194,0.92425,0.07575
59.16000,1.01194,0.93377,0.06623
59.28000,1.01194,0.92359,0.07641
59.40000,1.01194,0.87582,0.12418
59.52000,1.01194,0.84992,0.15008
59.64000,1.01194,0.79125,0.20875
59.76000,1.01194,0.72379,0.27621
59.88000,1.01194,0.63915,0.36085
60.00000,1.01194,0.58943,0.41057
60.12000,1.01194,0.67946,0.32054
60.24000,1.01194,0.55111,0.44889
60.36000,1.01194,0.68008,0.31992
60.48000,1.01194,0.75606,0.24394
60.60000,1.01194,0.82358,0.17642
60.72000,1.01194,0.80348,0.19652
60.84000,1.01194,0.82760,0.17240
60.96000,1.01194,0.73929,0.26071
61.08000,1.01194,0.75543,0.24457
61.20000,1.01194,0.72872,0.27128
61.32000,1.01194,0.79109,0.20891
61.44000,1.01194,0.55922,0.44078
61.56000,1.01194,0.83237,0.16763
61.68000,1.01194,0.77335,0.22665
61.80000,1.01194,0.88784,0.11216
61.92000,1.01194,0.90490,0.09510
62.04000,1.01194,0.90546,0.09454
62.16000,1.01194,0.88661,0.11339
62.28000,1.01194,0.92295,0.07705
62.40000,1.01194,0.82315,0.17685
62.52000,1.01194,0.88558,0.11442
62.64000,1.01194,0.77871,0.22129
62.76000,1.01194,0.90792,0.09208
62.88000,1.01194,0.74756,0.25244
63.00000,1.01194,0.82833,0.17167
63.12000,1.01194,0.78984,0.21016
63.24000,1.01194,0.87177,0.12823
63.36000,1.01194,0.81721,0.18279
63.48000,1.01194,0.86939,0.13061
63.60000,1.01194,0.78442,0.21558
63.72000,1.01194,0.88323,0.11677
63.84000,1.01194,0.84210,0.15790
63.96000,1.01194,0.87851,0.12149
64.08000,1.01193,0.89608,0.10392
64.20000,1.01194,0.86023,0.13977
64.32000,1.01194,0.90513,0.09487
64.44000,1.01193,0.88261,0.11739
64.56000,1.01194,0.92336,0.07664
64.68000,1.01194,0.88291,0.11709
64.80000,1.01193,0.95270,0.04730
64.92000,1.01194,0.93572,0.06428
65.04000,1.01194,0.88615,0.11385
65.16000,1.01193,0.86975,0.13025
65.28000,1.01194,0.87499,0.12501
65.40000,1.01193,0.87732,0.12268
65.52000,1.01194,0.89958,0.10042
65.64000,1.01194,0.84885,0.15115
65.76000,1.01193,0.91235,0.08765
65.88000,1.01194,0.76688,0.23312
66.00000,1.01194,0.90017,0.09983
66.12000,1.01193,0.79286,0.20714
66.24000,1.01194,0.76680,0.23320
66.36000,1.01194,0.77153,0.22847
66.48000,1.01193,0.75474,0.24526
66.60000,1.01194,0.67881,0.32119
66.72000,1.01194,0.68852,0.31148
66.84000,1.01194,0.61993,0.38007
66.96000,1.01194,0.58719,0.41281
67.08000,1.01193,0.73359,0.26641
67.20000,1.01194,0.72395,0.27605
67.32000,1.01194,0.83481,0.16519
67.44000,1.01193,0.69521,0.30479
67.56000,1.01194,0.83673,0.16327
67.68000,1.01194,0.58186,0.41814
67.80000,1.01193,0.85755,0.14245
67.92000,1.01194,0.77457,0.22543
68.04000,1.01194,0.90557,0.09443
68.16000,1.01193,0.75785,0.24215
68.28000,1.01194,0.84158,0.15842
68.40000,1.01193,0.86309,0.13691
68.52000,1.01194,0.83552,0.16448
68.64000,1.01194,0.92081,0.07919
68.76000,1.01193,0.84704,0.15296
68.88000,1.01194,0.91478,0.08522
69.00000,1.01194,0.89273,0.10727
69.12000,1.01193,0.92538,0.07462
69.24000,1.01194,0.91848,0.08152
69.36000,1.01194,0.93284,0.06716
69.48000,1.01193,0.89456,0.10544
69.60000,1.01194,0.91866,0.08134
69.72000,1.01194,0.89041,0.10959
69.84000,1.01194,0.88895,0.11105
69.96000,1.01194,0.84486,0.15514
70.08000,1.01193,0.89742,0.10258
70.20000,1.01194,0.88453,0.11547
70.32000,1.01194,0.88075,0.11925
70.44000,1.01193,0.86289,0.13711
70.56000,1.01194,0.90290,0.09710
70.68000,1.01194,0.82222,0.17778
70.80000,1.01193,0.87646,0.12354
70.92000,1.01194,0.74651,0.25349
71.04000,1.01194,0.82629,0.17371
71.16000,1.01193,0.70095,0.29905
71.28000,1.01194,0.83215,0.16785
71.40000,1.01193,0.77835,0.22165
71.52000,1.01194,0.84554,0.15446
71.64000,1.01194,0.87477,0.12523
71.76000,1.01193,0.86498,0.13502
71.88000,1.01194,0.94157,0.05843
72.00000,1.01194,0.85817,0.14183
72.12000,1.01193,0.69396,0.30604
72.24000,1.01194,0.65992,0.34008
72.36000,1.01194,0.69104,0.30896
72.48000,1.01193,0.63243,0.36757
72.60000,1.01194,0.55544,0.44456
72.72000,1.01194,0.44638,0.55362
72.84000,1.01194,0.49554,0.50446
72.96000,1.01194,0.61498,0.38502
73.08000,1.01193,0.79066,0.20934
73.20000,1.01194,0.76285,0.23715
73.32000,1.01194,0.85704,0.14296
73.44000,1.01193,0.88024,0.11976
73.56000,1.01194,0.93897,0.06103
73.68000,1.01194,0.85267,0.14733
73.80000,1.01193,0.82675,0.17325
73.92000,1.01194,0.79022,0.20978
74.04000,1.01194,0.76613,0.23387
74.16000,1.01193,0.73245,0.26755
74.28000,1.01194,0.69721,0.30279
74.40000,1.01193,0.66790,0.33210
74.52000,1.01194,0.78409,0.21591
74.64000,1.01194,0.80137,0.19863
74.76000,1.01193,0.76801,0.23199
74.88000,1.01194,0.80666,0.19334
75.00000,1.01194,0.84157,0.15843
75.12000,1.01193,0.93409,0.06591
75.24000,1.01194,0.89389,0.10611
75.36000,1.01194,0.92751,0.07249
75.48000,1.01193,0.89849,0.10151
75.60000,1.01194,0.92713,0.07287
75.72000,1.01194,0.86247,0.13753
75.84000,1.01194,0.91332,0.08668
75.96000,1.01194,0.83811,0.16189
76.08000,1.01193,0.89146,0.10854
76.20000,1.01194,0.84227,0.15773
76.32000,1.01194,0.91538,0.08462
76.44000,1.01193,0.84923,0.15077
76.56000,1.01194,0.90211,0.09789
76.68000,1.01194,0.77979,0.22021
76.80000,1.01193,0.86946,0.13054
76.92000,1.01194,0.79552,0.20448
77.04000,1.01194,0.85370,0.14630
77.16000,1.01193,0.79621,0.20379
77.28000,1.01194,0.75483,0.24517
77.40000,1.01193,0.75993,0.24007
77.52000,1.01194,0.85306,0.14694
77.64000,1.01194,0.86157,0.13843
77.76000,1.01193,0.87708,0.12292
77.88000,1.01194,0.90469,0.09531
78.00000,1.01194,0.87003,0.12997
78.12000,1.01193,0.85046,0.14954
78.24000,1.01194,0.87702,0.12298
78.36000,1.01194,0.89383,0.10617
78.48000,1.01193,0.82217,0.17783
78.60000,1.01194,0.91599,0.08401
78.72000,1.01194,0.80121,0.19879
78.84000,1.01194,0.92834,0.07166
78.96000,1.01194,0.84611,0.15389
79.08000,1.01193,0.93927,0.06073
79.20000,1.01194,0.82071,0.17929
79.32000,1.01194,0.92699,0.07301
79.44000,1.01193,0.88460,0.11540
79.56000,1.01194,0.90339,0.09661
79.68000,1.01194,0.83603,0.16397
79.80000,1.01193,0.90073,0.09927
79.92000,1.01194,0.85375,0.14625
80.04000,1.01194,0.79829,0.20171
80.16000,1.01193,0.77237,0.22763
80.28000,1.01194,0.74316,0.25684
80.40000,1.01193,0.75739,0.24261
80.52000,1.01194,0.77768,0.22232
80.64000,1.01194,0.83575,0.16425
80.76000,1.01193,0.69306,0.30694
80.88000,1.01194,0.73600,0.26400
81.00000,1.01194,0.69798,0.30202
81.12000,1.01193,0.67258,0.32742
81.24000,1.01194,0.80436,0.19564
81.36000,1.01194,0.66979,0.33021
81.48000,1.01193,0.81262,0.18738
81.60000,1.01194,0.81660,0.18340
81.72000,1.01194,0.88441,0.11559
81.84000,1.01194,0.83709,0.16291
81.96000,1.01194,0.90067,0.09933
82.08000,1.01193,0.92506,0.07494
82.20000,1.01194,0.86363,0.13637
82.32000,1.01194,0.90153,0.09847
82.44000,1.01193,0.84881,0.15119
82.56000,1.01194,0.88387,0.11613
82.68000,1.01194,0.81200,0.18800
82.80000,1.01193,0.84266,0.15734
82.92000,1.01194,0.84850,0.15150
83.04000,1.01194,0.79456,0.20544
83.16000,1.01193,0.77927,0.22073
83.28000,1.01194,0.78572,0.21428
83.40000,1.01193,0.70749,0.29251
83.52000,1.01194,0.80831,0.19169
83.64000,1.01194,0.68539,0.31461
83.76000,1.01193,0.78661,0.21339
83.88000,1.01194,0.70120,0.29880
84.00000,1.01194,0.86677,0.13323
84.12000,1.01193,0.85445,0.14555
84.24000,1.01194,0.77872,0.22128
84.36000,1.01194,0.83923,0.16077
84.48000,1.01193,0.74568,0.25432
84.60000,1.01194,0.79859,0.20141
84.72000,1.01194,0.80106,0.19894
84.84000,1.01194,0.85646,0.14354
84.96000,1.01194,0.81563,0.18437
85.08000,1.01193,0.65979,0.34021
85.20000,1.01194,0.78142,0.21858
85.32000,1.01194,0.75886,0.24114
85.44000,1.01193,0.85166,0.14834
85.56000,1.01194,0.74958,0.25042
85.68000,1.01194,0.84484,0.15516
85.80000,1.01193,0.82754,0.17246
85.92000,1.01194,0.91288,0.08712
86.04000,1.01194,0.88970,0.11030
86.16000,1.01193,0.87200,0.12800
86.28000,1.01194,0.89238,0.10762
86.40000,1.01193,0.83859,0.16141
86.52000,1.01194,0.86258,0.13742
86.64000,1.01194,0.83113,0.16887
86.76000,1.01193,0.82188,0.17812
86.88000,1.01194,0.80951,0.19049
87.00000,1.01194,0.86147,0.13853
87.12000,1.01193,0.86163,0.13837
87.24000,1.01194,0.79458,0.20542
87.36000,1.01194,0.85001,0.14999
87.48000,1.01193,0.88880,0.11120
87.60000,1.01194,0.86958,0.13042
87.72000,1.01194,0.82060,0.17940
87.84000,1.01194,0.80132,0.19868
87.96000,1.01194,0.72057,0.27943
88.08000,1.01193,0.73770,0.26230
88.20000,1.01194,0.58733,0.41267
88.32000,1.01194,0.49737,0.50263
88.44000,1.01193,0.67002,0.32998
88.56000,1.01194,0.68125,0.31875
88.68000,1.01194,0.78654,0.21346
88.80000,1.01193,0.73551,0.26449
88.92000,1.01194,0.86788,0.13212
89.04000,1.01194,0.87754,0.12246
89.16000,1.01193,0.92969,0.07031
89.28000,1.01194,0.93172,0.06828
89.40000,1.01193,0.92826,0.07174
89.52000,1.01194,0.92086,0.07914
89.64000,1.01194,0.93674,0.06326
89.76000,1.01193,0.90941,0.09059
89.88000,1.01194,0.90108,0.09892
90.00000,1.01194,0.89309,0.10691
90.12000,1.01193,0.90754,0.09246
90.24000,1.01194,0.87318,0.12682
90.36000,1.01194,0.89064,0.10936
90.48000,1.01193,0.86437,0.13563
90.60000,1.01194,0.89030,0.10970
90.72000,1.01194,0.89201,0.10799
90.84000,1.01194,0.88378,0.11622
90.96000,1.01194,0.92912,0.07088
91.08000,1.01193,0.94462,0.05538
91.20000,1.01194,0.93441,0.06559
91.32000,1.01194,0.88886,0.11114
91.44000,1.01193,0.91357,0.08643
91.56000,1.01194,0.92752,0.07248
91.68000,1.01194,0.87872,0.12128
91.80000,1.01193,0.89759,0.10241
91.92000,1.01194,0.84953,0.15047
92.04000,1.01194,0.80385,0.19615
92.16000,1.01193,0.86558,0.13442
92.28000,1.01194,0.81753,0.18247
92.40000,1.01193,0.84340,0.15660
92.52000,1.01194,0.78079,0.21921
92.64000,1.01194,0.79159,0.20841
92.76000,1.01193,0.88047,0.11953
92.88000,1.01194,0.88907,0.11093
93.00000,1.01194,0.91010,0.08990
93.12000,1.01193,0.82868,0.17132
93.24000,1.01194,0.92545,0.07455
93.36000,1.01194,0.86009,0.13991
93.48000,1.01193,0.88741,0.11259
93.60000,1.01194,0.67613,0.32387
93.72000,1.01194,0.84495,0.15505
93.84000,1.01194,0.81483,0.18517
93.96000,1.01194,0.78457,0.21543
94.08000,1.01193,0.73426,0.26574
94.20000,1.01194,0.87031,0.12969
94.32000,1.01194,0.80313,0.19687
94.44000,1.01193,0.86283,0.13717
94.56000,1.01194,0.77432,0.22568
94.68000,1.01194,0.89174,0.10826
94.80000,1.01193,0.87593,0.12407
94.92000,1.01194,0.93844,0.06156
95.04000,1.01194,0.89613,0.10387
95.16000,1.01193,0.92995,0.07005
95.28000,1.01194,0.93576,0.06424
95.40000,1.01193,0.92406,0.07594
95.52000,1.01194,0.94597,0.05403
95.64000,1.01194,0.89833,0.10167
95.76000,1.01193,0.93085,0.06915
95.88000,1.01194,0.89571,0.10429
96.00000,1.01194,0.87030,0.12970
96.12000,1.01193,0.74790,0.25210
96.24000,1.01194,0.72164,0.27836
96.36000,1.01194,0.69620,0.30380
96.48000,1.01193,0.53270,0.46730
96.60000,1.01194,0.62162,0.37838
96.72000,1.01194,0.44487,0.55513
96.84000,1.01194,0.63359,0.36641
96.96000,1.01194,0.73346,0.26654
97.08000,1.01193,0.85354,0.14646
97.20000,1.01194,0.85007,0.14993
97.32000,1.01194,0.90268,0.09732
97.44000,1.01193,0.92029,0.07971
97.56000,1.01194,0.92024,0.07976
97.68000,1.01194,0.90825,0.09175
97.80000,1.01193,0.89436,0.10564
97.92000,1.01194,0.90480,0.09520
98.04000,1.01194,0.85654,0.14346
98.16000,1.01193,0.82109,0.17891
98.28000,1.01194,0.81103,0.18897
98.40000,1.01193,0.83695,0.16305
98.52000,1.01194,0.75209,0.24791
98.64000,1.01194,0.80038,0.19962
98.76000,1.01193,0.76875,0.23125
98.88000,1.01194,0.82627,0.17373
99.00000,1.01194,0.71824,0.28176
99.12000,1.01193,0.73670,0.26330
99.24000,1.01194,0.50275,0.49725
99.36000,1.01194,0.64336,0.35665
99.48000,1.01193,0.58894,0.41106
99.60000,1.01194,0.76325,0.23675
99.72000,1.01194,0.64111,0.35889
99.84000,1.01194,0.82023,0.17977
99.96000,1.01194,0.69926,0.30074
100.08000,1.01193,0.72815,0.27185
100.20000,1.01194,0.75019,0.24981
100.32000,1.01194,0.80432,0.19568
100.44000,1.01193,0.76542,0.23458
100.56000,1.01194,0.79053,0.20947
100.68000,1.01194,0.73986,0.26014
100.80000,1.01193,0.80395,0.19605
100.92000,1.01194,0.83607,0.16393
101.04000,1.01194,0.78963,0.21037
101.16000,1.01193,0.80935,0.19065
101.28000,1.01194,0.83327,0.16673
101.40000,1.01193,0.87138,0.12862
101.52000,1.01194,0.90349,0.09651
101.64000,1.01194,0.90845,0.09155
101.76000,1.01193,0.89380,0.10620
101.88000,1.01194,0.90166,0.09834
102.00000,1.01194,0.75318,0.24682
102.12000,1.01193,0.84341,0.15659
102.24000,1.01194,0.60389,0.39611
102.36000,1.01194,0.60006,0.39994
102.48000,1.01193,0.32969,0.67031
102.60000,1.01194,0.46097,0.53903
102.72000,1.01194,0.34652,0.65348
102.84000,1.01194,0.62681,0.37319
102.96000,1.01194,0.32572,0.67428
103.08000,1.01193,0.59139,0.40861
103.20000,1.01194,0.66377,0.33623
103.32000,1.01194,0.65319,0.34681
103.44000,1.01193,0.62020,0.37980
103.56000,1.01194,0.67006,0.32994
103.68000,1.01194,0.71261,0.28739
103.80000,1.01193,0.67102,0.32898
103.92000,1.01194,0.80890,0.19110
104.04000,1.01194,0.75238,0.24762
104.16000,1.01193,0.84287,0.15713
104.28000,1.01194,0.82644,0.17356
104.40000,1.01193,0.84517,0.15483
104.52000,1.01194,0.62725,0.37275
104.64000,1.01194,0.62357,0.37643
104.76000,1.01193,0.43710,0.56290
104.88000,1.01194,0.49635,0.50365
105.00000,1.01194,0.22187,0.77813
105.12000,1.01193,0.45274,0.54726
105.24000,1.01194,0.21619,0.78381
105.36000,1.01194,0.40285,0.59715
105.48000,1.01193,0.53360,0.46640
105.60000,1.01194,0.70255,0.29745
105.72000,1.01194,0.71079,0.28921
105.84000,1.01194,0.78005,0.21995
105.96000,1.01194,0.84620,0.15380
106.08000,1.01193,0.85839,0.14161
106.20000,1.01194,0.86640,0.13360
106.32000,1.01194,0.85366,0.14634
106.44000,1.01193,0.88851,0.11149
106.56000,1.01194,0.89207,0.10793
106.68000,1.01194,0.91106,0.08894
106.80000,1.01193,0.89878,0.10122
106.92000,1.01194,0.89799,0.10201
107.04000,1.01194,0.83866,0.16134
107.16000,1.01193,0.83888,0.16112
107.28000,1.01194,0.86981,0.13019
107.40000,1.01193,0.88849,0.11151
107.52000,1.01194,0.90380,0.09620
107.64000,1.01194,0.90551,0.09449
107.76000,1.01193,0.92017,0.07983
107.88000,1.01194,0.93060,0.06940
108.00000,1.01194,0.90892,0.09108
108.12000,1.01193,0.93548,0.06452
108.24000,1.01194,0.91948,0.08052
108.36000,1.01194,0.92818,0.07182
108.48000,1.01193,0.88695,0.11305
108.60000,1.01194,0.84247,0.15753
108.72000,1.01194,0.79316,0.20684
108.84000,1.01194,0.86461,0.13539
108.96000,1.01194,0.78546,0.21454
109.08000,1.01193,0.76080,0.23920
109.20000,1.01194,0.67799,0.32201
109.32000,1.01194,0.79327,0.20673
109.44000,1.01193,0.86845,0.13155
109.56000,1.01194,0.82114,0.17886
109.68000,1.01194,0.83282,0.16718
109.80000,1.01193,0.81551,0.18449
109.92000,1.01194,0.82396,0.17604
110.04000,1.01194,0.84159,0.15841
110.16000,1.01193,0.88481,0.11519
110.28000,1.01194,0.85270,0.14730
110.40000,1.01193,0.89660,0.10340
110.52000,1.01194,0.85087,0.14913
110.64000,1.01194,0.88975,0.11025
110.76000,1.01193,0.85531,0.14469
110.88000,1.01194,0.92717,0.07283
111.00000,1.01194,0.85174,0.14826
111.12000,1.01193,0.87326,0.12674
111.24000,1.01194,0.90857,0.09143
111.36000,1.01194,0.89039,0.10961
111.48000,1.01193,0.88608,0.11392
111.60000,1.01194,0.83793,0.16207
111.72000,1.01194,0.85230,0.14770
111.84000,1.01194,0.83393,0.16607
111.96000,1.01194,0.84878,0.15122
112.08000,1.01193,0.85540,0.14460
112.20000,1.01194,0.85492,0.14508
112.32000,1.01194,0.83547,0.16453
112.44000,1.01193,0.84967,0.15033
112.56000,1.01194,0.90957,0.09043
112.68000,1.01194,0.89379,0.10621
112.80000,1.01193,0.89034,0.10966
112.92000,1.01194,0.89762,0.10238
113.04000,1.01194,0.90465,0.09535
113.16000,1.01193,0.93129,0.06871
113.28000,1.01194,0.90618,0.09382
113.40000,1.01193,0.91197,0.08803
113.52000,1.01194,0.90892,0.09108
113.64000,1.01194,0.90628,0.09372
113.76000,1.01193,0.93689,0.06311
113.88000,1.01194,0.88548,0.11452
114.00000,1.01194,0.93863,0.06137
114.12000,1.01193,0.92767,0.07233
114.24000,1.01194,0.94009,0.05991
114.36000,1.01194,0.92040,0.07960
114.48000,1.01193,0.90321,0.09679
114.60000,1.01194,0.92898,0.07102
114.72000,1.01194,0.91457,0.08543
114.84000,1.01194,0.89539,0.10461
114.96000,1.01194,0.88064,0.11936
115.08000,1.01193,0.85424,0.14576
115.20000,1.01194,0.90094,0.09906
115.32000,1.01194,0.93024,0.06976
115.44000,1.01193,0.93215,0.06785
115.56000,1.01194,0.94107,0.05893
115.68000,1.01194,0.91505,0.08495
115.80000,1.01193,0.90191,0.09809
115.92000,1.01194,0.89964,0.10036
116.04000,1.01194,0.87877,0.12123
116.16000,1.01193,0.89963,0.10037
116.28000,1.01194,0.83586,0.16414
116.40000,1.01193,0.87694,0.12306
116.52000,1.01194,0.82380,0.17620
116.64000,1.01194,0.87746,0.12254
116.76000,1.01193,0.86080,0.13920
116.88000,1.01194,0.79756,0.20244
117.00000,1.01194,0.82087,0.17913
117.12000,1.01193,0.71962,0.28038
117.24000,1.01194,0.69592,0.30408
117.36000,1.01194,0.68382,0.31618
117.48000,1.01193,0.66199,0.33801
117.60000,1.01194,0.60551,0.39449
117.72000,1.01194,0.64030,0.35970
117.84000,1.01194,0.63250,0.36750
117.96000,1.01194,0.82337,0.17663
118.08000,1.01193,0.85454,0.14546
118.20000,1.01194,0.83520,0.16480
118.32000,1.01194,0.81821,0.18179
118.44000,1.01193,0.75790,0.24210
118.56000,1.01194,0.71872,0.28128
118.68000,1.01194,0.66870,0.33130
118.80000,1.01193,0.64232,0.35768
118.92000,1.01194,0.44680,0.55320
119.04000,1.01194,0.46253,0.53747
119.16000,1.01193,0.48452,0.51548
119.28000,1.01194,0.49267,0.50733
119.40000,1.01193,0.53560,0.46440
119.52000,1.01194,0.60736,0.39264
119.64000,1.01194,0.68437,0.31563
119.76000,1.01193,0.80578,0.19422
119.88000,1.01194,0.80807,0.19193
120.00000,1.01194,0.85852,0.14148
120.12000,1.01193,0.89433,0.10567
120.24000,1.01194,0.84230,0.15770
120.36000,1.01194,0.91559,0.08441
120.48000,1.01193,0.87906,0.12094
120.60000,1.01194,0.89649,0.10351
120.72000,1.01194,0.89847,0.10153
120.84000,1.01194,0.90976,0.09024
120.96000,1.01194,0.91809,0.08191
121.08000,1.01193,0.88654,0.11346
121.20000,1.01194,0.88650,0.11350
121.32000,1.01194,0.91254,0.08746
121.44000,1.01193,0.89585,0.10415
121.56000,1.01194,0.93914,0.06086
121.68000,1.01194,0.91956,0.08044
121.80000,1.01193,0.90078,0.09922
121.92000,1.01194,0.90715,0.09285
122.04000,1.01194,0.90178,0.09822
122.16000,1.01193,0.92853,0.07147
122.28000,1.01194,0.89892,0.10108
122.40000,1.01193,0.90993,0.09007
122.52000,1.01194,0.85473,0.14527
122.64000,1.01194,0.83117,0.16883
122.76000,1.01193,0.81727,0.18273
122.88000,1.01194,0.84997,0.15003
123.00000,1.01194,0.85676,0.14324
123.12000,1.01193,0.74316,0.25684
123.24000,1.01194,0.81743,0.18257
123.36000,1.01194,0.77410,0.22590
123.48000,1.01193,0.70824,0.29176
123.60000,1.01194,0.64753,0.35247
123.72000,1.01194,0.72884,0.27116
123.84000,1.01194,0.67998,0.32002
123.96000,1.01194,0.71554,0.28446
124.08000,1.01193,0.83360,0.16640
124.20000,1.01194,0.81237,0.18763
124.32000,1.01194,0.83437,0.16563
124.44000,1.01193,0.83516,0.16484
124.56000,1.01194,0.76409,0.23591
124.68000,1.01194,0.73822,0.26178
124.80000,1.01193,0.85744,0.14256
124.92000,1.01194,0.85458,0.14542
125.04000,1.01194,0.85424,0.14576
125.16000,1.01193,0.84798,0.15202
125.28000,1.01194,0.84704,0.15296
125.40000,1.01193,0.92300,0.07700
125.52000,1.01194,0.92767,0.07233
125.64000,1.01194,0.81787,0.18213
125.76000,1.01193,0.86063,0.13937
125.88000,1.01194,0.82541,0.17459
126.00000,1.01194,0.88617,0.11383
126.12000,1.01193,0.86192,0.13808
126.24000,1.01194,0.82912,0.17088
126.36000,1.01194,0.79754,0.20246
126.48000,1.01193,0.79264,0.20736
126.60000,1.01194,0.84084,0.15916
126.72000,1.01194,0.74650,0.25350
126.84000,1.01194,0.80064,0.19936
126.96000,1.01194,0.88314,0.11686
127.08000,1.01193,0.90076,0.09924
127.20000,1.01195,0.91577,0.08423
127.32000,1.01194,0.84514,0.15486
127.44000,1.01193,0.87883,0.12117
127.56000,1.01193,0.81697,0.18303
127.68000,1.01194,0.87561,0.12439
127.80000,1.01193,0.82484,0.17516
127.92000,1.01193,0.84427,0.15573
128.03999,1.01195,0.81182,0.18818
128.16000,1.01193,0.78709,0.21291
128.28000,1.01193,0.84150,0.15850
128.39999,1.01195,0.81745,0.18255
128.52000,1.01193,0.84444,0.15556
128.64000,1.01193,0.82563,0.17437
128.75999,1.01195,0.88476,0.11524
128.88000,1.01193,0.90995,0.09005
129.00000,1.01193,0.90910,0.09090
129.12000,1.01195,0.88788,0.11212
129.24001,1.01193,0.82401,0.17599
129.36000,1.01193,0.86915,0.13085
129.48000,1.01195,0.77140,0.22860
129.60001,1.01193,0.73799,0.26201
129.72000,1.01193,0.71191,0.28809
129.84000,1.01195,0.62656,0.37344
129.96001,1.01193,0.70493,0.29507
130.08000,1.01193,0.73752,0.26248
130.20000,1.01195,0.73674,0.26326
130.32001,1.01193,0.85032,0.14968
130.44000,1.01193,0.82600,0.17401
130.56000,1.01193,0.91518,0.08482
130.67999,1.01195,0.81839,0.18161
130.80000,1.01193,0.88213,0.11787
130.92000,1.01193,0.84079,0.15921
131.03999,1.01195,0.86312,0.13688
131.16000,1.01193,0.86142,0.13858
131.28000,1.01193,0.84137,0.15863
131.39999,1.01195,0.88755,0.11245
131.52000,1.01193,0.81868,0.18132
131.64000,1.01193,0.91956,0.08044
131.75999,1.01195,0.89755,0.10245
131.88000,1.01193,0.87805,0.12195
132.00000,1.01193,0.91197,0.08803
132.12000,1.01195,0.90512,0.09488
132.24001,1.01193,0.93979,0.06021
132.36000,1.01193,0.86646,0.13354
132.48000,1.01195,0.82576,0.17424
132.60001,1.01193,0.86190,0.13810
132.72000,1.01193,0.79457,0.20543
132.84000,1.01195,0.70392,0.29608
132.96001,1.01193,0.65438,0.34562
133.08000,1.01193,0.61944,0.38056
133.20000,1.01195,0.44946,0.55054
133.32001,1.01193,0.40678,0.59322
133.44000,1.01193,0.64422,0.35578
133.56000,1.01193,0.55054,0.44946
133.67999,1.01195,0.72716,0.27284
133.80000,1.01193,0.47463,0.52537
133.92000,1.01193,0.64587,0.35413
134.03999,1.01195,0.57245,0.42755
134.16000,1.01193,0.73053,0.26947
134.28000,1.01193,0.71729,0.28271
134.39999,1.01195,0.78857,0.21143
134.52000,1.01193,0.71617,0.28383
134.64000,1.01193,0.83764,0.16236
134.75999,1.01195,0.73296,0.26704
134.88000,1.01193,0.86195,0.13805
135.00000,1.01193,0.75769,0.24231
135.12000,1.01195,0.90299,0.09701
135.24001,1.01193,0.83563,0.16437
135.36000,1.01193,0.84716,0.15284
135.48000,1.01195,0.82760,0.17240
135.60001,1.01193,0.85165,0.14835
135.72000,1.01193,0.81606,0.18394
135.84000,1.01195,0.87469,0.12531
135.96001,1.01193,0.81518,0.18482
136.08000,1.01193,0.79974,0.20026
136.20000,1.01195,0.77556,0.22444
136.32001,1.01193,0.80520,0.19480
136.44000,1.01193,0.89674,0.10326
136.56000,1.01193,0.85470,0.14530
136.67999,1.01195,0.90397,0.09603
136.80000,1.01193,0.83891,0.16109
136.92000,1.01193,0.84786,0.15214
137.03999,1.01195,0.88063,0.11937
137.16000,1.01193,0.89562,0.10438
137.28000,1.01193,0.84210,0.15790
137.39999,1.01195,0.81975,0.18025
137.52000,1.01193,0.79511,0.20489
137.64000,1.01193,0.85383,0.14617
137.75999,1.01195,0.83172,0.16828
137.88000,1.01193,0.89455,0.10545
138.00000,1.01193,0.86869,0.13131
138.12000,1.01195,0.89325,0.10675
138.24001,1.01193,0.89341,0.10659
138.36000,1.01193,0.84375,0.15625
138.48000,1.01195,0.74516,0.25484
138.60001,1.01193,0.70541,0.29459
138.72000,1.01193,0.76141,0.23859
138.84000,1.01195,0.84110,0.15890
138.96001,1.01193,0.83015,0.16985
139.08000,1.01193,0.86833,0.13167
139.20000,1.01195,0.85469,0.14531
139.32001,1.01193,0.89828,0.10172
139.44000,1.01193,0.86893,0.13107
139.56000,1.01193,0.89831,0.10169
139.67999,1.01195,0.86060,0.13940
139.80000,1.01193,0.92876,0.07124
139.92000,1.01193,0.88178,0.11822
140.03999,1.01195,0.91377,0.08623
140.16000,1.01193,0.86360,0.13640
140.28000,1.01193,0.83810,0.16190
140.39999,1.01195,0.82179,0.17821
140.52000,1.01193,0.68715,0.31285
140.64000,1.01193,0.85923,0.14077
140.75999,1.01195,0.73324,0.26676
140.88000,1.01193,0.84075,0.15925
141.00000,1.01193,0.83923,0.16077
141.12000,1.01195,0.89775,0.10225
141.24001,1.01193,0.83706,0.16294
141.36000,1.01193,0.80296,0.19704
141.48000,1.01195,0.78485,0.21515
141.60001,1.01193,0.78045,0.21955
141.72000,1.01193,0.76397,0.23603
141.84000,1.01195,0.74269,0.25731
141.96001,1.01193,0.73075,0.26925
142.08000,1.01193,0.80429,0.19571
142.20000,1.01195,0.85170,0.14830
142.32001,1.01193,0.86643,0.13357
142.44000,1.01193,0.85752,0.14248
142.56000,1.01193,0.83375,0.16625
142.67999,1.01195,0.82634,0.17366
142.80000,1.01193,0.79361,0.20639
142.92000,1.01193,0.81179,0.18821
143.03999,1.01195,0.85601,0.14399
143.16000,1.01193,0.84448,0.15552
143.28000,1.01193,0.86597,0.13403
143.39999,1.01195,0.82051,0.17949
143.52000,1.01193,0.79764,0.20236
143.64000,1.01193,0.78536,0.21464
143.75999,1.01195,0.87205,0.12795
143.88000,1.01193,0.82308,0.17692
144.00000,1.01193,0.85401,0.14599
144.12000,1.01195,0.74826,0.25174
144.24001,1.01193,0.80421,0.19579
144.36000,1.01193,0.87797,0.12203
144.48000,1.01195,0.84167,0.15833
144.60001,1.01193,0.85071,0.14929
144.72000,1.01193,0.62025,0.37975
144.84000,1.01195,0.67324,0.32676
144.96001,1.01193,0.58266,0.41734
145.08000,1.01193,0.56648,0.43352
145.20000,1.01195,0.47896,0.52104
145.32001,1.01193,0.35691,0.64309
145.44000,1.01193,0.32975,0.67025
145.56000,1.01193,0.43456,0.56544
145.67999,1.01195,0.20385,0.79615
145.80000,1.01193,0.49858,0.50142
145.92000,1.01193,0.19674,0.80326
146.03999,1.01195,0.46431,0.53569
146.16000,1.01193,0.26102,0.73898
146.28000,1.01193,0.49199,0.50801
146.39999,1.01195,0.37570,0.62430
146.52000,1.01193,0.51791,0.48209
146.64000,1.01193,0.62298,0.37702
146.75999,1.01195,0.73361,0.26639
146.88000,1.01193,0.82432,0.17568
147.00000,1.01193,0.76556,0.23444
147.12000,1.01195,0.75991,0.24009
147.24001,1.01193,0.60092,0.39908
147.36000,1.01193,0.79113,0.20887
147.48000,1.01195,0.70345,0.29655
147.60001,1.01193,0.66262,0.33738
147.72000,1.01193,0.78449,0.21551
147.84000,1.01195,0.83471,0.16529
147.96001,1.01193,0.88144,0.11856
148.08000,1.01193,0.91266,0.08734
148.20000,1.01195,0.92895,0.07105
148.32001,1.01193,0.86163,0.13837
148.44000,1.01193,0.91651,0.08349
148.56000,1.01193,0.91606,0.08394
148.67999,1.01195,0.92006,0.07994
148.80000,1.01193,0.93999,0.06001
148.92000,1.01193,0.89843,0.10157
149.03999,1.01195,0.89932,0.10068
149.16000,1.01193,0.81494,0.18506
149.28000,1.01193,0.90525,0.09475
149.39999,1.01195,0.79764,0.20236
149.52000,1.01193,0.87730,0.12270
149.64000,1.01193,0.83216,0.16784
149.75999,1.01195,0.85228,0.14772
149.88000,1.01193,0.88044,0.11956
150.00000,1.01193,0.91326,0.08674
150.12000,1.01195,0.86223,0.13777
150.24001,1.01193,0.74788,0.25212
150.36000,1.01193,0.66617,0.33383
150.48000,1.01195,0.60573,0.39427
150.60001,1.01193,0.25814,0.74186
150.72000,1.01193,0.16678,0.83322
150.84000,1.01195,0.09328,0.90672
150.96001,1.01193,0.09703,0.90297
151.08000,1.01193,0.11721,0.88279
151.20000,1.01195,0.10755,0.89245
151.32001,1.01193,0.13155,0.86845
151.44000,1.01193,0.17622,0.82378
151.56000,1.01193,0.31749,0.68251
151.67999,1.01195,0.39644,0.60356
151.80000,1.01193,0.59010,0.40990
151.92000,1.01193,0.75421,0.24579
152.03999,1.01195,0.89094,0.10906
152.16000,1.01193,0.89364,0.10636
152.28000,1.01193,0.89966,0.10034
152.39999,1.01195,0.94985,0.05015
152.52000,1.01193,0.90241,0.09759
152.64000,1.01193,0.92826,0.07174
152.75999,1.01195,0.83675,0.16325
152.88000,1.01193,0.84108,0.15892
153.00000,1.01193,0.85991,0.14009
153.12000,1.01195,0.78771,0.21229
153.24001,1.01193,0.78751,0.21249
153.36000,1.01193,0.87208,0.12792
153.48000,1.01195,0.82371,0.17629
153.60001,1.01193,0.83689,0.16311
153.72000,1.01193,0.85133,0.14867
153.84000,1.01195,0.88342,0.11658
153.96001,1.01193,0.85948,0.14052
154.08000,1.01193,0.93192,0.06808
154.20000,1.01195,0.90157,0.09843
154.32001,1.01193,0.90942,0.09058
154.44000,1.01193,0.93239,0.06761
154.56000,1.01193,0.89155,0.10845
154.67999,1.01195,0.92333,0.07667
154.80000,1.01193,0.89487,0.10513
154.92000,1.01193,0.92396,0.07604
155.03999,1.01195,0.88913,0.11087
155.16000,1.01193,0.91194,0.08806
155.28000,1.01193,0.89777,0.10223
155.39999,1.01195,0.91771,0.08229
155.52000,1.01193,0.78814,0.21186
155.64000,1.01193,0.88779,0.11221
155.75999,1.01195,0.85561,0.14439
155.88000,1.01193,0.85234,0.14766
156.00000,1.01193,0.84359,0.15641
156.12000,1.01195,0.72277,0.27723
156.24001,1.01193,0.80584,0.19416
156.36000,1.01193,0.69749,0.30251
156.48000,1.01195,0.72478,0.27522
156.60001,1.01193,0.74150,0.25850
156.72000,1.01193,0.74884,0.25116
156.84000,1.01195,0.63450,0.36550
156.96001,1.01193,0.84116,0.15884
157.08000,1.01193,0.78261,0.21739
157.20000,1.01195,0.82478,0.17522
157.32001,1.01193,0.72894,0.27106
157.44000,1.01193,0.56174,0.43826
157.56000,1.01193,0.60151,0.39849
157.67999,1.01195,0.53939,0.46061
157.80000,1.01193,0.69095,0.30905
157.92000,1.01193,0.45740,0.54260
158.03999,1.01195,0.56141,0.43859
158.16000,1.01193,0.50716,0.49284
158.28000,1.01193,0.66829,0.33171
158.39999,1.01195,0.76829,0.23171
158.52000,1.01193,0.68514,0.31486
158.64000,1.01193,0.86299,0.13701
158.75999,1.01195,0.75528,0.24472
158.88000,1.01193,0.82801,0.17199
159.00000,1.01193,0.82279,0.17721
159.12000,1.01195,0.86459,0.13541
159.24001,1.01193,0.75965,0.24035
159.36000,1.01193,0.76827,0.23173
159.48000,1.01195,0.82639,0.17361
