Time (seconds), Duration (seconds),pred_unlabelled,pred_sirens
0.00000,1.01194,0.35672,0.64328
0.12000,1.01194,0.04766,0.95234
0.24000,1.01194,0.02735,0.97265
0.36000,1.01194,0.01659,0.98341
0.48000,1.01194,0.01319,0.98681
0.60000,1.01194,0.01332,0.98668
0.72000,1.01194,0.01148,0.98852
0.84000,1.01194,0.00812,0.99188
0.96000,1.01194,0.01477,0.98523
1.08000,1.01194,0.03089,0.96911
1.20000,1.01194,0.03906,0.96094
1.32000,1.01194,0.06503,0.93497
1.44000,1.01194,0.07614,0.92386
1.56000,1.01194,0.04305,0.95695
1.68000,1.01194,0.07829,0.92171
1.80000,1.01194,0.05956,0.94044
1.92000,1.01194,0.07001,0.92999
2.04000,1.01194,0.02107,0.97893
2.16000,1.01194,0.00927,0.99073
2.28000,1.01194,0.01373,0.98627
2.40000,1.01194,0.01497,0.98503
2.52000,1.01194,0.00625,0.99375
2.64000,1.01194,0.00130,0.99870
2.76000,1.01194,0.00278,0.99722
2.88000,1.01194,0.00078,0.99922
3.00000,1.01194,0.00071,0.99929
3.12000,1.01194,0.00049,0.99951
3.24000,1.01194,0.00186,0.99814
3.36000,1.01194,0.00317,0.99683
3.48000,1.01194,0.00619,0.99381
3.60000,1.01194,0.01187,0.98813
3.72000,1.01194,0.07328,0.92672
3.84000,1.01194,0.04516,0.95484
3.96000,1.01194,0.01415,0.98585
4.08000,1.01194,0.00515,0.99485
4.20000,1.01194,0.00166,0.99834
4.32000,1.01194,0.00749,0.99251
4.44000,1.01194,0.00483,0.99517
4.56000,1.01194,0.00372,0.99628
4.68000,1.01194,0.01519,0.98481
4.80000,1.01194,0.02974,0.97026
4.92000,1.01194,0.06010,0.93990
5.04000,1.01194,0.02641,0.97359
5.16000,1.01194,0.03400,0.96600
5.28000,1.01194,0.02554,0.97446
5.40000,1.01194,0.03426,0.96574
5.52000,1.01194,0.03078,0.96922
5.64000,1.01194,0.03430,0.96570
5.76000,1.01194,0.04581,0.95419
5.88000,1.01194,0.07314,0.92686
6.00000,1.01194,0.10545,0.89455
6.12000,1.01194,0.05101,0.94899
6.24000,1.01194,0.05477,0.94523
6.36000,1.01194,0.03408,0.96592
6.48000,1.01194,0.02952,0.97048
6.60000,1.01194,0.02277,0.97723
6.72000,1.01194,0.00420,0.99580
6.84000,1.01194,0.00448,0.99552
6.96000,1.01194,0.00814,0.99186
7.08000,1.01194,0.00427,0.99573
7.20000,1.01194,0.00087,0.99913
7.32000,1.01194,0.00097,0.99903
7.44000,1.01194,0.00104,0.99896
7.56000,1.01194,0.00114,0.99886
7.68000,1.01194,0.00042,0.99958
7.80000,1.01194,0.00162,0.99838
7.92000,1.01194,0.00216,0.99783
8.04000,1.01194,0.00541,0.99459
8.16000,1.01194,0.01022,0.98978
8.28000,1.01194,0.01819,0.98181
8.40000,1.01194,0.01027,0.98973
8.52000,1.01194,0.01548,0.98452
8.64000,1.01194,0.00305,0.99695
8.76000,1.01194,0.00211,0.99789
8.88000,1.01194,0.02041,0.97959
9.00000,1.01194,0.00570,0.99430
9.12000,1.01194,0.00520,0.99480
9.24000,1.01194,0.00938,0.99062
9.36000,1.01194,0.04411,0.95589
9.48000,1.01194,0.06660,0.93340
9.60000,1.01194,0.12097,0.87903
9.72000,1.01194,0.09903,0.90097
9.84000,1.01194,0.09802,0.90198
9.96000,1.01194,0.08432,0.91568
10.08000,1.01194,0.07311,0.92689
10.20000,1.01194,0.07372,0.92628
10.32000,1.01194,0.10513,0.89487
10.44000,1.01194,0.09435,0.90565
10.56000,1.01194,0.10104,0.89896
10.68000,1.01194,0.11078,0.88922
10.80000,1.01194,0.12320,0.87680
10.92000,1.01194,0.13652,0.86348
11.04000,1.01194,0.10976,0.89024
11.16000,1.01194,0.16198,0.83802
11.28000,1.01194,0.04881,0.95119
11.40000,1.01194,0.00904,0.99096
11.52000,1.01194,0.00914,0.99086
11.64000,1.01194,0.00470,0.99530
11.76000,1.01194,0.00256,0.99744
11.88000,1.01194,0.00161,0.99839
12.00000,1.01194,0.00305,0.99695
12.12000,1.01194,0.00135,0.99865
12.24000,1.01194,0.00052,0.99948
12.36000,1.01194,0.00096,0.99904
12.48000,1.01194,0.00180,0.99820
12.60000,1.01194,0.00379,0.99621
12.72000,1.01194,0.01527,0.98473
12.84000,1.01194,0.02038,0.97962
12.96000,1.01194,0.02057,0.97943
13.08000,1.01194,0.01582,0.98418
13.20000,1.01194,0.00528,0.99472
13.32000,1.01194,0.00348,0.99652
13.44000,1.01194,0.00675,0.99325
13.56000,1.01194,0.00318,0.99682
13.68000,1.01194,0.00406,0.99594
13.80000,1.01194,0.00431,0.99569
13.92000,1.01194,0.00852,0.99148
14.04000,1.01194,0.01144,0.98856
14.16000,1.01194,0.02349,0.97651
14.28000,1.01194,0.02764,0.97236
14.40000,1.01194,0.01964,0.98036
14.52000,1.01194,0.01838,0.98162
14.64000,1.01194,0.02921,0.97079
14.76000,1.01194,0.04439,0.95561
14.88000,1.01194,0.05513,0.94487
15.00000,1.01194,0.07236,0.92764
15.12000,1.01194,0.08233,0.91767
15.24000,1.01194,0.06723,0.93277
15.36000,1.01194,0.07224,0.92776
15.48000,1.01194,0.05203,0.94797
15.60000,1.01194,0.04055,0.95945
15.72000,1.01194,0.03194,0.96806
15.84000,1.01194,0.01565,0.98435
15.96000,1.01194,0.01006,0.98994
16.08000,1.01194,0.01229,0.98771
16.20000,1.01194,0.00927,0.99073
16.32000,1.01194,0.00590,0.99410
16.44000,1.01194,0.00124,0.99876
16.56000,1.01194,0.00130,0.99870
16.68000,1.01194,0.00051,0.99949
16.80000,1.01194,0.00076,0.99924
16.92000,1.01194,0.00026,0.99974
17.04000,1.01194,0.00155,0.99845
17.16000,1.01194,0.00235,0.99765
17.28000,1.01194,0.00713,0.99287
17.40000,1.01194,0.00693,0.99307
17.52000,1.01194,0.01980,0.98020
17.64000,1.01194,0.02079,0.97921
17.76000,1.01194,0.01946,0.98054
17.88000,1.01194,0.01691,0.98309
18.00000,1.01194,0.02319,0.97681
18.12000,1.01194,0.01066,0.98934
18.24000,1.01194,0.01740,0.98260
18.36000,1.01194,0.00628,0.99372
18.48000,1.01194,0.01644,0.98356
18.60000,1.01194,0.00613,0.99387
18.72000,1.01194,0.00918,0.99082
18.84000,1.01194,0.00669,0.99331
18.96000,1.01194,0.00850,0.99150
19.08000,1.01194,0.00456,0.99544
19.20000,1.01194,0.00583,0.99417
19.32000,1.01194,0.01230,0.98770
19.44000,1.01194,0.00638,0.99362
19.56000,1.01194,0.01145,0.98855
19.68000,1.01194,0.00381,0.99619
19.80000,1.01194,0.01930,0.98070
19.92000,1.01194,0.00745,0.99255
20.04000,1.01194,0.00848,0.99152
20.16000,1.01194,0.00730,0.99270
20.28000,1.01194,0.00334,0.99666
20.40000,1.01194,0.00904,0.99096
20.52000,1.01194,0.00267,0.99733
20.64000,1.01194,0.02409,0.97591
20.76000,1.01194,0.00247,0.99753
20.88000,1.01194,0.01566,0.98434
21.00000,1.01194,0.01030,0.98970
21.12000,1.01194,0.02476,0.97524
21.24000,1.01194,0.01024,0.98976
21.36000,1.01194,0.00796,0.99204
21.48000,1.01194,0.01120,0.98880
21.60000,1.01194,0.00766,0.99234
21.72000,1.01194,0.00753,0.99247
21.84000,1.01194,0.00569,0.99431
21.96000,1.01194,0.01904,0.98096
22.08000,1.01194,0.00546,0.99454
22.20000,1.01194,0.01070,0.98930
22.32000,1.01194,0.01125,0.98875
22.44000,1.01194,0.02382,0.97618
22.56000,1.01194,0.01522,0.98478
22.68000,1.01194,0.01231,0.98769
22.80000,1.01194,0.02368,0.97632
22.92000,1.01194,0.00834,0.99166
23.04000,1.01194,0.01620,0.98380
23.16000,1.01194,0.00579,0.99421
23.28000,1.01194,0.00803,0.99197
23.40000,1.01194,0.00744,0.99256
23.52000,1.01194,0.00438,0.99562
23.64000,1.01194,0.01335,0.98665
23.76000,1.01194,0.00483,0.99517
23.88000,1.01194,0.01790,0.98210
24.00000,1.01194,0.00953,0.99047
24.12000,1.01194,0.01537,0.98463
24.24000,1.01194,0.01058,0.98942
24.36000,1.01194,0.00902,0.99098
24.48000,1.01194,0.00893,0.99107
24.60000,1.01194,0.00570,0.99430
24.72000,1.01194,0.01185,0.98815
24.84000,1.01194,0.00728,0.99272
24.96000,1.01194,0.01216,0.98784
25.08000,1.01194,0.00524,0.99476
25.20000,1.01194,0.01110,0.98890
25.32000,1.01194,0.01728,0.98272
25.44000,1.01194,0.01194,0.98806
25.56000,1.01194,0.01430,0.98570
25.68000,1.01194,0.00603,0.99397
25.80000,1.01194,0.02439,0.97561
25.92000,1.01194,0.00562,0.99438
26.04000,1.01194,0.00957,0.99043
26.16000,1.01194,0.01159,0.98841
26.28000,1.01194,0.00648,0.99352
26.40000,1.01194,0.00513,0.99487
26.52000,1.01194,0.00429,0.99571
26.64000,1.01194,0.01164,0.98836
26.76000,1.01194,0.00629,0.99371
26.88000,1.01194,0.01875,0.98125
27.00000,1.01194,0.00984,0.99016
27.12000,1.01194,0.02291,0.97709
27.24000,1.01194,0.00873,0.99127
27.36000,1.01194,0.01676,0.98324
27.48000,1.01194,0.01060,0.98940
27.60000,1.01194,0.00448,0.99552
27.72000,1.01194,0.01225,0.98775
27.84000,1.01194,0.00382,0.99618
27.96000,1.01194,0.01772,0.98228
28.08000,1.01194,0.00300,0.99700
28.20000,1.01194,0.01325,0.98675
28.32000,1.01194,0.00850,0.99150
28.44000,1.01194,0.00834,0.99166
28.56000,1.01194,0.00762,0.99238
28.68000,1.01194,0.00643,0.99357
28.80000,1.01194,0.01774,0.98226
28.92000,1.01194,0.00464,0.99536
29.04000,1.01194,0.01020,0.98980
29.16000,1.01194,0.00587,0.99413
29.28000,1.01194,0.00887,0.99113
29.40000,1.01194,0.00408,0.99592
29.52000,1.01194,0.00642,0.99358
29.64000,1.01194,0.02071,0.97929
29.76000,1.01194,0.01151,0.98849
29.88000,1.01194,0.02085,0.97915
30.00000,1.01194,0.00608,0.99392
30.12000,1.01194,0.02177,0.97822
30.24000,1.01194,0.00922,0.99078
30.36000,1.01194,0.01262,0.98738
30.48000,1.01194,0.01530,0.98470
30.60000,1.01194,0.00665,0.99335
30.72000,1.01194,0.01070,0.98930
30.84000,1.01194,0.00600,0.99400
30.96000,1.01194,0.01677,0.98323
31.08000,1.01194,0.00367,0.99633
31.20000,1.01194,0.01529,0.98471
31.32000,1.01194,0.01103,0.98897
31.44000,1.01194,0.01493,0.98507
31.56000,1.01194,0.00973,0.99027
31.68000,1.01194,0.00703,0.99297
31.80000,1.01194,0.01616,0.98384
31.92000,1.01194,0.00638,0.99362
32.04000,1.01194,0.01003,0.98997
32.16000,1.01194,0.00419,0.99581
32.28000,1.01194,0.00877,0.99123
32.40000,1.01194,0.00337,0.99663
32.52000,1.01194,0.00975,0.99025
32.64000,1.01194,0.00751,0.99249
32.76000,1.01194,0.00475,0.99525
32.88000,1.01194,0.00982,0.99018
33.00000,1.01194,0.00455,0.99545
33.12000,1.01194,0.01611,0.98389
33.24000,1.01194,0.00392,0.99608
33.36000,1.01194,0.00933,0.99067
33.48000,1.01194,0.00477,0.99523
33.60000,1.01194,0.00365,0.99635
33.72000,1.01194,0.00495,0.99505
33.84000,1.01194,0.00344,0.99656
33.96000,1.01194,0.00698,0.99302
34.08000,1.01194,0.00361,0.99639
34.20000,1.01194,0.01329,0.98671
34.32000,1.01194,0.00928,0.99072
34.44000,1.01194,0.01812,0.98188
34.56000,1.01194,0.00883,0.99117
34.68000,1.01194,0.00968,0.99032
34.80000,1.01194,0.01967,0.98033
34.92000,1.01194,0.00746,0.99254
35.04000,1.01194,0.01660,0.98340
35.16000,1.01194,0.00481,0.99519
35.28000,1.01194,0.01421,0.98579
35.40000,1.01194,0.00339,0.99661
35.52000,1.01194,0.01201,0.98799
35.64000,1.01194,0.01067,0.98933
35.76000,1.01194,0.00897,0.99103
35.88000,1.01194,0.00933,0.99067
36.00000,1.01194,0.00700,0.99300
36.12000,1.01194,0.01406,0.98594
36.24000,1.01194,0.00476,0.99524
36.36000,1.01194,0.00819,0.99181
36.48000,1.01194,0.00693,0.99307
36.60000,1.01194,0.00577,0.99423
36.72000,1.01194,0.00643,0.99357
36.84000,1.01194,0.00391,0.99609
36.96000,1.01194,0.01269,0.98731
37.08000,1.01194,0.00446,0.99554
37.20000,1.01194,0.01217,0.98783
37.32000,1.01194,0.00531,0.99469
37.44000,1.01194,0.03179,0.96821
37.56000,1.01194,0.00609,0.99391
37.68000,1.01194,0.04117,0.95883
37.80000,1.01194,0.02652,0.97348
37.92000,1.01194,0.03535,0.96465
38.04000,1.01194,0.03481,0.96519
38.16000,1.01194,0.01634,0.98366
38.28000,1.01194,0.04189,0.95811
38.40000,1.01194,0.01878,0.98122
38.52000,1.01194,0.05058,0.94942
38.64000,1.01194,0.02263,0.97737
38.76000,1.01194,0.00902,0.99098
38.88000,1.01194,0.01360,0.98640
39.00000,1.01194,0.01324,0.98676
39.12000,1.01194,0.00719,0.99281
39.24000,1.01194,0.00993,0.99007
39.36000,1.01194,0.00543,0.99457
39.48000,1.01194,0.06013,0.93987
39.60000,1.01194,0.00710,0.99290
39.72000,1.01194,0.01076,0.98924
39.84000,1.01194,0.00481,0.99519
39.96000,1.01194,0.00955,0.99045
40.08000,1.01194,0.00269,0.99731
40.20000,1.01194,0.00213,0.99787
40.32000,1.01194,0.00289,0.99711
40.44000,1.01194,0.00982,0.99018
40.56000,1.01194,0.00591,0.99409
40.68000,1.01194,0.00351,0.99649
40.80000,1.01194,0.00710,0.99290
40.92000,1.01194,0.00786,0.99214
41.04000,1.01194,0.01585,0.98415
41.16000,1.01194,0.00193,0.99807
41.28000,1.01194,0.00413,0.99587
41.40000,1.01194,0.00600,0.99400
41.52000,1.01194,0.00400,0.99600
41.64000,1.01194,0.00464,0.99536
41.76000,1.01194,0.00688,0.99312
41.88000,1.01194,0.01824,0.98176
42.00000,1.01194,0.02284,0.97716
42.12000,1.01194,0.00662,0.99338
42.24000,1.01194,0.00392,0.99608
42.36000,1.01194,0.00743,0.99257
42.48000,1.01194,0.00871,0.99129
42.60000,1.01194,0.00433,0.99567
42.72000,1.01194,0.00288,0.99712
42.84000,1.01194,0.00501,0.99499
42.96000,1.01194,0.00393,0.99607
43.08000,1.01194,0.00244,0.99756
43.20000,1.01194,0.00183,0.99817
43.32000,1.01194,0.00205,0.99795
43.44000,1.01194,0.00961,0.99039
43.56000,1.01194,0.00320,0.99680
43.68000,1.01194,0.00337,0.99663
43.80000,1.01194,0.00337,0.99663
43.92000,1.01194,0.00646,0.99354
44.04000,1.01194,0.00158,0.99842
44.16000,1.01194,0.00193,0.99807
44.28000,1.01194,0.00104,0.99896
44.40000,1.01194,0.00676,0.99324
44.52000,1.01194,0.00855,0.99145
44.64000,1.01194,0.00299,0.99701
44.76000,1.01194,0.01241,0.98759
44.88000,1.01194,0.01069,0.98931
45.00000,1.01194,0.02389,0.97611
45.12000,1.01194,0.00435,0.99565
45.24000,1.01194,0.00763,0.99237
45.36000,1.01194,0.00365,0.99635
45.48000,1.01194,0.00810,0.99190
45.60000,1.01194,0.00366,0.99634
45.72000,1.01194,0.00757,0.99243
45.84000,1.01194,0.01466,0.98534
45.96000,1.01194,0.00987,0.99013
46.08000,1.01194,0.00476,0.99524
46.20000,1.01194,0.00176,0.99824
46.32000,1.01194,0.00191,0.99809
46.44000,1.01194,0.00710,0.99290
46.56000,1.01194,0.00695,0.99305
46.68000,1.01194,0.00422,0.99578
46.80000,1.01194,0.00567,0.99433
46.92000,1.01194,0.00846,0.99154
47.04000,1.01194,0.00329,0.99671
47.16000,1.01194,0.00223,0.99777
47.28000,1.01194,0.00105,0.99895
47.40000,1.01194,0.00662,0.99338
47.52000,1.01194,0.00244,0.99756
47.64000,1.01194,0.00246,0.99754
47.76000,1.01194,0.00287,0.99713
47.88000,1.01194,0.00435,0.99565
48.00000,1.01194,0.00724,0.99276
48.12000,1.01194,0.00740,0.99260
48.24000,1.01194,0.00226,0.99774
48.36000,1.01194,0.00562,0.99438
48.48000,1.01194,0.00324,0.99676
48.60000,1.01194,0.00200,0.99800
48.72000,1.01194,0.00573,0.99427
48.84000,1.01194,0.00398,0.99602
48.96000,1.01194,0.00392,0.99608
49.08000,1.01194,0.00101,0.99899
49.20000,1.01194,0.00979,0.99021
49.32000,1.01194,0.00551,0.99449
49.44000,1.01194,0.00654,0.99346
49.56000,1.01194,0.00206,0.99794
49.68000,1.01194,0.00555,0.99445
49.80000,1.01194,0.00380,0.99620
49.92000,1.01194,0.00635,0.99365
50.04000,1.01194,0.00169,0.99831
50.16000,1.01194,0.00292,0.99708
50.28000,1.01194,0.00270,0.99730
50.40000,1.01194,0.01003,0.98997
50.52000,1.01194,0.00696,0.99304
50.64000,1.01194,0.00538,0.99462
50.76000,1.01194,0.00777,0.99223
50.88000,1.01194,0.00456,0.99544
51.00000,1.01194,0.00254,0.99746
51.12000,1.01194,0.00214,0.99786
51.24000,1.01194,0.00247,0.99753
51.36000,1.01194,0.01024,0.98976
51.48000,1.01194,0.00693,0.99307
51.60000,1.01194,0.00628,0.99372
51.72000,1.01194,0.00530,0.99470
51.84000,1.01194,0.01339,0.98661
51.96000,1.01194,0.00228,0.99772
52.08000,1.01194,0.00697,0.99303
52.20000,1.01194,0.00552,0.99448
52.32000,1.01194,0.02266,0.97734
52.44000,1.01194,0.00980,0.99020
52.56000,1.01194,0.00678,0.99322
52.68000,1.01194,0.01100,0.98900
52.80000,1.01194,0.00897,0.99103
52.92000,1.01194,0.00846,0.99154
53.04000,1.01194,0.00982,0.99018
53.16000,1.01194,0.00868,0.99132
53.28000,1.01194,0.02487,0.97513
53.40000,1.01194,0.02071,0.97929
53.52000,1.01194,0.00893,0.99107
53.64000,1.01194,0.01429,0.98571
53.76000,1.01194,0.01415,0.98585
53.88000,1.01194,0.01260,0.98740
54.00000,1.01194,0.00520,0.99480
54.12000,1.01194,0.00489,0.99511
54.24000,1.01194,0.00507,0.99493
54.36000,1.01194,0.02223,0.97777
54.48000,1.01194,0.00804,0.99196
54.60000,1.01194,0.01416,0.98584
54.72000,1.01194,0.01408,0.98592
54.84000,1.01194,0.00732,0.99268
54.96000,1.01194,0.00454,0.99546
55.08000,1.01194,0.00332,0.99668
55.20000,1.01194,0.00475,0.99525
55.32000,1.01194,0.02094,0.97906
55.44000,1.01194,0.00565,0.99435
55.56000,1.01194,0.00972,0.99028
55.68000,1.01194,0.00453,0.99547
55.80000,1.01194,0.00932,0.99068
55.92000,1.01194,0.00314,0.99686
56.04000,1.01194,0.00493,0.99507
56.16000,1.01194,0.00440,0.99560
56.28000,1.01194,0.03871,0.96129
56.40000,1.01194,0.00774,0.99226
56.52000,1.01194,0.00349,0.99651
56.64000,1.01194,0.01445,0.98555
56.76000,1.01194,0.01613,0.98387
56.88000,1.01194,0.02016,0.97984
57.00000,1.01194,0.00380,0.99620
57.12000,1.01194,0.00920,0.99080
57.24000,1.01194,0.01902,0.98098
57.36000,1.01194,0.01241,0.98759
57.48000,1.01194,0.00467,0.99533
57.60000,1.01194,0.00329,0.99671
57.72000,1.01194,0.01466,0.98534
57.84000,1.01194,0.00810,0.99190
57.96000,1.01194,0.00533,0.99467
58.08000,1.01194,0.00365,0.99635
58.20000,1.01194,0.01235,0.98765
58.32000,1.01194,0.01374,0.98626
58.44000,1.01194,0.00831,0.99169
58.56000,1.01194,0.00779,0.99221
58.68000,1.01194,0.03321,0.96679
58.80000,1.01194,0.01519,0.98481
58.92000,1.01194,0.00409,0.99591
59.04000,1.01194,0.00397,0.99603
59.16000,1.01194,0.00465,0.99535
59.28000,1.01194,0.01125,0.98875
59.40000,1.01194,0.00463,0.99537
59.52000,1.01194,0.00602,0.99398
59.64000,1.01194,0.00869,0.99131
59.76000,1.01194,0.02272,0.97728
59.88000,1.01194,0.00949,0.99051
60.00000,1.01194,0.02948,0.97052
60.12000,1.01194,0.01853,0.98147
60.24000,1.01194,0.07226,0.92774
60.36000,1.01194,0.01547,0.98453
60.48000,1.01194,0.02797,0.97203
60.60000,1.01194,0.02777,0.97223
60.72000,1.01194,0.02670,0.97330
60.84000,1.01194,0.00350,0.99650
60.96000,1.01194,0.01184,0.98816
61.08000,1.01194,0.01055,0.98945
61.20000,1.01194,0.01312,0.98688
61.32000,1.01194,0.00617,0.99383
61.44000,1.01194,0.00502,0.99498
61.56000,1.01194,0.01916,0.98084
61.68000,1.01194,0.06121,0.93879
61.80000,1.01194,0.21372,0.78628
