Time (seconds), Duration (seconds),pred_unlabelled,pred_baby_cry,pred_cough,pred_water_tap
0.00000,0.67194,0.99491,0.00495,0.00003,0.00011
0.05000,0.67194,0.96316,0.03645,0.00003,0.00036
0.10000,0.67194,0.99130,0.00442,0.00003,0.00425
0.15000,0.67194,0.99116,0.00657,0.00001,0.00226
0.20000,0.67194,0.99262,0.00649,0.00009,0.00081
0.25000,0.67194,0.99066,0.00909,0.00014,0.00011
0.30000,0.67194,0.98911,0.01062,0.00018,0.00008
0.35000,0.67194,0.99469,0.00502,0.00015,0.00014
0.40000,0.67194,0.99452,0.00516,0.00013,0.00020
0.45000,0.67194,0.99558,0.00407,0.00005,0.00030
0.50000,0.67194,0.99796,0.00165,0.00030,0.00009
0.55000,0.67194,0.99732,0.00221,0.00024,0.00023
0.60000,0.67194,0.99261,0.00492,0.00170,0.00077
0.65000,0.67194,0.99297,0.00567,0.00091,0.00045
0.70000,0.67194,0.98050,0.01580,0.00288,0.00082
0.75000,0.67194,0.97282,0.02058,0.00654,0.00006
0.80000,0.67194,0.96210,0.02849,0.00940,0.00001
0.85000,0.67194,0.95111,0.04460,0.00393,0.00036
0.90000,0.67194,0.93090,0.06278,0.00514,0.00118
0.95000,0.67194,0.95706,0.03867,0.00109,0.00319
1.00000,0.67194,0.93461,0.03596,0.02861,0.00082
1.05000,0.67194,0.94731,0.04481,0.00565,0.00224
1.10000,0.67194,0.94416,0.01826,0.01513,0.02244
1.15000,0.67194,0.92129,0.00847,0.06866,0.00158
1.20000,0.67194,0.96302,0.02044,0.01647,0.00006
1.25000,0.67194,0.94747,0.00460,0.04654,0.00139
1.30000,0.67194,0.94197,0.01784,0.03988,0.00032
1.35000,0.67194,0.90307,0.00874,0.06959,0.01860
1.40000,0.67194,0.95200,0.01649,0.00220,0.02931
1.45000,0.67194,0.96328,0.00564,0.00218,0.02890
1.50000,0.67194,0.98200,0.00679,0.00601,0.00520
1.55000,0.67194,0.97410,0.00894,0.00986,0.00710
1.60000,0.67194,0.98565,0.00311,0.00491,0.00634
1.65000,0.67194,0.98849,0.00393,0.00279,0.00479
1.70000,0.67194,0.99286,0.00326,0.00131,0.00257
1.75000,0.67194,0.98517,0.00339,0.00783,0.00362
1.80000,0.67194,0.92916,0.03145,0.00297,0.03642
1.85000,0.67194,0.97721,0.00816,0.00251,0.01212
1.90000,0.67194,0.94815,0.00615,0.00176,0.04394
1.95000,0.67194,0.96593,0.00443,0.00193,0.02771
2.00000,0.67194,0.98478,0.00379,0.00132,0.01010
2.05000,0.67194,0.96807,0.00406,0.00530,0.02257
2.10000,0.67194,0.97115,0.01957,0.00562,0.00365
2.15000,0.67194,0.90840,0.00495,0.00330,0.08335
2.20000,0.67194,0.96975,0.01268,0.00558,0.01200
2.25000,0.67194,0.97633,0.01392,0.00067,0.00907
2.30000,0.67194,0.96864,0.02254,0.00442,0.00440
2.35000,0.67194,0.93724,0.02485,0.00048,0.03744
2.40000,0.67194,0.99278,0.00246,0.00051,0.00425
2.45000,0.67194,0.98194,0.00780,0.00014,0.01013
2.50000,0.67194,0.98864,0.00690,0.00035,0.00411
2.55000,0.67194,0.97332,0.00419,0.00115,0.02133
2.60000,0.67194,0.97886,0.00347,0.00101,0.01666
2.65000,0.67194,0.93104,0.02685,0.00016,0.04195
2.70000,0.67194,0.98568,0.01029,0.00032,0.00370
2.75000,0.67194,0.98118,0.00494,0.00014,0.01374
2.80000,0.67194,0.98507,0.00992,0.00026,0.00475
2.85000,0.67194,0.98645,0.00792,0.00033,0.00531
2.90000,0.67194,0.99553,0.00238,0.00096,0.00113
2.95000,0.67194,0.93599,0.00406,0.00144,0.05851
3.00000,0.67194,0.98465,0.00512,0.00279,0.00745
3.05000,0.67194,0.98650,0.00060,0.00286,0.01005
3.10000,0.67194,0.99456,0.00102,0.00225,0.00217
3.15000,0.67194,0.99453,0.00415,0.00034,0.00099
3.20000,0.67194,0.99803,0.00123,0.00029,0.00045
3.25000,0.67194,0.99697,0.00021,0.00049,0.00233
3.30000,0.67194,0.99779,0.00106,0.00054,0.00062
3.35000,0.67194,0.99597,0.00228,0.00016,0.00159
3.40000,0.67194,0.99203,0.00253,0.00073,0.00471
3.45000,0.67194,0.98873,0.00512,0.00247,0.00369
3.50000,0.67194,0.98408,0.00790,0.00585,0.00216
3.55000,0.67194,0.99541,0.00203,0.00235,0.00020
3.60000,0.67194,0.99458,0.00292,0.00123,0.00126
3.65000,0.67194,0.99691,0.00123,0.00068,0.00118
3.70000,0.67194,0.99305,0.00030,0.00300,0.00365
3.75000,0.67194,0.99741,0.00167,0.00049,0.00043
3.80000,0.67194,0.99451,0.00382,0.00040,0.00127
3.85000,0.67194,0.97854,0.01933,0.00194,0.00019
3.90000,0.67194,0.99168,0.00359,0.00184,0.00289
3.95000,0.67194,0.94214,0.05235,0.00545,0.00007
4.00000,0.67194,0.97827,0.01246,0.00590,0.00338
4.05000,0.67194,0.98827,0.00974,0.00165,0.00034
4.10000,0.67194,0.97302,0.01425,0.00647,0.00626
4.15000,0.67194,0.97518,0.01937,0.00115,0.00430
4.20000,0.67194,0.52186,0.00573,0.03033,0.44208
4.25000,0.67194,0.97270,0.01681,0.00392,0.00657
4.30000,0.67194,0.97948,0.00443,0.01048,0.00560
4.35000,0.67194,0.97723,0.00829,0.00370,0.01078
4.40000,0.67194,0.95657,0.00223,0.02535,0.01584
4.45000,0.67194,0.98739,0.00052,0.00765,0.00445
4.50000,0.67194,0.99064,0.00021,0.00279,0.00635
4.55000,0.67194,0.98197,0.00033,0.01108,0.00662
4.60000,0.67194,0.99553,0.00021,0.00014,0.00412
4.65000,0.67194,0.99947,0.00013,0.00032,0.00009
4.70000,0.67194,0.99953,0.00028,0.00012,0.00007
4.75000,0.67194,0.99969,0.00013,0.00013,0.00006
4.80000,0.67194,0.99985,0.00007,0.00002,0.00006
4.85000,0.67194,0.99961,0.00030,0.00007,0.00002
4.90000,0.67194,0.99967,0.00029,0.00001,0.00004
4.95000,0.67194,0.99882,0.00102,0.00011,0.00006
5.00000,0.67194,0.99966,0.00030,0.00002,0.00003
5.05000,0.67194,0.99732,0.00061,0.00183,0.00024
5.10000,0.67194,0.99667,0.00321,0.00008,0.00003
5.15000,0.67194,0.99538,0.00440,0.00021,0.00001
5.20000,0.67194,0.96773,0.03206,0.00013,0.00008
5.25000,0.67194,0.98795,0.01158,0.00043,0.00005
5.30000,0.67194,0.96855,0.03143,0.00001,0.00002
5.35000,0.67194,0.98953,0.00983,0.00058,0.00006
5.40000,0.67194,0.99665,0.00307,0.00016,0.00011
5.45000,0.67194,0.99267,0.00557,0.00008,0.00168
5.50000,0.67194,0.99374,0.00243,0.00185,0.00198
5.55000,0.67194,0.99329,0.00109,0.00178,0.00384
5.60000,0.67194,0.98233,0.00567,0.00218,0.00983
5.65000,0.67194,0.98248,0.00951,0.00529,0.00272
5.70000,0.67194,0.99219,0.00420,0.00177,0.00185
5.75000,0.67194,0.97902,0.00618,0.01054,0.00427
5.80000,0.67194,0.96684,0.00810,0.02467,0.00039
5.85000,0.67194,0.99151,0.00248,0.00600,0.00001
5.90000,0.67194,0.99053,0.00437,0.00506,0.00004
5.95000,0.67194,0.99529,0.00359,0.00110,0.00002
6.00000,0.67194,0.99574,0.00092,0.00334,0.00000
6.05000,0.67194,0.99830,0.00107,0.00063,0.00000
6.10000,0.67194,0.99572,0.00417,0.00011,0.00000
6.15000,0.67194,0.99698,0.00298,0.00003,0.00000
6.20000,0.67194,0.99567,0.00411,0.00022,0.00001
6.25000,0.67194,0.99645,0.00352,0.00002,0.00000
6.30000,0.67194,0.99575,0.00423,0.00002,0.00000
6.35000,0.67194,0.99721,0.00278,0.00001,0.00000
6.40000,0.67194,0.99951,0.00034,0.00009,0.00005
6.45000,0.67194,0.99847,0.00141,0.00001,0.00011
6.50000,0.67194,0.99903,0.00083,0.00001,0.00012
6.55000,0.67194,0.99696,0.00285,0.00002,0.00017
6.60000,0.67194,0.99381,0.00581,0.00005,0.00032
6.65000,0.67194,0.99279,0.00666,0.00042,0.00013
6.70000,0.67194,0.98549,0.01424,0.00023,0.00004
6.75000,0.67194,0.99547,0.00431,0.00013,0.00009
6.80000,0.67194,0.99491,0.00384,0.00125,0.00001
6.85000,0.67194,0.99659,0.00320,0.00020,0.00001
6.90000,0.67194,0.98791,0.00578,0.00631,0.00001
6.95000,0.67194,0.99047,0.00831,0.00122,0.00000
7.00000,0.67194,0.98573,0.00599,0.00821,0.00007
7.05000,0.67194,0.98786,0.00490,0.00722,0.00002
7.10000,0.67194,0.97467,0.01735,0.00792,0.00007
7.15000,0.67194,0.98848,0.00840,0.00308,0.00003
7.20000,0.67194,0.99166,0.00754,0.00071,0.00009
7.25000,0.67194,0.99299,0.00673,0.00019,0.00009
7.30000,0.67194,0.99464,0.00492,0.00039,0.00005
7.35000,0.67194,0.98699,0.01273,0.00008,0.00020
7.40000,0.67194,0.98328,0.01654,0.00017,0.00001
7.45000,0.67194,0.97054,0.02903,0.00035,0.00009
7.50000,0.67194,0.93438,0.06544,0.00014,0.00004
7.55000,0.67194,0.97150,0.02694,0.00002,0.00153
7.60000,0.67194,0.95797,0.04150,0.00004,0.00049
7.65000,0.67194,0.97310,0.02628,0.00027,0.00034
7.70000,0.67194,0.97608,0.02362,0.00024,0.00006
7.75000,0.67194,0.98629,0.01239,0.00008,0.00124
7.80000,0.67194,0.99418,0.00571,0.00004,0.00008
7.85000,0.67194,0.98512,0.01253,0.00006,0.00230
7.90000,0.67194,0.98873,0.01012,0.00054,0.00060
7.95000,0.67194,0.98776,0.00596,0.00036,0.00593
8.00000,0.67194,0.99284,0.00317,0.00016,0.00383
8.05000,0.67194,0.99061,0.00435,0.00049,0.00455
8.10000,0.67194,0.99441,0.00359,0.00099,0.00101
8.15000,0.67194,0.98710,0.00201,0.00083,0.01006
8.20000,0.67194,0.99569,0.00236,0.00075,0.00120
8.25000,0.67194,0.97772,0.01179,0.00814,0.00235
8.30000,0.67194,0.86406,0.00469,0.01035,0.12090
8.35000,0.67194,0.86335,0.01544,0.01873,0.10247
8.40000,0.67194,0.94441,0.00587,0.00380,0.04592
8.45000,0.67194,0.90731,0.04434,0.00666,0.04169
8.50000,0.67194,0.94018,0.00531,0.00493,0.04958
8.55000,0.67194,0.76901,0.00668,0.00190,0.22242
8.60000,0.67194,0.93412,0.00277,0.00583,0.05729
8.65000,0.67194,0.96541,0.01480,0.00499,0.01480
8.70000,0.67194,0.93465,0.01428,0.00443,0.04664
8.75000,0.67194,0.97743,0.01092,0.00727,0.00439
8.80000,0.67194,0.90308,0.02608,0.06213,0.00871
8.85000,0.67194,0.97963,0.01240,0.00417,0.00379
8.90000,0.67194,0.96389,0.01171,0.02131,0.00309
8.95000,0.67194,0.96424,0.00451,0.02264,0.00860
9.00000,0.67194,0.94691,0.00412,0.02294,0.02603
9.05000,0.67194,0.98560,0.00327,0.00075,0.01038
9.10000,0.67194,0.94724,0.00458,0.00977,0.03841
9.15000,0.67194,0.98546,0.00183,0.00478,0.00793
9.20000,0.67194,0.98051,0.00572,0.00882,0.00494
9.25000,0.67194,0.98167,0.00390,0.00731,0.00712
9.30000,0.67194,0.95271,0.02300,0.01061,0.01368
9.35000,0.67194,0.97443,0.00642,0.00740,0.01174
9.40000,0.67194,0.97134,0.01638,0.00168,0.01060
9.45000,0.67194,0.92697,0.06832,0.00030,0.00440
9.50000,0.67194,0.95246,0.03932,0.00091,0.00730
9.55000,0.67194,0.98305,0.01483,0.00129,0.00082
9.60000,0.67194,0.97873,0.01613,0.00246,0.00269
9.65000,0.67194,0.97759,0.00442,0.01108,0.00691
9.70000,0.67194,0.97167,0.01179,0.01531,0.00124
9.75000,0.67194,0.88151,0.00658,0.08803,0.02387
9.80000,0.67194,0.98562,0.01050,0.00239,0.00149
9.85000,0.67194,0.99218,0.00321,0.00041,0.00420
9.90000,0.67194,0.99241,0.00612,0.00110,0.00037
9.95000,0.67194,0.99723,0.00110,0.00126,0.00042
10.00000,0.67194,0.99642,0.00008,0.00245,0.00105
10.05000,0.67194,0.99640,0.00025,0.00261,0.00073
10.10000,0.67194,0.99507,0.00011,0.00381,0.00101
10.15000,0.67194,0.98855,0.00048,0.00821,0.00275
10.20000,0.67194,0.97353,0.00017,0.02451,0.00179
10.25000,0.67194,0.99246,0.00249,0.00140,0.00365
10.30000,0.67194,0.99242,0.00112,0.00413,0.00232
10.35000,0.67194,0.99672,0.00043,0.00255,0.00031
10.40000,0.67194,0.99163,0.00085,0.00549,0.00203
10.45000,0.67194,0.99696,0.00106,0.00189,0.00009
10.50000,0.67194,0.99745,0.00117,0.00092,0.00046
10.55000,0.67194,0.99440,0.00300,0.00199,0.00062
10.60000,0.67194,0.99791,0.00165,0.00025,0.00019
10.65000,0.67194,0.99555,0.00318,0.00058,0.00069
10.70000,0.67194,0.99816,0.00154,0.00027,0.00002
10.75000,0.67194,0.99362,0.00588,0.00048,0.00002
10.80000,0.67194,0.99337,0.00630,0.00027,0.00006
10.85000,0.67194,0.99631,0.00349,0.00020,0.00001
10.90000,0.67194,0.99632,0.00345,0.00019,0.00004
10.95000,0.67194,0.99019,0.00964,0.00008,0.00009
11.00000,0.67194,0.99109,0.00883,0.00003,0.00006
11.05000,0.67194,0.98442,0.01204,0.00064,0.00291
11.10000,0.67194,0.93444,0.06502,0.00033,0.00021
11.15000,0.67194,0.97913,0.02032,0.00030,0.00024
11.20000,0.67194,0.99267,0.00553,0.00146,0.00035
11.25000,0.67194,0.99361,0.00330,0.00250,0.00059
11.30000,0.67194,0.98628,0.00925,0.00075,0.00372
11.35000,0.67194,0.98869,0.01024,0.00002,0.00105
11.40000,0.67194,0.99546,0.00367,0.00006,0.00081
11.45000,0.67194,0.99213,0.00762,0.00001,0.00024
11.50000,0.67194,0.98852,0.00990,0.00034,0.00124
11.55000,0.67194,0.99195,0.00754,0.00009,0.00041
11.60000,0.67194,0.99712,0.00268,0.00006,0.00014
11.65000,0.67194,0.99833,0.00158,0.00002,0.00007
11.70000,0.67194,0.99880,0.00057,0.00000,0.00062
11.75000,0.67194,0.99815,0.00039,0.00002,0.00144
11.80000,0.67194,0.99907,0.00012,0.00003,0.00079
11.85000,0.67194,0.99954,0.00009,0.00004,0.00034
11.90000,0.67194,0.98957,0.00039,0.00006,0.00997
11.95000,0.67194,0.99876,0.00010,0.00013,0.00101
12.00000,0.67194,0.99924,0.00003,0.00003,0.00070
12.05000,0.67194,0.99845,0.00004,0.00006,0.00144
12.10000,0.67194,0.99962,0.00002,0.00001,0.00036
12.15000,0.67194,0.99934,0.00000,0.00001,0.00065
12.20000,0.67194,0.99983,0.00001,0.00001,0.00015
12.25000,0.67194,0.99975,0.00001,0.00001,0.00023
12.30000,0.67194,0.99913,0.00011,0.00030,0.00046
12.35000,0.67194,0.99985,0.00012,0.00001,0.00002
12.40000,0.67194,0.99918,0.00012,0.00000,0.00070
12.45000,0.67194,0.99799,0.00189,0.00001,0.00010
12.50000,0.67194,0.99713,0.00276,0.00010,0.00000
12.55000,0.67194,0.99532,0.00465,0.00003,0.00000
12.60000,0.67194,0.99836,0.00158,0.00006,0.00000
12.65000,0.67194,0.99561,0.00422,0.00017,0.00000
12.70000,0.67194,0.99239,0.00737,0.00024,0.00000
12.75000,0.67194,0.99211,0.00724,0.00064,0.00001
12.80000,0.67194,0.97832,0.02057,0.00110,0.00001
12.85000,0.67194,0.95426,0.04374,0.00193,0.00007
12.90000,0.67194,0.97771,0.02214,0.00015,0.00001
12.95000,0.67194,0.98988,0.00929,0.00080,0.00002
13.00000,0.67194,0.98069,0.00967,0.00964,0.00000
13.05000,0.67194,0.98643,0.01186,0.00171,0.00000
13.10000,0.67194,0.99195,0.00195,0.00609,0.00001
13.15000,0.67194,0.99387,0.00413,0.00197,0.00002
13.20000,0.67194,0.99269,0.00244,0.00457,0.00030
13.25000,0.67194,0.98069,0.00212,0.01710,0.00010
13.30000,0.67194,0.99065,0.00070,0.00847,0.00018
13.35000,0.67194,0.99472,0.00113,0.00402,0.00013
13.40000,0.67194,0.99380,0.00039,0.00519,0.00062
13.45000,0.67194,0.99929,0.00006,0.00051,0.00014
13.50000,0.67194,0.99126,0.00011,0.00829,0.00033
13.55000,0.67194,0.99456,0.00009,0.00481,0.00054
13.60000,0.67194,0.96460,0.00010,0.03509,0.00021
13.65000,0.67194,0.98980,0.00024,0.00987,0.00009
13.70000,0.67194,0.98174,0.00081,0.01669,0.00077
13.75000,0.67194,0.98178,0.00105,0.01669,0.00047
13.80000,0.67194,0.97704,0.00108,0.02035,0.00154
13.85000,0.67194,0.98066,0.00349,0.01575,0.00010
13.90000,0.67194,0.98704,0.00043,0.01234,0.00018
13.95000,0.67194,0.99244,0.00093,0.00648,0.00016
14.00000,0.67194,0.98529,0.00029,0.01441,0.00000
14.05000,0.67194,0.98877,0.00006,0.01116,0.00001
14.10000,0.67194,0.98842,0.00019,0.01138,0.00000
14.15000,0.67194,0.99881,0.00047,0.00071,0.00001
14.20000,0.67194,0.99969,0.00017,0.00014,0.00000
14.25000,0.67194,0.99944,0.00009,0.00046,0.00000
14.30000,0.67194,0.99970,0.00027,0.00003,0.00000
14.35000,0.67194,0.99927,0.00071,0.00001,0.00001
14.40000,0.67194,0.99975,0.00017,0.00008,0.00000
14.45000,0.67194,0.99981,0.00018,0.00001,0.00000
14.50000,0.67194,0.99900,0.00094,0.00006,0.00000
14.55000,0.67194,0.99949,0.00044,0.00005,0.00003
14.60000,0.67194,0.99678,0.00317,0.00005,0.00001
14.65000,0.67194,0.99539,0.00456,0.00002,0.00003
14.70000,0.67194,0.99770,0.00226,0.00003,0.00002
14.75000,0.67194,0.99304,0.00594,0.00071,0.00031
14.80000,0.67194,0.98552,0.01398,0.00042,0.00008
14.85000,0.67194,0.97847,0.02151,0.00003,0.00000
14.90000,0.67194,0.98575,0.01422,0.00001,0.00001
14.95000,0.67194,0.94882,0.05113,0.00005,0.00000
15.00000,0.67194,0.99645,0.00353,0.00002,0.00000
15.05000,0.67194,0.99612,0.00388,0.00000,0.00000
15.10000,0.67194,0.99448,0.00550,0.00001,0.00000
15.15000,0.67194,0.99901,0.00098,0.00001,0.00000
15.20000,0.67194,0.99725,0.00272,0.00001,0.00002
15.25000,0.67194,0.99594,0.00399,0.00005,0.00001
15.30000,0.67194,0.97097,0.02887,0.00012,0.00003
15.35000,0.67194,0.98889,0.01076,0.00028,0.00007
15.40000,0.67194,0.99356,0.00614,0.00004,0.00027
15.45000,0.67194,0.98147,0.00922,0.00020,0.00911
15.50000,0.67194,0.95861,0.03874,0.00036,0.00229
15.55000,0.67194,0.95949,0.02018,0.00268,0.01765
15.60000,0.67194,0.96915,0.02623,0.00061,0.00400
15.65000,0.67194,0.97715,0.00845,0.00219,0.01220
15.70000,0.67194,0.93856,0.06096,0.00030,0.00018
15.75000,0.67194,0.99117,0.00837,0.00015,0.00031
15.80000,0.67194,0.98715,0.01168,0.00020,0.00097
15.85000,0.67194,0.99374,0.00592,0.00006,0.00028
15.90000,0.67194,0.98992,0.00994,0.00002,0.00012
15.95000,0.67194,0.99634,0.00197,0.00003,0.00166
16.00000,0.67194,0.99918,0.00051,0.00007,0.00024
16.05000,0.67194,0.99782,0.00178,0.00019,0.00020
16.10000,0.67194,0.99740,0.00144,0.00113,0.00003
16.15000,0.67194,0.99892,0.00099,0.00001,0.00007
16.20000,0.67194,0.99912,0.00060,0.00011,0.00018
16.25000,0.67194,0.99857,0.00066,0.00013,0.00063
16.30000,0.67194,0.99649,0.00197,0.00008,0.00146
16.35000,0.67194,0.99597,0.00279,0.00019,0.00105
16.40000,0.67194,0.98967,0.00820,0.00060,0.00153
16.45000,0.67194,0.99509,0.00375,0.00013,0.00103
16.50000,0.67194,0.99448,0.00170,0.00164,0.00217
16.55000,0.67194,0.97830,0.01163,0.00498,0.00509
16.60000,0.67194,0.96400,0.02549,0.00771,0.00281
16.65000,0.67194,0.95808,0.02997,0.00437,0.00758
16.70000,0.67194,0.92245,0.03620,0.03121,0.01014
16.75000,0.67194,0.86490,0.00957,0.09756,0.02797
16.80000,0.67194,0.95139,0.02435,0.02288,0.00138
16.85000,0.67194,0.79218,0.01591,0.07322,0.11869
16.90000,0.67194,0.92658,0.01711,0.03487,0.02144
16.95000,0.67194,0.94776,0.02766,0.00882,0.01576
17.00000,0.67194,0.94004,0.04549,0.01264,0.00183
17.05000,0.67194,0.93514,0.05626,0.00272,0.00588
17.10000,0.67194,0.96825,0.02355,0.00123,0.00697
17.15000,0.67194,0.97447,0.02306,0.00009,0.00237
17.20000,0.67194,0.95443,0.04512,0.00019,0.00025
17.25000,0.67194,0.93925,0.06043,0.00002,0.00030
17.30000,0.67194,0.97837,0.02122,0.00017,0.00024
17.35000,0.67194,0.98380,0.01594,0.00024,0.00002
17.40000,0.67194,0.88228,0.11766,0.00001,0.00004
17.45000,0.67194,0.89747,0.10249,0.00001,0.00004
17.50000,0.67194,0.95171,0.04821,0.00001,0.00006
17.55000,0.67194,0.90488,0.09506,0.00004,0.00002
17.60000,0.67194,0.94905,0.05089,0.00005,0.00000
17.65000,0.67194,0.96735,0.03260,0.00004,0.00001
17.70000,0.67194,0.99577,0.00405,0.00017,0.00002
17.75000,0.67194,0.99977,0.00014,0.00009,0.00001
17.80000,0.67194,0.99946,0.00047,0.00007,0.00000
17.85000,0.67194,0.99884,0.00039,0.00075,0.00002
17.90000,0.67194,0.99905,0.00095,0.00000,0.00000
17.95000,0.67194,0.99975,0.00021,0.00002,0.00002
18.00000,0.67194,0.99877,0.00122,0.00000,0.00001
18.05000,0.67194,0.99838,0.00141,0.00017,0.00004
18.10000,0.67194,0.99861,0.00119,0.00018,0.00002
18.15000,0.67194,0.99712,0.00254,0.00022,0.00012
18.20000,0.67194,0.99878,0.00101,0.00009,0.00013
18.25000,0.67194,0.99684,0.00280,0.00015,0.00022
18.30000,0.67194,0.98636,0.01327,0.00010,0.00027
18.35000,0.67194,0.98112,0.01818,0.00054,0.00016
18.40000,0.67194,0.99382,0.00584,0.00017,0.00016
18.45000,0.67194,0.97222,0.02367,0.00066,0.00346
18.50000,0.67194,0.96224,0.03603,0.00057,0.00117
18.55000,0.67194,0.98049,0.01123,0.00072,0.00756
18.60000,0.67194,0.94347,0.04755,0.00705,0.00193
18.65000,0.67194,0.98130,0.01469,0.00280,0.00121
18.70000,0.67194,0.97142,0.02807,0.00013,0.00038
18.75000,0.67194,0.98817,0.00940,0.00225,0.00018
18.80000,0.67194,0.99467,0.00412,0.00087,0.00034
18.85000,0.67194,0.97295,0.01886,0.00595,0.00223
18.90000,0.67194,0.98984,0.00777,0.00196,0.00044
18.95000,0.67194,0.99849,0.00071,0.00063,0.00017
19.00000,0.67194,0.99740,0.00057,0.00189,0.00015
19.05000,0.67194,0.99446,0.00282,0.00229,0.00043
19.10000,0.67194,0.99717,0.00124,0.00113,0.00046
19.15000,0.67194,0.99889,0.00031,0.00025,0.00055
19.20000,0.67194,0.99931,0.00006,0.00054,0.00008
19.25000,0.67194,0.99873,0.00033,0.00048,0.00047
19.30000,0.67194,0.99870,0.00022,0.00093,0.00015
19.35000,0.67194,0.99834,0.00053,0.00047,0.00066
19.40000,0.67194,0.99836,0.00031,0.00111,0.00022
19.45000,0.67194,0.99469,0.00040,0.00391,0.00099
19.50000,0.67194,0.99266,0.00137,0.00086,0.00510
19.55000,0.67194,0.95844,0.00135,0.00083,0.03938
19.60000,0.67194,0.99693,0.00086,0.00071,0.00150
19.65000,0.67194,0.98792,0.00189,0.00286,0.00733
19.70000,0.67194,0.99155,0.00540,0.00189,0.00116
19.75000,0.67194,0.96316,0.00136,0.00838,0.02710
19.80000,0.67194,0.89370,0.01086,0.01339,0.08205
19.85000,0.67194,0.80264,0.02436,0.02278,0.15021
19.90000,0.67194,0.83297,0.08245,0.02286,0.06172
19.95000,0.67194,0.93604,0.02703,0.01211,0.02481
20.00000,0.67194,0.91230,0.03310,0.03504,0.01956
20.05000,0.67194,0.95097,0.04483,0.00272,0.00147
20.10000,0.67194,0.93694,0.03371,0.02542,0.00393
20.15000,0.67194,0.98313,0.00958,0.00695,0.00035
20.20000,0.67194,0.99028,0.00347,0.00562,0.00063
20.25000,0.67194,0.99368,0.00295,0.00331,0.00006
20.30000,0.67194,0.99383,0.00068,0.00512,0.00037
20.35000,0.67194,0.99808,0.00136,0.00053,0.00003
20.40000,0.67194,0.98745,0.00087,0.01163,0.00005
20.45000,0.67194,0.99772,0.00117,0.00105,0.00007
20.50000,0.67194,0.98580,0.00145,0.01120,0.00155
20.55000,0.67194,0.99675,0.00120,0.00184,0.00022
20.60000,0.67194,0.98730,0.00435,0.00789,0.00046
20.65000,0.67194,0.98580,0.00095,0.01282,0.00043
20.70000,0.67194,0.98215,0.00230,0.01247,0.00309
20.75000,0.67194,0.90125,0.01061,0.06865,0.01949
20.80000,0.67194,0.96250,0.01333,0.01806,0.00611
20.85000,0.67194,0.87265,0.03710,0.01120,0.07905
20.90000,0.67194,0.90557,0.05160,0.01188,0.03094
20.95000,0.67194,0.80453,0.00244,0.01141,0.18161
21.00000,0.67194,0.86386,0.02696,0.00306,0.10612
21.05000,0.67194,0.77713,0.00482,0.00131,0.21674
21.10000,0.67194,0.93213,0.01152,0.00121,0.05514
21.15000,0.67194,0.89310,0.00697,0.01391,0.08601
21.20000,0.67194,0.92720,0.01321,0.00508,0.05451
21.25000,0.67194,0.94165,0.00451,0.00084,0.05300
21.30000,0.67194,0.98790,0.00324,0.00048,0.00837
21.35000,0.67194,0.99161,0.00209,0.00008,0.00621
21.40000,0.67194,0.99553,0.00137,0.00062,0.00247
21.45000,0.67194,0.97834,0.00131,0.00720,0.01315
21.50000,0.67194,0.98737,0.00124,0.00394,0.00744
21.55000,0.67194,0.98766,0.00126,0.00475,0.00634
21.60000,0.67194,0.98737,0.00124,0.00947,0.00192
21.65000,0.67194,0.97502,0.00788,0.01089,0.00621
21.70000,0.67194,0.97566,0.01149,0.01078,0.00207
21.75000,0.67194,0.96955,0.00687,0.00959,0.01398
21.80000,0.67194,0.98736,0.00354,0.00530,0.00380
21.85000,0.67194,0.94049,0.01600,0.02178,0.02173
21.90000,0.67194,0.91124,0.03543,0.04686,0.00646
21.95000,0.67194,0.88578,0.08479,0.02359,0.00584
22.00000,0.67194,0.94429,0.01704,0.03471,0.00396
22.05000,0.67194,0.90973,0.03220,0.05658,0.00149
22.10000,0.67194,0.94209,0.03817,0.01341,0.00632
22.15000,0.67194,0.92608,0.04646,0.02644,0.00103
22.20000,0.67194,0.96749,0.02481,0.00367,0.00403
22.25000,0.67194,0.93867,0.02297,0.02407,0.01429
22.30000,0.67194,0.97474,0.00912,0.00599,0.01015
22.35000,0.67194,0.93630,0.03726,0.00227,0.02417
22.40000,0.67194,0.98046,0.00342,0.00199,0.01414
22.45000,0.67194,0.85728,0.01424,0.00240,0.12608
22.50000,0.67194,0.85341,0.03604,0.02534,0.08520
22.55000,0.67194,0.75472,0.00748,0.00542,0.23238
22.60000,0.67194,0.73726,0.01721,0.00039,0.24513
22.65000,0.67194,0.63573,0.00390,0.00010,0.36027
22.70000,0.67194,0.57626,0.00232,0.00397,0.41746
22.75000,0.67194,0.92921,0.02301,0.00134,0.04644
22.80000,0.67194,0.92385,0.00439,0.00015,0.07161
22.85000,0.67194,0.95517,0.00651,0.00062,0.03770
22.90000,0.67194,0.97643,0.00434,0.00034,0.01889
22.95000,0.67194,0.93544,0.01644,0.00036,0.04775
23.00000,0.67194,0.98779,0.00411,0.00074,0.00736
23.05000,0.67194,0.91990,0.00561,0.00090,0.07359
23.10000,0.67194,0.99816,0.00099,0.00001,0.00083
23.15000,0.67194,0.99491,0.00087,0.00080,0.00342
23.20000,0.67194,0.99657,0.00217,0.00040,0.00086
23.25000,0.67194,0.99491,0.00108,0.00285,0.00117
23.30000,0.67194,0.99839,0.00132,0.00005,0.00024
23.35000,0.67194,0.99552,0.00320,0.00018,0.00110
23.40000,0.67194,0.99756,0.00176,0.00039,0.00029
23.45000,0.67194,0.99610,0.00234,0.00113,0.00043
23.50000,0.67194,0.99862,0.00094,0.00035,0.00009
23.55000,0.67194,0.99600,0.00236,0.00013,0.00151
23.60000,0.67194,0.99767,0.00067,0.00039,0.00127
23.65000,0.67194,0.98787,0.00040,0.00105,0.01068
23.70000,0.67194,0.99518,0.00335,0.00024,0.00123
23.75000,0.67194,0.99309,0.00553,0.00007,0.00130
23.80000,0.67194,0.99109,0.00406,0.00011,0.00473
23.85000,0.67194,0.99718,0.00033,0.00005,0.00244
23.90000,0.67194,0.98749,0.00034,0.00033,0.01183
23.95000,0.67194,0.99087,0.00078,0.00010,0.00825
24.00000,0.67194,0.99809,0.00024,0.00005,0.00161
24.05000,0.67194,0.99803,0.00017,0.00005,0.00175
24.10000,0.67194,0.99816,0.00015,0.00002,0.00167
24.15000,0.67194,0.99971,0.00002,0.00004,0.00022
24.20000,0.67194,0.99958,0.00006,0.00000,0.00036
24.25000,0.67194,0.99963,0.00021,0.00004,0.00012
24.30000,0.67194,0.99915,0.00058,0.00003,0.00025
24.35000,0.67194,0.99735,0.00249,0.00003,0.00013
24.40000,0.67194,0.99962,0.00027,0.00009,0.00002
24.45000,0.67194,0.99843,0.00076,0.00076,0.00005
24.50000,0.67194,0.99791,0.00186,0.00012,0.00011
24.55000,0.67194,0.99811,0.00168,0.00015,0.00005
24.60000,0.67194,0.99781,0.00187,0.00018,0.00013
24.65000,0.67194,0.99864,0.00104,0.00025,0.00006
24.70000,0.67194,0.98952,0.00945,0.00074,0.00030
24.75000,0.67194,0.99015,0.00853,0.00110,0.00022
24.80000,0.67194,0.97936,0.02047,0.00016,0.00001
24.85000,0.67194,0.99210,0.00659,0.00112,0.00018
24.90000,0.67194,0.99083,0.00827,0.00087,0.00003
24.95000,0.67194,0.99823,0.00052,0.00120,0.00004
25.00000,0.67194,0.99866,0.00111,0.00020,0.00002
25.05000,0.67194,0.99984,0.00004,0.00010,0.00002
25.10000,0.67194,0.99969,0.00008,0.00020,0.00003
25.15000,0.67194,0.99937,0.00033,0.00029,0.00002
25.20000,0.67194,0.99811,0.00124,0.00047,0.00018
25.25000,0.67194,0.99737,0.00024,0.00223,0.00017
25.30000,0.67194,0.99869,0.00085,0.00023,0.00023
25.35000,0.67194,0.99893,0.00080,0.00019,0.00008
25.40000,0.67194,0.99629,0.00119,0.00179,0.00073
25.45000,0.67194,0.98662,0.00055,0.00691,0.00593
25.50000,0.67194,0.95789,0.00061,0.00344,0.03807
25.55000,0.67194,0.98009,0.00168,0.01033,0.00790
25.60000,0.67194,0.92185,0.00976,0.01295,0.05543
25.65000,0.67194,0.95559,0.00316,0.01701,0.02424
25.70000,0.67194,0.86628,0.00103,0.00887,0.12382
25.75000,0.67194,0.99158,0.00316,0.00091,0.00434
25.80000,0.67194,0.97454,0.00761,0.00260,0.01525
25.85000,0.67194,0.99735,0.00065,0.00138,0.00062
25.90000,0.67194,0.99800,0.00093,0.00019,0.00089
25.95000,0.67194,0.99590,0.00156,0.00006,0.00249
26.00000,0.67194,0.99718,0.00211,0.00047,0.00024
26.05000,0.67194,0.99753,0.00185,0.00044,0.00017
26.10000,0.67194,0.99556,0.00389,0.00015,0.00041
26.15000,0.67194,0.99840,0.00140,0.00003,0.00016
26.20000,0.67194,0.99286,0.00533,0.00004,0.00177
26.25000,0.67194,0.99128,0.00700,0.00013,0.00159
26.30000,0.67194,0.98796,0.01126,0.00045,0.00033
26.35000,0.67194,0.96322,0.03314,0.00052,0.00312
26.40000,0.67194,0.97714,0.01363,0.00287,0.00636
26.45000,0.67194,0.98174,0.00328,0.01468,0.00029
26.50000,0.67194,0.93521,0.00234,0.04757,0.01488
26.55000,0.67194,0.97130,0.00275,0.01853,0.00741
26.60000,0.67194,0.93987,0.00706,0.00247,0.05059
26.65000,0.67194,0.94026,0.00803,0.00378,0.04793
26.70000,0.67194,0.97698,0.01104,0.00832,0.00366
26.75000,0.67194,0.95993,0.00785,0.03216,0.00006
26.80000,0.67194,0.97123,0.01317,0.01449,0.00110
26.85000,0.67194,0.98800,0.00831,0.00361,0.00008
26.90000,0.67194,0.99238,0.00142,0.00592,0.00028
26.95000,0.67194,0.95206,0.00395,0.04384,0.00014
27.00000,0.67194,0.94184,0.00382,0.05432,0.00002
27.05000,0.67194,0.96696,0.01545,0.01753,0.00007
27.10000,0.67194,0.93077,0.01168,0.05744,0.00012
27.15000,0.67194,0.97573,0.00522,0.01905,0.00000
27.20000,0.67194,0.94975,0.00048,0.04965,0.00012
27.25000,0.67194,0.86415,0.00069,0.13514,0.00001
27.30000,0.67194,0.89963,0.00030,0.09958,0.00049
27.35000,0.67194,0.93431,0.00074,0.06486,0.00009
27.40000,0.67194,0.83731,0.00047,0.16213,0.00009
27.45000,0.67194,0.89484,0.00084,0.10339,0.00093
27.50000,0.67194,0.89127,0.00010,0.10862,0.00002
27.55000,0.67194,0.95482,0.00060,0.04450,0.00008
27.60000,0.67194,0.96487,0.00031,0.03417,0.00065
27.65000,0.67194,0.96018,0.00078,0.03889,0.00015
27.70000,0.67194,0.98813,0.00631,0.00535,0.00022
27.75000,0.67194,0.98739,0.00344,0.00870,0.00047
27.80000,0.67194,0.98130,0.00487,0.01349,0.00034
27.85000,0.67194,0.97717,0.00963,0.01282,0.00038
27.90000,0.67194,0.95844,0.00294,0.03854,0.00007
27.95000,0.67194,0.94952,0.02191,0.02402,0.00455
28.00000,0.67194,0.97976,0.01121,0.00631,0.00272
28.05000,0.67194,0.97578,0.00638,0.01554,0.00231
28.10000,0.67194,0.97166,0.01261,0.00781,0.00792
28.15000,0.67194,0.96654,0.02020,0.01084,0.00242
28.20000,0.67194,0.98727,0.00371,0.00829,0.00072
28.25000,0.67194,0.93246,0.00825,0.05800,0.00129
28.30000,0.67194,0.77841,0.00604,0.21306,0.00249
28.35000,0.67194,0.85911,0.00685,0.13057,0.00347
28.40000,0.67194,0.86972,0.00435,0.12565,0.00028
28.45000,0.67194,0.64639,0.00186,0.35166,0.00009
28.50000,0.67194,0.88380,0.00653,0.10855,0.00112
28.55000,0.67194,0.83861,0.00044,0.16092,0.00004
28.60000,0.67194,0.85307,0.00042,0.14649,0.00002
28.65000,0.67194,0.61809,0.00125,0.38064,0.00002
28.70000,0.67194,0.82457,0.00101,0.17434,0.00008
28.75000,0.67194,0.96873,0.00169,0.02947,0.00010
28.80000,0.67194,0.97510,0.00056,0.02434,0.00001
28.85000,0.67194,0.98763,0.00175,0.01062,0.00000
28.90000,0.67194,0.98847,0.00156,0.00996,0.00000
28.95000,0.67194,0.98890,0.00022,0.01087,0.00000
29.00000,0.67194,0.99722,0.00093,0.00185,0.00000
29.05000,0.67194,0.99866,0.00047,0.00087,0.00000
29.10000,0.67194,0.99605,0.00065,0.00329,0.00000
29.15000,0.67194,0.99913,0.00073,0.00013,0.00001
29.20000,0.67194,0.99568,0.00426,0.00005,0.00001
29.25000,0.67194,0.99555,0.00436,0.00001,0.00008
29.30000,0.67194,0.99803,0.00157,0.00038,0.00001
29.35000,0.67194,0.99788,0.00184,0.00025,0.00003
29.40000,0.67194,0.99659,0.00261,0.00060,0.00020
29.45000,0.67194,0.99274,0.00593,0.00012,0.00121
29.50000,0.67194,0.99700,0.00075,0.00013,0.00212
29.55000,0.67194,0.99129,0.00043,0.00029,0.00798
29.60000,0.67194,0.99246,0.00165,0.00020,0.00569
29.65000,0.67194,0.99316,0.00292,0.00234,0.00158
29.70000,0.67194,0.97701,0.00561,0.01733,0.00005
29.75000,0.67194,0.92322,0.00692,0.06907,0.00079
29.80000,0.67194,0.94642,0.00656,0.04699,0.00003
29.85000,0.67194,0.93788,0.00667,0.05513,0.00033
29.90000,0.67194,0.97795,0.00218,0.01987,0.00001
29.95000,0.67194,0.97067,0.00330,0.02595,0.00008
30.00000,0.67194,0.96036,0.00088,0.03871,0.00004
30.05000,0.67194,0.97919,0.00899,0.01177,0.00005
30.10000,0.67194,0.97069,0.00883,0.02043,0.00004
30.15000,0.67194,0.91786,0.01023,0.07188,0.00003
30.20000,0.67194,0.98262,0.00419,0.01318,0.00001
30.25000,0.67194,0.98916,0.00524,0.00559,0.00001
30.30000,0.67194,0.99073,0.00549,0.00352,0.00026
30.35000,0.67194,0.98770,0.00488,0.00430,0.00312
30.40000,0.67194,0.98197,0.01188,0.00342,0.00273
30.45000,0.67194,0.98025,0.00819,0.00966,0.00191
30.50000,0.67194,0.93244,0.06546,0.00135,0.00076
30.55000,0.67194,0.91107,0.08656,0.00196,0.00041
30.60000,0.67194,0.96048,0.03700,0.00187,0.00066
30.65000,0.67194,0.96462,0.03267,0.00269,0.00002
30.70000,0.67194,0.96977,0.02901,0.00072,0.00050
30.75000,0.67194,0.96186,0.03587,0.00099,0.00127
30.80000,0.67194,0.97007,0.02946,0.00034,0.00012
30.85000,0.67194,0.95499,0.04186,0.00174,0.00141
30.90000,0.67194,0.96379,0.03586,0.00025,0.00009
30.95000,0.67194,0.95520,0.04363,0.00094,0.00023
31.00000,0.67194,0.97177,0.02029,0.00789,0.00004
31.05000,0.67194,0.98823,0.01153,0.00009,0.00015
31.10000,0.67194,0.99139,0.00815,0.00028,0.00019
31.15000,0.67194,0.99436,0.00533,0.00025,0.00005
31.20000,0.67194,0.98278,0.01579,0.00118,0.00025
31.25000,0.67194,0.99763,0.00157,0.00075,0.00005
31.30000,0.67194,0.99612,0.00300,0.00056,0.00033
31.35000,0.67194,0.99477,0.00088,0.00384,0.00051
31.40000,0.67194,0.99794,0.00133,0.00026,0.00047
31.45000,0.67194,0.99799,0.00039,0.00079,0.00083
31.50000,0.67194,0.99682,0.00098,0.00195,0.00025
31.55000,0.67194,0.99397,0.00173,0.00309,0.00120
31.60000,0.67194,0.99346,0.00072,0.00474,0.00108
31.65000,0.67194,0.96107,0.00141,0.01464,0.02288
31.70000,0.67194,0.93875,0.00135,0.05865,0.00125
31.75000,0.67194,0.89992,0.00106,0.09537,0.00365
31.80000,0.67194,0.94849,0.00488,0.04354,0.00309
31.85000,0.67194,0.95995,0.00275,0.03584,0.00146
31.90000,0.67194,0.92665,0.00181,0.06277,0.00877
31.95000,0.67194,0.89562,0.00410,0.09685,0.00343
32.00000,0.67194,0.70273,0.00373,0.27954,0.01400
32.05000,0.67194,0.97096,0.00623,0.02217,0.00065
32.10000,0.67194,0.97895,0.00018,0.02020,0.00067
32.15000,0.67194,0.94405,0.00163,0.05421,0.00010
32.20000,0.67194,0.93038,0.00107,0.06830,0.00025
32.25000,0.67194,0.97842,0.00135,0.02015,0.00008
32.30000,0.67194,0.98165,0.00044,0.01765,0.00026
32.35000,0.67194,0.96434,0.00053,0.03511,0.00002
32.40000,0.67194,0.96605,0.00046,0.03330,0.00018
32.45000,0.67194,0.99181,0.00218,0.00594,0.00007
32.50000,0.67194,0.98606,0.00028,0.01358,0.00009
32.55000,0.67194,0.98783,0.00116,0.00993,0.00108
32.60000,0.67194,0.98298,0.00083,0.01598,0.00022
32.65000,0.67194,0.99227,0.00337,0.00435,0.00000
32.70000,0.67194,0.98133,0.00014,0.01853,0.00000
32.75000,0.67194,0.99401,0.00088,0.00510,0.00000
32.80000,0.67194,0.99287,0.00050,0.00660,0.00004
32.85000,0.67194,0.99130,0.00249,0.00620,0.00000
32.90000,0.67194,0.98565,0.00066,0.01367,0.00001
32.95000,0.67194,0.99020,0.00093,0.00885,0.00003
33.00000,0.67194,0.99017,0.00162,0.00810,0.00011
33.05000,0.67194,0.99435,0.00361,0.00202,0.00003
33.10000,0.67194,0.99378,0.00025,0.00597,0.00001
33.15000,0.67194,0.98760,0.00025,0.01215,0.00001
33.20000,0.67194,0.93198,0.00026,0.06771,0.00005
33.25000,0.67194,0.94709,0.00096,0.04436,0.00758
33.30000,0.67194,0.93148,0.00017,0.06815,0.00021
33.35000,0.67194,0.98440,0.00052,0.01364,0.00143
33.40000,0.67194,0.99211,0.00026,0.00708,0.00054
33.45000,0.67194,0.98607,0.00035,0.01347,0.00011
33.50000,0.67194,0.99377,0.00085,0.00534,0.00004
33.55000,0.67194,0.99750,0.00172,0.00072,0.00006
33.60000,0.67194,0.99236,0.00029,0.00734,0.00001
33.65000,0.67194,0.99215,0.00017,0.00768,0.00000
33.70000,0.67194,0.98546,0.00021,0.01433,0.00000
33.75000,0.67194,0.99112,0.00013,0.00876,0.00000
33.80000,0.67194,0.99304,0.00039,0.00655,0.00003
33.85000,0.67194,0.99696,0.00006,0.00298,0.00000
33.90000,0.67194,0.99875,0.00026,0.00099,0.00000
33.95000,0.67194,0.96839,0.00053,0.03109,0.00000
34.00000,0.67194,0.99131,0.00064,0.00805,0.00000
34.05000,0.67194,0.99549,0.00055,0.00396,0.00000
34.10000,0.67194,0.99018,0.00338,0.00643,0.00001
34.15000,0.67194,0.97290,0.00439,0.02269,0.00001
34.20000,0.67194,0.97372,0.02132,0.00454,0.00042
34.25000,0.67194,0.98567,0.01372,0.00060,0.00000
34.30000,0.67194,0.98674,0.00984,0.00315,0.00027
34.35000,0.67194,0.97871,0.02098,0.00029,0.00002
34.40000,0.67194,0.97525,0.02430,0.00021,0.00024
34.45000,0.67194,0.97568,0.02235,0.00193,0.00004
34.50000,0.67194,0.83981,0.15928,0.00025,0.00065
34.55000,0.67194,0.92317,0.07559,0.00102,0.00023
34.60000,0.67194,0.93346,0.06556,0.00091,0.00007
34.65000,0.67194,0.97341,0.02646,0.00003,0.00011
34.70000,0.67194,0.98284,0.01611,0.00066,0.00039
34.75000,0.67194,0.99901,0.00072,0.00027,0.00000
34.80000,0.67194,0.99759,0.00103,0.00121,0.00017
34.85000,0.67194,0.99767,0.00086,0.00117,0.00031
34.90000,0.67194,0.99736,0.00160,0.00048,0.00055
34.95000,0.67194,0.99394,0.00046,0.00361,0.00198
35.00000,0.67194,0.99795,0.00031,0.00094,0.00080
35.05000,0.67194,0.99608,0.00014,0.00206,0.00173
35.10000,0.67194,0.98751,0.00030,0.00817,0.00402
35.15000,0.67194,0.91729,0.00019,0.05082,0.03170
35.20000,0.67194,0.96335,0.00032,0.00370,0.03264
35.25000,0.67194,0.96725,0.00008,0.01503,0.01763
35.30000,0.67194,0.97208,0.00011,0.01230,0.01551
35.35000,0.67194,0.98590,0.00020,0.00803,0.00586
35.40000,0.67194,0.98428,0.00082,0.00879,0.00610
35.45000,0.67194,0.98816,0.00009,0.01070,0.00105
35.50000,0.67194,0.98079,0.00007,0.01723,0.00191
35.55000,0.67194,0.97830,0.00012,0.02115,0.00043
35.60000,0.67194,0.96251,0.00062,0.03620,0.00067
35.65000,0.67194,0.97348,0.00121,0.02464,0.00066
35.70000,0.67194,0.99417,0.00073,0.00464,0.00045
35.75000,0.67194,0.97655,0.00044,0.02277,0.00025
35.80000,0.67194,0.76990,0.00023,0.22985,0.00002
35.85000,0.67194,0.91573,0.00071,0.08354,0.00002
35.90000,0.67194,0.93983,0.00183,0.05831,0.00002
35.95000,0.67194,0.96361,0.00578,0.03041,0.00020
36.00000,0.67194,0.80395,0.00409,0.18736,0.00460
36.05000,0.67194,0.92020,0.00514,0.07438,0.00027
36.10000,0.67194,0.97442,0.01610,0.00865,0.00083
36.15000,0.67194,0.89075,0.01728,0.09171,0.00026
36.20000,0.67194,0.94863,0.00460,0.04121,0.00556
36.25000,0.67194,0.96978,0.01381,0.01517,0.00124
36.30000,0.67194,0.95772,0.00621,0.03587,0.00020
36.35000,0.67194,0.90989,0.03463,0.05188,0.00360
36.40000,0.67194,0.85544,0.03130,0.02985,0.08342
36.45000,0.67194,0.94915,0.01521,0.01467,0.02097
36.50000,0.67194,0.87385,0.03480,0.00469,0.08666
36.55000,0.67194,0.98057,0.01271,0.00294,0.00378
36.60000,0.67194,0.95819,0.03593,0.00505,0.00083
36.65000,0.67194,0.93972,0.03195,0.02812,0.00021
36.70000,0.67194,0.87695,0.10275,0.02026,0.00003
36.75000,0.67194,0.92545,0.06336,0.01113,0.00005
36.80000,0.67194,0.88064,0.10526,0.01408,0.00001
36.85000,0.67194,0.95879,0.02644,0.01472,0.00005
36.90000,0.67194,0.93747,0.05594,0.00634,0.00024
36.95000,0.67194,0.98302,0.01179,0.00413,0.00106
37.00000,0.67194,0.97288,0.02629,0.00061,0.00023
37.05000,0.67194,0.97298,0.02386,0.00246,0.00069
37.10000,0.67194,0.98744,0.01148,0.00061,0.00047
37.15000,0.67194,0.98857,0.00683,0.00344,0.00116
37.20000,0.67194,0.98938,0.00176,0.00862,0.00024
37.25000,0.67194,0.97450,0.01880,0.00192,0.00478
37.30000,0.67194,0.98005,0.01061,0.00155,0.00778
37.35000,0.67194,0.98123,0.00506,0.00024,0.01347
37.40000,0.67194,0.98834,0.00659,0.00018,0.00488
37.45000,0.67194,0.98957,0.00522,0.00468,0.00053
37.50000,0.67194,0.98141,0.00175,0.01157,0.00527
37.55000,0.67194,0.96246,0.00130,0.03436,0.00188
37.60000,0.67194,0.99029,0.00278,0.00519,0.00175
37.65000,0.67194,0.98940,0.00199,0.00668,0.00194
37.70000,0.67194,0.97965,0.00390,0.00083,0.01563
37.75000,0.67194,0.93752,0.02025,0.00037,0.04186
37.80000,0.67194,0.98490,0.01065,0.00050,0.00395
37.85000,0.67194,0.96832,0.00862,0.00435,0.01871
37.90000,0.67194,0.83516,0.00763,0.02725,0.12996
37.95000,0.67194,0.93598,0.00865,0.03386,0.02152
38.00000,0.67194,0.88259,0.00510,0.06817,0.04414
38.05000,0.67194,0.89309,0.01304,0.06251,0.03136
38.10000,0.67194,0.84253,0.01292,0.02367,0.12088
38.15000,0.67194,0.95295,0.00669,0.02691,0.01345
38.20000,0.67194,0.95724,0.00406,0.01199,0.02671
38.25000,0.67194,0.94355,0.00613,0.04640,0.00392
38.30000,0.67194,0.93094,0.00269,0.04027,0.02611
38.35000,0.67194,0.95932,0.00161,0.03778,0.00128
38.40000,0.67194,0.81253,0.00170,0.18131,0.00445
38.45000,0.67194,0.54944,0.00083,0.44965,0.00008
38.50000,0.67194,0.86513,0.00086,0.13348,0.00052
38.55000,0.67194,0.88200,0.00090,0.11708,0.00002
38.60000,0.67194,0.93857,0.00286,0.05847,0.00009
38.65000,0.67194,0.98477,0.00068,0.01398,0.00057
38.70000,0.67194,0.98191,0.00151,0.01576,0.00083
38.75000,0.67194,0.95949,0.00438,0.03456,0.00157
38.80000,0.67194,0.97514,0.00185,0.02046,0.00255
38.85000,0.67194,0.93840,0.00413,0.02211,0.03536
38.90000,0.67194,0.98939,0.00203,0.00670,0.00188
38.95000,0.67194,0.97317,0.00176,0.02405,0.00102
39.00000,0.67194,0.99411,0.00235,0.00245,0.00108
39.05000,0.67194,0.97725,0.00091,0.00523,0.01661
39.10000,0.67194,0.96021,0.02477,0.00183,0.01320
39.15000,0.67194,0.97405,0.02106,0.00349,0.00140
39.20000,0.67194,0.95966,0.02727,0.01255,0.00052
39.25000,0.67194,0.95727,0.02916,0.01142,0.00215
39.30000,0.67194,0.97904,0.01739,0.00301,0.00056
39.35000,0.67194,0.96149,0.02041,0.01759,0.00052
39.40000,0.67194,0.99455,0.00415,0.00126,0.00004
39.45000,0.67194,0.98123,0.00248,0.01621,0.00009
39.50000,0.67194,0.99545,0.00375,0.00067,0.00014
39.55000,0.67194,0.99691,0.00182,0.00115,0.00012
39.60000,0.67194,0.98957,0.00654,0.00386,0.00003
39.65000,0.67194,0.99762,0.00195,0.00036,0.00007
39.70000,0.67194,0.99602,0.00277,0.00119,0.00002
39.75000,0.67194,0.99519,0.00364,0.00113,0.00004
39.80000,0.67194,0.99437,0.00419,0.00064,0.00080
39.85000,0.67194,0.99679,0.00110,0.00047,0.00163
39.90000,0.67194,0.99405,0.00040,0.00308,0.00247
39.95000,0.67194,0.99838,0.00024,0.00103,0.00036
40.00000,0.67194,0.97400,0.00068,0.02058,0.00473
40.05000,0.67194,0.99692,0.00086,0.00165,0.00057
40.10000,0.67194,0.98781,0.00060,0.00597,0.00562
40.15000,0.67194,0.99180,0.00118,0.00106,0.00596
40.20000,0.67194,0.98374,0.00082,0.01134,0.00410
40.25000,0.67194,0.95461,0.00202,0.01531,0.02807
40.30000,0.67194,0.85841,0.00680,0.02765,0.10713
40.35000,0.67194,0.74622,0.00618,0.02872,0.21887
40.40000,0.67194,0.43785,0.00292,0.02068,0.53855
40.45000,0.67194,0.58383,0.01331,0.00702,0.39584
40.50000,0.67194,0.53664,0.00371,0.00144,0.45821
40.55000,0.67194,0.66716,0.00534,0.22322,0.10428
40.60000,0.67194,0.61829,0.08622,0.18049,0.11500
40.65000,0.67194,0.82030,0.06514,0.09947,0.01509
40.70000,0.67194,0.91899,0.02261,0.03154,0.02686
40.75000,0.67194,0.90990,0.02201,0.06205,0.00604
40.80000,0.67194,0.89983,0.09169,0.00806,0.00042
40.85000,0.67194,0.97046,0.01964,0.00976,0.00013
40.90000,0.67194,0.96875,0.02480,0.00644,0.00001
40.95000,0.67194,0.98893,0.01038,0.00068,0.00001
41.00000,0.67194,0.97265,0.02712,0.00023,0.00000
41.05000,0.67194,0.99514,0.00413,0.00073,0.00000
41.10000,0.67194,0.99733,0.00207,0.00060,0.00000
41.15000,0.67194,0.99841,0.00147,0.00012,0.00000
41.20000,0.67194,0.99777,0.00221,0.00002,0.00000
41.25000,0.67194,0.99781,0.00218,0.00001,0.00000
41.30000,0.67194,0.99751,0.00248,0.00001,0.00000
41.35000,0.67194,0.99949,0.00048,0.00003,0.00000
41.40000,0.67194,0.99968,0.00032,0.00001,0.00000
41.45000,0.67194,0.99965,0.00033,0.00002,0.00000
41.50000,0.67194,0.99952,0.00046,0.00002,0.00000
41.55000,0.67194,0.99987,0.00011,0.00002,0.00000
41.60000,0.67194,0.99992,0.00006,0.00002,0.00000
41.65000,0.67194,0.99989,0.00006,0.00005,0.00000
41.70000,0.67194,0.99978,0.00011,0.00012,0.00000
41.75000,0.67194,0.99966,0.00007,0.00028,0.00000
41.80000,0.67194,0.99718,0.00009,0.00273,0.00000
41.85000,0.67194,0.98856,0.00002,0.01141,0.00000
41.90000,0.67194,0.99776,0.00027,0.00197,0.00000
41.95000,0.67194,0.99127,0.00028,0.00845,0.00000
42.00000,0.67194,0.95673,0.00022,0.04305,0.00000
42.05000,0.67194,0.99737,0.00131,0.00132,0.00000
42.10000,0.67194,0.99352,0.00379,0.00270,0.00000
42.15000,0.67194,0.99533,0.00243,0.00221,0.00003
42.20000,0.67194,0.98033,0.01641,0.00327,0.00000
42.25000,0.67194,0.98668,0.01280,0.00051,0.00000
42.30000,0.67194,0.98856,0.01138,0.00006,0.00000
42.35000,0.67194,0.99219,0.00766,0.00015,0.00000
42.40000,0.67194,0.98540,0.01430,0.00027,0.00003
42.45000,0.67194,0.99342,0.00597,0.00026,0.00036
42.50000,0.67194,0.99425,0.00523,0.00051,0.00000
42.55000,0.67194,0.97834,0.02137,0.00003,0.00026
42.60000,0.67194,0.99642,0.00307,0.00019,0.00032
42.65000,0.67194,0.99229,0.00761,0.00001,0.00009
42.70000,0.67194,0.98838,0.01150,0.00002,0.00010
42.75000,0.67194,0.98436,0.01551,0.00003,0.00009
42.80000,0.67194,0.98715,0.01163,0.00001,0.00122
42.85000,0.67194,0.98044,0.01623,0.00004,0.00330
42.90000,0.67194,0.98542,0.01451,0.00004,0.00004
42.95000,0.67194,0.96027,0.03835,0.00044,0.00093
43.00000,0.67194,0.96318,0.03668,0.00004,0.00010
43.05000,0.67194,0.97263,0.02600,0.00050,0.00086
43.10000,0.67194,0.99229,0.00733,0.00004,0.00034
43.15000,0.67194,0.93150,0.06080,0.00142,0.00629
43.20000,0.67194,0.96694,0.02786,0.00126,0.00393
43.25000,0.67194,0.97697,0.01819,0.00048,0.00436
43.30000,0.67194,0.97267,0.02151,0.00071,0.00512
43.35000,0.67194,0.93575,0.06115,0.00142,0.00168
43.40000,0.67194,0.96595,0.02761,0.00587,0.00058
43.45000,0.67194,0.98608,0.00600,0.00730,0.00061
43.50000,0.67194,0.95494,0.01119,0.01119,0.02268
43.55000,0.67194,0.98494,0.01145,0.00171,0.00190
43.60000,0.67194,0.95374,0.03679,0.00028,0.00918
43.65000,0.67194,0.96582,0.03237,0.00092,0.00090
43.70000,0.67194,0.96952,0.00655,0.01926,0.00468
43.75000,0.67194,0.94454,0.01040,0.02591,0.01915
43.80000,0.67194,0.97436,0.00217,0.00869,0.01478
43.85000,0.67194,0.85766,0.00509,0.03836,0.09890
43.90000,0.67194,0.58508,0.01494,0.02299,0.37699
43.95000,0.67194,0.22042,0.00427,0.00449,0.77083
44.00000,0.67194,0.19093,0.00562,0.00460,0.79885
44.05000,0.67194,0.17414,0.00384,0.00884,0.81318
44.10000,0.67194,0.47727,0.03433,0.02065,0.46774
44.15000,0.67194,0.62096,0.01132,0.17934,0.18838
44.20000,0.67194,0.59402,0.01197,0.26583,0.12819
44.25000,0.67194,0.54484,0.02001,0.36486,0.07029
44.30000,0.67194,0.70702,0.05818,0.18857,0.04623
44.35000,0.67194,0.69836,0.03828,0.25356,0.00980
44.40000,0.67194,0.62908,0.01992,0.33680,0.01420
44.45000,0.67194,0.73568,0.02284,0.23366,0.00782
44.50000,0.67194,0.83421,0.01652,0.14863,0.00065
44.55000,0.67194,0.78034,0.00467,0.21489,0.00010
44.60000,0.67194,0.91760,0.00161,0.08078,0.00000
44.65000,0.67194,0.90143,0.00120,0.09734,0.00003
44.70000,0.67194,0.96249,0.00148,0.03601,0.00002
44.75000,0.67194,0.97479,0.00621,0.01899,0.00001
44.80000,0.67194,0.97236,0.00789,0.01974,0.00001
44.85000,0.67194,0.91278,0.00197,0.08525,0.00000
44.90000,0.67194,0.97872,0.00588,0.01539,0.00001
44.95000,0.67194,0.98102,0.00178,0.01720,0.00001
45.00000,0.67194,0.98714,0.00120,0.01164,0.00002
45.05000,0.67194,0.97910,0.00242,0.01842,0.00006
45.10000,0.67194,0.98262,0.00936,0.00760,0.00042
45.15000,0.67194,0.96690,0.01787,0.00912,0.00610
45.20000,0.67194,0.97365,0.00668,0.01963,0.00003
45.25000,0.67194,0.99227,0.00185,0.00560,0.00028
45.30000,0.67194,0.98210,0.01550,0.00232,0.00008
45.35000,0.67194,0.96131,0.03824,0.00043,0.00002
45.40000,0.67194,0.97392,0.01430,0.01166,0.00013
45.45000,0.67194,0.97028,0.02953,0.00019,0.00000
45.50000,0.67194,0.98916,0.00961,0.00111,0.00011
45.55000,0.67194,0.97128,0.02824,0.00047,0.00001
45.60000,0.67194,0.97608,0.01663,0.00728,0.00002
45.65000,0.67194,0.98929,0.01032,0.00037,0.00002
45.70000,0.67194,0.99518,0.00279,0.00202,0.00001
45.75000,0.67194,0.99201,0.00641,0.00148,0.00011
45.80000,0.67194,0.99004,0.00361,0.00507,0.00128
45.85000,0.67194,0.98742,0.00653,0.00532,0.00073
45.90000,0.67194,0.96260,0.00473,0.03063,0.00204
45.95000,0.67194,0.91788,0.00398,0.05749,0.02065
46.00000,0.67194,0.99531,0.00063,0.00098,0.00308
46.05000,0.67194,0.96390,0.00229,0.02592,0.00788
46.10000,0.67194,0.91545,0.00248,0.04511,0.03695
46.15000,0.67194,0.92781,0.00754,0.01923,0.04542
46.20000,0.67194,0.95694,0.00393,0.01439,0.02474
46.25000,0.67194,0.94441,0.00073,0.04775,0.00711
46.30000,0.67194,0.91222,0.00202,0.08557,0.00019
46.35000,0.67194,0.93891,0.00183,0.05721,0.00204
46.40000,0.67194,0.97146,0.00519,0.02329,0.00006
46.45000,0.67194,0.96639,0.01154,0.02202,0.00005
46.50000,0.67194,0.91371,0.05464,0.03149,0.00016
46.55000,0.67194,0.93562,0.05780,0.00652,0.00006
46.60000,0.67194,0.94749,0.03731,0.01519,0.00002
46.65000,0.67194,0.96941,0.01495,0.01561,0.00004
46.70000,0.67194,0.97144,0.02224,0.00630,0.00001
46.75000,0.67194,0.97154,0.02816,0.00022,0.00008
46.80000,0.67194,0.97516,0.02320,0.00163,0.00002
46.85000,0.67194,0.99358,0.00387,0.00227,0.00027
46.90000,0.67194,0.96397,0.03426,0.00047,0.00130
46.95000,0.67194,0.97465,0.01893,0.00029,0.00612
47.00000,0.67194,0.97968,0.01852,0.00065,0.00115
47.05000,0.67194,0.96510,0.00709,0.00265,0.02516
47.10000,0.67194,0.90544,0.02719,0.00099,0.06638
47.15000,0.67194,0.84584,0.01884,0.00024,0.13508
47.20000,0.67194,0.93163,0.04536,0.00426,0.01876
47.25000,0.67194,0.84248,0.01432,0.01122,0.13198
47.30000,0.67194,0.75586,0.03763,0.00685,0.19966
47.35000,0.67194,0.85626,0.02074,0.01561,0.10739
47.40000,0.67194,0.92740,0.01428,0.05706,0.00125
47.45000,0.67194,0.93406,0.04190,0.00457,0.01946
47.50000,0.67194,0.92803,0.06002,0.00940,0.00255
47.55000,0.67194,0.88748,0.10841,0.00315,0.00096
47.60000,0.67194,0.82255,0.17365,0.00164,0.00217
47.65000,0.67194,0.76345,0.23461,0.00127,0.00067
47.70000,0.67194,0.91646,0.08167,0.00175,0.00012
47.75000,0.67194,0.86402,0.10727,0.02870,0.00001
47.80000,0.67194,0.94614,0.04909,0.00454,0.00024
47.85000,0.67194,0.91625,0.08281,0.00047,0.00047
47.90000,0.67194,0.95173,0.04530,0.00294,0.00003
47.95000,0.67194,0.97740,0.02044,0.00141,0.00076
48.00000,0.67194,0.97015,0.02882,0.00001,0.00103
48.05000,0.67194,0.97464,0.02517,0.00009,0.00010
48.10000,0.67194,0.96514,0.03405,0.00008,0.00073
48.15000,0.67194,0.96703,0.03261,0.00026,0.00010
48.20000,0.67194,0.99016,0.00841,0.00133,0.00009
48.25000,0.67194,0.97114,0.02847,0.00031,0.00009
48.30000,0.67194,0.96748,0.03096,0.00057,0.00099
48.35000,0.67194,0.94957,0.04582,0.00069,0.00392
48.40000,0.67194,0.97105,0.02363,0.00322,0.00210
48.45000,0.67194,0.99135,0.00365,0.00445,0.00055
48.50000,0.67194,0.97963,0.01803,0.00137,0.00097
48.55000,0.67194,0.99398,0.00212,0.00385,0.00005
48.60000,0.67194,0.98892,0.00415,0.00680,0.00013
48.65000,0.67194,0.99412,0.00267,0.00304,0.00017
48.70000,0.67194,0.99727,0.00268,0.00003,0.00001
48.75000,0.67194,0.99667,0.00326,0.00003,0.00004
48.80000,0.67194,0.99523,0.00468,0.00001,0.00008
48.85000,0.67194,0.99536,0.00418,0.00001,0.00044
48.90000,0.67194,0.99004,0.00986,0.00004,0.00005
48.95000,0.67194,0.99432,0.00400,0.00006,0.00162
49.00000,0.67194,0.99078,0.00691,0.00002,0.00228
49.05000,0.67194,0.99611,0.00153,0.00016,0.00220
49.10000,0.67194,0.99514,0.00351,0.00018,0.00117
49.15000,0.67194,0.99139,0.00349,0.00019,0.00492
49.20000,0.67194,0.98038,0.01442,0.00117,0.00403
49.25000,0.67194,0.96382,0.00240,0.00277,0.03101
49.30000,0.67194,0.97641,0.00287,0.01232,0.00840
49.35000,0.67194,0.97468,0.00380,0.01456,0.00696
49.40000,0.67194,0.96842,0.00209,0.02797,0.00152
49.45000,0.67194,0.96819,0.00145,0.02245,0.00790
49.50000,0.67194,0.99515,0.00156,0.00304,0.00025
49.55000,0.67194,0.99730,0.00084,0.00173,0.00013
49.60000,0.67194,0.99226,0.00115,0.00607,0.00053
49.65000,0.67194,0.99809,0.00057,0.00086,0.00048
49.70000,0.67194,0.99565,0.00165,0.00142,0.00128
49.75000,0.67194,0.99847,0.00051,0.00043,0.00059
49.80000,0.67194,0.99637,0.00331,0.00007,0.00026
49.85000,0.67194,0.99813,0.00062,0.00058,0.00067
49.90000,0.67194,0.99899,0.00080,0.00007,0.00014
49.95000,0.67194,0.99873,0.00096,0.00002,0.00029
50.00000,0.67194,0.99855,0.00120,0.00010,0.00015
50.05000,0.67194,0.99719,0.00091,0.00019,0.00171
50.10000,0.67194,0.99810,0.00069,0.00007,0.00114
50.15000,0.67194,0.99921,0.00034,0.00006,0.00040
50.20000,0.67194,0.99621,0.00368,0.00001,0.00010
50.25000,0.67194,0.99093,0.00894,0.00005,0.00007
50.30000,0.67194,0.99839,0.00154,0.00006,0.00001
50.35000,0.67194,0.99870,0.00127,0.00000,0.00003
50.40000,0.67194,0.99639,0.00331,0.00002,0.00028
50.45000,0.67194,0.99649,0.00343,0.00000,0.00007
50.50000,0.67194,0.98045,0.01788,0.00004,0.00164
50.55000,0.67194,0.92212,0.07766,0.00015,0.00007
50.60000,0.67194,0.95763,0.04221,0.00005,0.00011
50.65000,0.67194,0.94880,0.05084,0.00012,0.00024
50.70000,0.67194,0.92370,0.07629,0.00001,0.00000
50.75000,0.67194,0.98933,0.01063,0.00000,0.00004
50.80000,0.67194,0.96389,0.03589,0.00003,0.00019
50.85000,0.67194,0.96929,0.03034,0.00021,0.00016
50.90000,0.67194,0.98159,0.01836,0.00002,0.00004
50.95000,0.67194,0.99121,0.00805,0.00010,0.00063
51.00000,0.67194,0.96735,0.03229,0.00006,0.00030
51.05000,0.67194,0.99250,0.00577,0.00158,0.00016
51.10000,0.67194,0.98013,0.01826,0.00140,0.00021
51.15000,0.67194,0.97214,0.02597,0.00148,0.00041
51.20000,0.67194,0.98270,0.00768,0.00325,0.00637
51.25000,0.67194,0.97878,0.00327,0.01789,0.00005
51.30000,0.67194,0.97112,0.00199,0.02643,0.00046
51.35000,0.67194,0.98990,0.00422,0.00522,0.00066
51.40000,0.67194,0.99287,0.00052,0.00636,0.00026
51.45000,0.67194,0.98876,0.00058,0.01061,0.00005
51.50000,0.67194,0.99714,0.00260,0.00021,0.00005
51.55000,0.67194,0.99468,0.00399,0.00118,0.00015
51.60000,0.67194,0.99682,0.00296,0.00021,0.00000
51.65000,0.67194,0.99701,0.00281,0.00018,0.00000
51.70000,0.67194,0.99755,0.00235,0.00010,0.00000
51.75000,0.67194,0.99239,0.00761,0.00000,0.00000
51.80000,0.67194,0.99340,0.00659,0.00001,0.00000
51.85000,0.67194,0.99672,0.00326,0.00001,0.00001
51.90000,0.67194,0.99905,0.00091,0.00001,0.00003
51.95000,0.67194,0.99491,0.00504,0.00001,0.00005
52.00000,0.67194,0.99837,0.00158,0.00001,0.00004
52.05000,0.67194,0.99910,0.00084,0.00000,0.00005
52.10000,0.67194,0.99912,0.00062,0.00010,0.00016
52.15000,0.67194,0.99804,0.00185,0.00003,0.00007
52.20000,0.67194,0.99812,0.00179,0.00003,0.00006
52.25000,0.67194,0.99841,0.00156,0.00000,0.00003
52.30000,0.67194,0.99957,0.00041,0.00000,0.00002
52.35000,0.67194,0.99679,0.00321,0.00000,0.00001
52.40000,0.67194,0.99652,0.00346,0.00001,0.00001
52.45000,0.67194,0.99860,0.00139,0.00000,0.00001
52.50000,0.67194,0.99966,0.00032,0.00000,0.00002
52.55000,0.67194,0.99989,0.00010,0.00000,0.00001
52.60000,0.67194,0.99966,0.00033,0.00001,0.00000
52.65000,0.67194,0.99965,0.00034,0.00001,0.00000
52.70000,0.67194,0.99963,0.00031,0.00005,0.00000
52.75000,0.67194,0.99982,0.00015,0.00002,0.00001
52.80000,0.67194,0.99914,0.00017,0.00067,0.00001
52.85000,0.67194,0.99984,0.00006,0.00009,0.00001
52.90000,0.67194,0.99984,0.00003,0.00010,0.00002
52.95000,0.67194,0.99983,0.00002,0.00013,0.00002
53.00000,0.67194,0.99994,0.00000,0.00004,0.00002
53.05000,0.67194,0.99992,0.00002,0.00005,0.00001
53.10000,0.67194,0.99995,0.00001,0.00004,0.00001
53.15000,0.67194,0.99976,0.00000,0.00018,0.00007
53.20000,0.67194,0.99995,0.00001,0.00003,0.00001
53.25000,0.67194,0.99998,0.00001,0.00000,0.00001
53.30000,0.67194,0.99997,0.00000,0.00001,0.00002
53.35000,0.67194,0.99991,0.00000,0.00008,0.00000
53.40000,0.67194,0.99993,0.00002,0.00004,0.00001
53.45000,0.67194,0.99961,0.00010,0.00028,0.00000
53.50000,0.67194,0.99971,0.00010,0.00018,0.00001
53.55000,0.67194,0.99792,0.00024,0.00176,0.00008
53.60000,0.67194,0.99661,0.00005,0.00317,0.00017
53.65000,0.67194,0.99862,0.00025,0.00052,0.00061
53.70000,0.67194,0.99951,0.00012,0.00032,0.00005
53.75000,0.67194,0.99939,0.00008,0.00053,0.00000
53.80000,0.67194,0.99898,0.00008,0.00079,0.00015
53.85000,0.67194,0.99135,0.00033,0.00831,0.00001
53.90000,0.67194,0.99320,0.00482,0.00195,0.00003
53.95000,0.67194,0.99253,0.00555,0.00192,0.00000
54.00000,0.67194,0.98533,0.01379,0.00087,0.00001
54.05000,0.67194,0.99531,0.00184,0.00284,0.00001
54.10000,0.67194,0.99077,0.00851,0.00071,0.00001
54.15000,0.67194,0.99509,0.00487,0.00004,0.00000
54.20000,0.67194,0.99785,0.00126,0.00090,0.00000
54.25000,0.67194,0.99591,0.00145,0.00264,0.00000
54.30000,0.67194,0.98968,0.00076,0.00955,0.00000
54.35000,0.67194,0.99536,0.00342,0.00122,0.00000
54.40000,0.67194,0.99840,0.00064,0.00095,0.00000
54.45000,0.67194,0.99805,0.00172,0.00023,0.00000
54.50000,0.67194,0.99783,0.00183,0.00034,0.00000
54.55000,0.67194,0.99895,0.00100,0.00005,0.00000
54.60000,0.67194,0.99936,0.00043,0.00021,0.00000
54.65000,0.67194,0.99806,0.00070,0.00124,0.00000
54.70000,0.67194,0.98734,0.00067,0.01199,0.00000
54.75000,0.67194,0.99659,0.00311,0.00031,0.00000
54.80000,0.67194,0.99698,0.00145,0.00157,0.00000
54.85000,0.67194,0.99740,0.00210,0.00051,0.00000
54.90000,0.67194,0.99820,0.00150,0.00030,0.00000
54.95000,0.67194,0.99751,0.00160,0.00087,0.00002
55.00000,0.67194,0.99864,0.00094,0.00039,0.00002
55.05000,0.67194,0.99907,0.00048,0.00035,0.00010
55.10000,0.67194,0.99393,0.00074,0.00520,0.00013
55.15000,0.67194,0.99763,0.00034,0.00190,0.00013
55.20000,0.67194,0.99461,0.00010,0.00466,0.00064
55.25000,0.67194,0.99929,0.00007,0.00053,0.00011
55.30000,0.67194,0.99796,0.00005,0.00138,0.00061
55.35000,0.67194,0.99057,0.00020,0.00897,0.00026
55.40000,0.67194,0.99517,0.00006,0.00470,0.00007
55.45000,0.67194,0.99145,0.00008,0.00836,0.00011
55.50000,0.67194,0.99367,0.00007,0.00622,0.00004
55.55000,0.67194,0.99800,0.00010,0.00188,0.00002
55.60000,0.67194,0.99859,0.00022,0.00119,0.00000
55.65000,0.67194,0.99979,0.00006,0.00015,0.00001
55.70000,0.67194,0.99941,0.00006,0.00053,0.00000
55.75000,0.67194,0.99972,0.00015,0.00012,0.00000
55.80000,0.67194,0.99974,0.00025,0.00001,0.00000
55.85000,0.67194,0.99977,0.00020,0.00004,0.00000
55.90000,0.67194,0.99992,0.00007,0.00001,0.00000
55.95000,0.67194,0.99994,0.00006,0.00000,0.00000
56.00000,0.67194,0.99996,0.00003,0.00000,0.00000
56.05000,0.67194,0.99993,0.00007,0.00000,0.00000
56.10000,0.67194,0.99988,0.00011,0.00000,0.00000
56.15000,0.67194,0.99986,0.00013,0.00001,0.00000
56.20000,0.67194,0.99993,0.00007,0.00000,0.00000
56.25000,0.67194,0.99979,0.00018,0.00001,0.00001
56.30000,0.67194,0.99960,0.00033,0.00002,0.00006
56.35000,0.67194,0.99767,0.00191,0.00002,0.00041
56.40000,0.67194,0.99762,0.00134,0.00029,0.00075
56.45000,0.67194,0.99478,0.00364,0.00153,0.00006
56.50000,0.67194,0.99849,0.00082,0.00064,0.00005
56.55000,0.67194,0.97506,0.00422,0.02064,0.00008
56.60000,0.67194,0.98707,0.00393,0.00668,0.00233
56.65000,0.67194,0.95122,0.00351,0.04486,0.00041
56.70000,0.67194,0.90144,0.00137,0.09693,0.00026
56.75000,0.67194,0.92179,0.01622,0.06148,0.00051
56.80000,0.67194,0.82626,0.00517,0.16849,0.00007
56.85000,0.67194,0.93096,0.00659,0.06243,0.00002
56.90000,0.67194,0.79939,0.00653,0.19407,0.00001
56.95000,0.67194,0.84705,0.00187,0.15108,0.00000
57.00000,0.67194,0.95693,0.00757,0.03549,0.00001
57.05000,0.67194,0.96908,0.00441,0.02650,0.00001
57.10000,0.67194,0.95111,0.01308,0.03564,0.00017
57.15000,0.67194,0.97492,0.01771,0.00736,0.00002
57.20000,0.67194,0.99133,0.00718,0.00142,0.00007
57.25000,0.67194,0.99266,0.00581,0.00151,0.00002
57.30000,0.67194,0.98396,0.00382,0.01219,0.00003
57.35000,0.67194,0.98180,0.00798,0.01021,0.00001
57.40000,0.67194,0.99577,0.00240,0.00181,0.00002
57.45000,0.67194,0.99542,0.00109,0.00349,0.00000
57.50000,0.67194,0.99655,0.00086,0.00241,0.00019
57.55000,0.67194,0.98924,0.00250,0.00818,0.00009
57.60000,0.67194,0.98700,0.00966,0.00331,0.00004
57.65000,0.67194,0.84349,0.00242,0.15403,0.00006
57.70000,0.67194,0.96870,0.00710,0.02388,0.00032
57.75000,0.67194,0.98296,0.00508,0.01184,0.00012
57.80000,0.67194,0.97938,0.00579,0.01464,0.00019
57.85000,0.67194,0.97131,0.00476,0.02394,0.00000
57.90000,0.67194,0.98428,0.00285,0.01267,0.00020
57.95000,0.67194,0.99546,0.00216,0.00234,0.00004
58.00000,0.67194,0.99672,0.00279,0.00039,0.00010
58.05000,0.67194,0.99649,0.00051,0.00300,0.00000
58.10000,0.67194,0.99729,0.00108,0.00163,0.00000
58.15000,0.67194,0.99748,0.00168,0.00084,0.00000
58.20000,0.67194,0.99718,0.00235,0.00041,0.00006
58.25000,0.67194,0.99869,0.00025,0.00106,0.00000
58.30000,0.67194,0.99677,0.00020,0.00303,0.00000
58.35000,0.67194,0.99903,0.00059,0.00037,0.00001
58.40000,0.67194,0.99727,0.00163,0.00108,0.00002
58.45000,0.67194,0.99944,0.00047,0.00009,0.00000
58.50000,0.67194,0.99917,0.00043,0.00040,0.00000
58.55000,0.67194,0.99603,0.00050,0.00346,0.00000
58.60000,0.67194,0.99812,0.00050,0.00137,0.00002
58.65000,0.67194,0.99893,0.00065,0.00036,0.00005
58.70000,0.67194,0.99898,0.00029,0.00062,0.00012
58.75000,0.67194,0.99876,0.00058,0.00030,0.00036
58.80000,0.67194,0.99395,0.00228,0.00172,0.00205
58.85000,0.67194,0.99335,0.00306,0.00117,0.00242
58.90000,0.67194,0.97289,0.00163,0.00522,0.02025
58.95000,0.67194,0.96486,0.01018,0.00279,0.02216
59.00000,0.67194,0.97946,0.00199,0.00462,0.01393
59.05000,0.67194,0.76616,0.00386,0.01018,0.21980
59.10000,0.67194,0.55317,0.02419,0.00593,0.41671
59.15000,0.67194,0.66290,0.00199,0.04083,0.29428
59.20000,0.67194,0.45505,0.00212,0.07434,0.46849
59.25000,0.67194,0.73460,0.00561,0.04687,0.21292
59.30000,0.67194,0.64754,0.00339,0.04152,0.30755
59.35000,0.67194,0.72120,0.01797,0.06029,0.20053
59.40000,0.67194,0.81444,0.00242,0.05850,0.12464
59.45000,0.67194,0.55257,0.00041,0.02091,0.42611
59.50000,0.67194,0.40918,0.00107,0.01760,0.57215
59.55000,0.67194,0.78382,0.01473,0.06484,0.13662
59.60000,0.67194,0.87180,0.00819,0.05047,0.06954
59.65000,0.67194,0.78883,0.00807,0.04820,0.15490
59.70000,0.67194,0.86617,0.01219,0.02202,0.09961
59.75000,0.67194,0.83317,0.01146,0.07865,0.07672
59.80000,0.67194,0.94786,0.02851,0.01176,0.01188
59.85000,0.67194,0.84842,0.01143,0.13200,0.00815
59.90000,0.67194,0.84196,0.12159,0.03118,0.00527
59.95000,0.67194,0.84406,0.13287,0.01087,0.01219
60.00000,0.67194,0.91021,0.07653,0.01317,0.00008
60.05000,0.67194,0.97087,0.01298,0.01612,0.00004
60.10000,0.67194,0.94256,0.03854,0.01886,0.00004
60.15000,0.67194,0.90995,0.08212,0.00789,0.00005
