Time (seconds), Duration (seconds),pred_unlabelled,pred_circle,pred_shaking
0.01000,1.98000,1.00000,0.00000,0.00000
0.21000,1.98000,1.00000,0.00000,0.00000
0.41000,1.98000,1.00000,0.00000,0.00000
0.61000,1.98000,1.00000,0.00000,0.00000
0.81000,1.98000,1.00000,0.00000,0.00000
1.01000,1.98000,1.00000,0.00000,0.00000
1.21000,1.98000,1.00000,0.00000,0.00000
1.41000,1.98000,1.00000,0.00000,0.00000
1.61000,1.98000,1.00000,0.00000,0.00000
1.81000,1.98000,1.00000,0.00000,0.00000
2.01000,1.98000,1.00000,0.00000,0.00000
2.21000,1.98000,1.00000,0.00000,0.00000
2.41000,1.98000,1.00000,0.00000,0.00000
2.61000,1.98000,1.00000,0.00000,0.00000
2.81000,1.98000,1.00000,0.00000,0.00000
3.01000,1.98000,1.00000,0.00000,0.00000
3.21000,1.98000,1.00000,0.00000,0.00000
3.41000,1.98000,1.00000,0.00000,0.00000
3.61000,1.98000,1.00000,0.00000,0.00000
3.81000,1.98000,1.00000,0.00000,0.00000
4.01000,1.98000,1.00000,0.00000,0.00000
4.21000,1.98000,1.00000,0.00000,0.00000
4.41000,1.98000,1.00000,0.00000,0.00000
4.61000,1.98000,1.00000,0.00000,0.00000
4.81000,1.98000,1.00000,0.00000,0.00000
5.01000,1.98000,1.00000,0.00000,0.00000
5.21000,1.98000,1.00000,0.00000,0.00000
5.41000,1.98000,1.00000,0.00000,0.00000
5.61000,1.98000,1.00000,0.00000,0.00000
5.81000,1.98000,1.00000,0.00000,0.00000
6.01000,1.98000,1.00000,0.00000,0.00000
6.21000,1.98000,1.00000,0.00000,0.00000
6.41000,1.98000,1.00000,0.00000,0.00000
6.61000,1.98000,1.00000,0.00000,0.00000
6.81000,1.98000,1.00000,0.00000,0.00000
7.01000,1.98000,1.00000,0.00000,0.00000
7.21000,1.98000,1.00000,0.00000,0.00000
7.41000,1.98000,1.00000,0.00000,0.00000
7.61000,1.98000,1.00000,0.00000,0.00000
7.81000,1.98000,1.00000,0.00000,0.00000
8.01000,1.98000,0.99999,0.00001,0.00000
8.21000,1.98000,0.99999,0.00001,0.00000
8.41000,1.98000,0.99997,0.00001,0.00002
8.61000,1.98000,0.99977,0.00001,0.00023
8.81000,1.98000,0.99815,0.00000,0.00185
9.01000,1.98000,0.98258,0.00001,0.01741
9.21000,1.98000,0.87192,0.00001,0.12807
9.41000,1.98000,0.77813,0.00000,0.22187
9.61000,1.98000,0.66761,0.00000,0.33239
9.81000,1.98000,0.66430,0.00000,0.33570
10.01000,1.98000,0.70910,0.00000,0.29090
10.21000,1.98000,0.69313,0.00000,0.30687
10.41000,1.98000,0.71414,0.00000,0.28586
10.61000,1.98000,0.69295,0.00000,0.30705
10.81000,1.98000,0.71444,0.00000,0.28556
11.01000,1.98000,0.67233,0.00001,0.32767
11.21000,1.98000,0.69631,0.00000,0.30369
11.41000,1.98000,0.64035,0.00001,0.35964
11.61000,1.98000,0.67659,0.00000,0.32341
11.81000,1.98000,0.64192,0.00001,0.35807
12.01000,1.98000,0.66271,0.00000,0.33728
12.21000,1.98000,0.63586,0.00001,0.36413
12.41000,1.98000,0.66258,0.00000,0.33742
12.61000,1.98000,0.63866,0.00001,0.36133
12.81000,1.98000,0.65337,0.00000,0.34663
13.01000,1.98000,0.64693,0.00001,0.35306
13.21000,1.98000,0.67140,0.00000,0.32860
13.41000,1.98000,0.63547,0.00001,0.36451
13.61000,1.98000,0.64017,0.00000,0.35983
13.81000,1.98000,0.62827,0.00001,0.37172
14.01000,1.98000,0.57738,0.00001,0.42261
14.21000,1.98000,0.66260,0.00002,0.33738
14.41000,1.98000,0.86754,0.00003,0.13242
14.61000,1.98000,0.98054,0.00003,0.01944
14.81000,1.98000,0.99698,0.00003,0.00299
15.01000,1.98000,0.99964,0.00002,0.00034
15.21000,1.98000,0.99992,0.00002,0.00006
15.41000,1.98000,0.99998,0.00001,0.00001
15.61000,1.98000,0.99999,0.00001,0.00000
15.81000,1.98000,0.99999,0.00001,0.00000
16.01000,1.98000,1.00000,0.00000,0.00000
16.21000,1.98000,1.00000,0.00000,0.00000
16.41000,1.98000,1.00000,0.00000,0.00000
16.61000,1.98000,1.00000,0.00000,0.00000
16.81000,1.98000,1.00000,0.00000,0.00000
17.01000,1.98000,1.00000,0.00000,0.00000
17.21000,1.98000,1.00000,0.00000,0.00000
17.41000,1.98000,1.00000,0.00000,0.00000
17.61000,1.98000,1.00000,0.00000,0.00000
17.81000,1.98000,1.00000,0.00000,0.00000
18.01000,1.98000,1.00000,0.00000,0.00000
18.21000,1.98000,1.00000,0.00000,0.00000
18.41000,1.98000,1.00000,0.00000,0.00000
18.61000,1.98000,1.00000,0.00000,0.00000
18.81000,1.98000,1.00000,0.00000,0.00000
19.01000,1.98000,1.00000,0.00000,0.00000
19.21000,1.98000,1.00000,0.00000,0.00000
19.41000,1.98000,1.00000,0.00000,0.00000
19.61000,1.98000,1.00000,0.00000,0.00000
19.81000,1.98000,1.00000,0.00000,0.00000
20.01000,1.98000,1.00000,0.00000,0.00000
20.21000,1.98000,1.00000,0.00000,0.00000
20.41000,1.98000,1.00000,0.00000,0.00000
20.61000,1.98000,1.00000,0.00000,0.00000
20.81000,1.98000,1.00000,0.00000,0.00000
21.01000,1.98000,1.00000,0.00000,0.00000
21.21000,1.98000,1.00000,0.00000,0.00000
21.41000,1.98000,1.00000,0.00000,0.00000
21.61000,1.98000,1.00000,0.00000,0.00000
21.81000,1.98000,1.00000,0.00000,0.00000
22.01000,1.98000,1.00000,0.00000,0.00000
22.21000,1.98000,1.00000,0.00000,0.00000
22.41000,1.98000,1.00000,0.00000,0.00000
22.61000,1.98000,1.00000,0.00000,0.00000
22.81000,1.98000,1.00000,0.00000,0.00000
23.01000,1.98000,1.00000,0.00000,0.00000
23.21000,1.98000,1.00000,0.00000,0.00000
23.41000,1.98000,1.00000,0.00000,0.00000
23.61000,1.98000,1.00000,0.00000,0.00000
23.81000,1.98000,1.00000,0.00000,0.00000
24.01000,1.98000,1.00000,0.00000,0.00000
24.21000,1.98000,1.00000,0.00000,0.00000
24.41000,1.98000,1.00000,0.00000,0.00000
24.61000,1.98000,1.00000,0.00000,0.00000
24.81000,1.98000,1.00000,0.00000,0.00000
25.01000,1.98000,1.00000,0.00000,0.00000
25.21000,1.98000,1.00000,0.00000,0.00000
25.41000,1.98000,1.00000,0.00000,0.00000
25.61000,1.98000,1.00000,0.00000,0.00000
25.81000,1.98000,1.00000,0.00000,0.00000
26.01000,1.98000,1.00000,0.00000,0.00000
26.21000,1.98000,1.00000,0.00000,0.00000
26.41000,1.98000,1.00000,0.00000,0.00000
26.61000,1.98000,1.00000,0.00000,0.00000
26.81000,1.98000,1.00000,0.00000,0.00000
27.01000,1.98000,1.00000,0.00000,0.00000
27.21000,1.98000,1.00000,0.00000,0.00000
27.41000,1.98000,1.00000,0.00000,0.00000
27.61000,1.98000,1.00000,0.00000,0.00000
27.81000,1.98000,1.00000,0.00000,0.00000
28.01000,1.98000,1.00000,0.00000,0.00000
28.21000,1.98000,1.00000,0.00000,0.00000
28.41000,1.98000,1.00000,0.00000,0.00000
28.61000,1.98000,1.00000,0.00000,0.00000
28.81000,1.98000,1.00000,0.00000,0.00000
29.01000,1.98000,1.00000,0.00000,0.00000
29.21000,1.98000,1.00000,0.00000,0.00000
29.41000,1.98000,1.00000,0.00000,0.00000
29.61000,1.98000,1.00000,0.00000,0.00000
29.81000,1.98000,1.00000,0.00000,0.00000
30.01000,1.98000,1.00000,0.00000,0.00000
30.21000,1.98000,1.00000,0.00000,0.00000
30.41000,1.98000,1.00000,0.00000,0.00000
30.61000,1.98000,1.00000,0.00000,0.00000
30.81000,1.98000,1.00000,0.00000,0.00000
31.01000,1.98000,1.00000,0.00000,0.00000
31.21000,1.98000,1.00000,0.00000,0.00000
31.41000,1.98000,1.00000,0.00000,0.00000
31.61000,1.98000,1.00000,0.00000,0.00000
31.81000,1.98000,1.00000,0.00000,0.00000
32.01000,1.98000,1.00000,0.00000,0.00000
32.21000,1.98000,1.00000,0.00000,0.00000
32.41000,1.98000,1.00000,0.00000,0.00000
32.61000,1.98000,1.00000,0.00000,0.00000
32.81000,1.98000,1.00000,0.00000,0.00000
33.01000,1.98000,1.00000,0.00000,0.00000
33.21000,1.98000,1.00000,0.00000,0.00000
33.41000,1.98000,1.00000,0.00000,0.00000
33.61000,1.98000,1.00000,0.00000,0.00000
33.81000,1.98000,1.00000,0.00000,0.00000
34.01000,1.98000,1.00000,0.00000,0.00000
34.21000,1.98000,1.00000,0.00000,0.00000
34.41000,1.98000,1.00000,0.00000,0.00000
34.61000,1.98000,1.00000,0.00000,0.00000
34.81000,1.98000,1.00000,0.00000,0.00000
35.01000,1.98000,1.00000,0.00000,0.00000
35.21000,1.98000,1.00000,0.00000,0.00000
35.41000,1.98000,1.00000,0.00000,0.00000
35.61000,1.98000,1.00000,0.00000,0.00000
35.81000,1.98000,1.00000,0.00000,0.00000
36.01000,1.98000,1.00000,0.00000,0.00000
36.21000,1.98000,1.00000,0.00000,0.00000
36.41000,1.98000,1.00000,0.00000,0.00000
36.61000,1.98000,1.00000,0.00000,0.00000
36.81000,1.98000,1.00000,0.00000,0.00000
37.01000,1.98000,1.00000,0.00000,0.00000
37.21000,1.98000,1.00000,0.00000,0.00000
37.41000,1.98000,1.00000,0.00000,0.00000
37.61000,1.98000,1.00000,0.00000,0.00000
37.81000,1.98000,1.00000,0.00000,0.00000
38.01000,1.98000,1.00000,0.00000,0.00000
38.21000,1.98000,1.00000,0.00000,0.00000
38.41000,1.98000,1.00000,0.00000,0.00000
38.61000,1.98000,0.99999,0.00001,0.00000
38.81000,1.98000,0.99990,0.00010,0.00000
39.01000,1.98000,0.99931,0.00069,0.00000
39.21000,1.98000,0.99723,0.00275,0.00002
39.41000,1.98000,0.98332,0.01655,0.00013
39.61000,1.98000,0.88799,0.11117,0.00084
39.81000,1.98000,0.51485,0.48139,0.00376
40.01000,1.98000,0.10573,0.88860,0.00568
40.21000,1.98000,0.04232,0.95413,0.00355
40.41000,1.98000,0.03749,0.95990,0.00261
40.61000,1.98000,0.07287,0.91833,0.00880
40.81000,1.98000,0.07759,0.91370,0.00871
41.01000,1.98000,0.05745,0.93868,0.00387
41.21000,1.98000,0.04253,0.95492,0.00256
41.41000,1.98000,0.03701,0.96051,0.00248
41.61000,1.98000,0.02747,0.97091,0.00161
41.81000,1.98000,0.05021,0.94612,0.00367
42.01000,1.98000,0.09352,0.89557,0.01091
42.21000,1.98000,0.08039,0.91204,0.00757
42.41000,1.98000,0.05990,0.93572,0.00438
42.61000,1.98000,0.09535,0.89386,0.01079
42.81000,1.98000,0.08772,0.90143,0.01085
43.01000,1.98000,0.08104,0.90674,0.01222
43.21000,1.98000,0.09333,0.88936,0.01731
43.41000,1.98000,0.23796,0.69045,0.07159
43.61000,1.98000,0.23878,0.68430,0.07693
43.81000,1.98000,0.15432,0.81279,0.03289
44.01000,1.98000,0.16202,0.79614,0.04184
44.21000,1.98000,0.10030,0.87615,0.02355
44.41000,1.98000,0.06615,0.92150,0.01235
44.61000,1.98000,0.06513,0.92106,0.01382
44.81000,1.98000,0.17624,0.75631,0.06746
45.01000,1.98000,0.17351,0.76153,0.06496
45.21000,1.98000,0.15655,0.80318,0.04027
45.41000,1.98000,0.12024,0.85390,0.02587
45.61000,1.98000,0.09760,0.88588,0.01653
45.81000,1.98000,0.09114,0.89561,0.01325
46.01000,1.98000,0.25893,0.72614,0.01492
46.21000,1.98000,0.60134,0.38874,0.00992
46.41000,1.98000,0.87917,0.11888,0.00195
46.61000,1.98000,0.85978,0.13920,0.00102
46.81000,1.98000,0.86775,0.13150,0.00075
47.01000,1.98000,0.93741,0.06239,0.00019
47.21000,1.98000,0.98660,0.01337,0.00003
47.41000,1.98000,0.99834,0.00165,0.00000
47.61000,1.98000,0.99980,0.00020,0.00000
47.81000,1.98000,0.99997,0.00003,0.00000
48.01000,1.98000,0.99999,0.00001,0.00000
48.21000,1.98000,0.99999,0.00001,0.00000
48.41000,1.98000,1.00000,0.00000,0.00000
48.61000,1.98000,1.00000,0.00000,0.00000
48.81000,1.98000,1.00000,0.00000,0.00000
49.01000,1.98000,1.00000,0.00000,0.00000
49.21000,1.98000,1.00000,0.00000,0.00000
49.41000,1.98000,1.00000,0.00000,0.00000
49.61000,1.98000,1.00000,0.00000,0.00000
49.81000,1.98000,1.00000,0.00000,0.00000
50.01000,1.98000,1.00000,0.00000,0.00000
50.21000,1.98000,1.00000,0.00000,0.00000
50.41000,1.98000,1.00000,0.00000,0.00000
50.61000,1.98000,1.00000,0.00000,0.00000
50.81000,1.98000,1.00000,0.00000,0.00000
51.01000,1.98000,1.00000,0.00000,0.00000
51.21000,1.98000,1.00000,0.00000,0.00000
51.41000,1.98000,1.00000,0.00000,0.00000
51.61000,1.98000,1.00000,0.00000,0.00000
51.81000,1.98000,1.00000,0.00000,0.00000
52.01000,1.98000,1.00000,0.00000,0.00000
52.21000,1.98000,1.00000,0.00000,0.00000
52.41000,1.98000,1.00000,0.00000,0.00000
52.61000,1.98000,1.00000,0.00000,0.00000
52.81000,1.98000,1.00000,0.00000,0.00000
53.01000,1.98000,1.00000,0.00000,0.00000
53.21000,1.98000,1.00000,0.00000,0.00000
53.41000,1.98000,1.00000,0.00000,0.00000
