Time (seconds), Duration (seconds),pred_unlabelled,pred_touch
0.00000,0.23200,0.99787,0.00213
0.04300,0.24400,0.99997,0.00003
0.08200,0.26600,0.99995,0.00005
0.13400,0.27400,0.99996,0.00004
0.19100,0.27400,0.59910,0.40090
0.24300,0.28200,0.99998,0.00002
0.30000,0.28600,1.00000,0.00000
0.35900,0.28500,1.00000,0.00000
0.42100,0.28600,0.99397,0.00603
0.48000,0.28700,0.99918,0.00082
0.53700,0.29400,0.99926,0.00074
0.59700,0.29600,0.99928,0.00072
0.65600,0.29400,0.99937,0.00063
0.71700,0.29200,0.99937,0.00063
0.78300,0.28600,0.99923,0.00077
0.84300,0.28400,0.99765,0.00235
0.90500,0.28000,0.99967,0.00033
0.96000,0.28600,0.99995,0.00005
1.01900,0.28600,0.99998,0.00002
1.08000,0.28700,0.93161,0.06839
1.14000,0.28600,0.22731,0.77269
1.19800,0.28800,0.06637,0.93363
1.25600,0.28900,0.03841,0.96159
1.31700,0.28700,0.04223,0.95777
1.37600,0.28700,0.03033,0.96967
1.43800,0.28400,0.04916,0.95084
1.49700,0.28600,0.03802,0.96198
1.55900,0.27800,0.02402,0.97598
1.61400,0.28500,0.02415,0.97585
1.67600,0.27000,0.03311,0.96689
1.73400,0.26800,0.05441,0.94559
1.79700,0.25100,0.04541,0.95459
1.84900,0.23500,0.04120,0.95880
1.91100,0.20800,0.02215,0.97785
1.95600,0.20300,0.04283,0.95717
2.01400,0.19200,0.03901,0.96099
2.05500,0.19900,0.04645,0.95355
2.09100,0.21700,0.03045,0.96955
2.12700,0.24400,0.04351,0.95649
2.16800,0.25800,0.03387,0.96613
2.21600,0.25600,0.03432,0.96568
2.26200,0.27500,0.03093,0.96907
2.32100,0.27600,0.07220,0.92780
2.38100,0.27900,0.02937,0.97063
2.43500,0.28500,0.05816,0.94184
2.48500,0.30000,0.03965,0.96035
2.54800,0.29200,0.04656,0.95344
2.61000,0.29000,0.03226,0.96774
2.67200,0.28800,0.03791,0.96209
2.73300,0.28300,0.03170,0.96830
2.79400,0.28200,0.03408,0.96592
2.85200,0.28600,0.03010,0.96990
2.91100,0.27300,0.02623,0.97377
2.96900,0.27500,0.03728,0.96272
3.02900,0.27400,0.02748,0.97252
3.08900,0.27200,0.02527,0.97473
3.14900,0.27500,0.02959,0.97041
3.19800,0.28500,0.02984,0.97016
3.25700,0.28900,0.05308,0.94692
3.31400,0.28300,0.02441,0.97559
3.37400,0.28300,0.05199,0.94801
3.43600,0.27700,0.03590,0.96410
3.49600,0.27900,0.04561,0.95439
3.55700,0.27300,0.02706,0.97294
3.60800,0.27900,0.03571,0.96429
3.66500,0.28100,0.03348,0.96652
3.72600,0.28000,0.07271,0.92729
3.78600,0.28300,0.03536,0.96464
3.84200,0.28700,0.04878,0.95122
3.89700,0.28800,0.02503,0.97497
3.96000,0.26800,0.05380,0.94620
4.01800,0.25000,0.03769,0.96231
4.08200,0.22400,0.05532,0.94468
4.14000,0.20500,0.01225,0.98775
4.19400,0.19000,0.00306,0.99694
4.23600,0.19800,0.89201,0.10799
4.27600,0.21300,1.00000,0.00000
4.31400,0.23100,0.99999,0.00001
4.35300,0.24900,0.99997,0.00003
4.39200,0.26400,0.99998,0.00002
4.44200,0.27000,0.99991,0.00009
4.50000,0.27200,0.99998,0.00002
4.55800,0.27900,0.83591,0.16409
4.61300,0.28000,0.12556,0.87444
4.66900,0.28300,0.04037,0.95963
4.72300,0.29100,0.03977,0.96023
4.78300,0.29000,0.03657,0.96343
4.84700,0.28700,0.04295,0.95705
4.90500,0.28800,0.03782,0.96218
4.96400,0.28500,0.03316,0.96684
5.02500,0.28300,0.04184,0.95816
5.08500,0.28400,0.03070,0.96930
5.14600,0.28000,0.03856,0.96144
5.20300,0.28400,0.02219,0.97781
5.26300,0.28400,0.04285,0.95715
5.31900,0.29100,0.04714,0.95286
5.38100,0.28700,0.02602,0.97398
5.43700,0.29500,0.02870,0.97130
5.49900,0.29700,0.02417,0.97583
5.55900,0.29700,0.02652,0.97348
5.62100,0.29500,0.03299,0.96701
5.68300,0.29200,0.02728,0.97272
5.74200,0.29600,0.02539,0.97461
5.80800,0.28500,0.03049,0.96951
5.86600,0.29700,0.02248,0.97752
5.92800,0.29000,0.99997,0.00003
5.98700,0.29400,1.00000,0.00000
6.05000,0.29100,1.00000,0.00000
6.10900,0.27600,0.99993,0.00007
6.17400,0.25200,0.99958,0.00042
6.23100,0.23200,0.99988,0.00012
6.29100,0.21500,0.34980,0.65020
6.35200,0.19500,0.06097,0.93903
6.39400,0.19700,0.07427,0.92573
6.43400,0.21000,0.03865,0.96135
6.47100,0.23500,0.05578,0.94422
6.51300,0.25100,0.01155,0.98845
6.55600,0.27300,0.03052,0.96948
6.60100,0.28700,0.05197,0.94803
6.65400,0.29200,0.02693,0.97307
6.71600,0.29200,0.02896,0.97104
6.77700,0.29200,0.01698,0.98302
6.84100,0.28200,0.04057,0.95943
6.90000,0.28700,0.04403,0.95597
6.95600,0.29600,0.05403,0.94597
7.02100,0.29200,0.04132,0.95868
7.08000,0.29500,0.03101,0.96899
7.13700,0.29500,0.02450,0.97550
7.20100,0.29400,0.00351,0.99649
7.26700,0.29200,0.98497,0.01503
7.32400,0.29700,1.00000,0.00000
7.38400,0.30600,0.99999,0.00001
7.44400,0.30800,0.99993,0.00007
7.50800,0.30500,0.99968,0.00032
7.57300,0.30700,0.99980,0.00020
7.63400,0.30800,0.99989,0.00011
7.70600,0.29800,0.10919,0.89081
7.76400,0.29800,0.87991,0.12009
7.82600,0.28700,1.00000,0.00000
7.89400,0.28200,0.99996,0.00004
7.95500,0.28000,0.99999,0.00001
8.01500,0.27900,0.99698,0.00302
8.07400,0.28000,0.99972,0.00028
8.12600,0.28500,0.99889,0.00111
8.18800,0.28500,0.99917,0.00083
8.24900,0.28600,0.90401,0.09599
8.30500,0.27200,0.19449,0.80551
8.36500,0.25200,0.09050,0.90950
8.42400,0.22800,0.05802,0.94198
8.48500,0.20500,0.06212,0.93788
8.54400,0.19800,0.04046,0.95954
8.58600,0.21600,0.04596,0.95404
8.62300,0.23900,0.04436,0.95564
8.66000,0.26100,0.99490,0.00510
8.69800,0.28300,0.99997,0.00003
8.75400,0.28400,0.99998,0.00002
8.81400,0.26900,0.99901,0.00099
8.87300,0.25100,0.99988,0.00012
8.93100,0.23300,0.99997,0.00003
8.99300,0.22100,0.88830,0.11170
9.04700,0.22800,0.02541,0.97459
9.09100,0.23800,0.93489,0.06511
9.13200,0.24300,1.00000,0.00000
9.17200,0.24600,0.99993,0.00007
9.22500,0.24300,0.99983,0.00017
9.28800,0.22900,0.99963,0.00037
9.33800,0.23500,0.99967,0.00033
9.38400,0.25200,0.99959,0.00041
9.42700,0.26600,0.68853,0.31147
9.47800,0.28000,0.26438,0.73562
9.52800,0.29000,0.11904,0.88096
9.58600,0.29200,0.07584,0.92416
9.64800,0.28500,0.07216,0.92784
9.70500,0.28900,0.04423,0.95577
9.76800,0.28700,0.00369,0.99631
9.82900,0.29000,0.98856,0.01144
9.89100,0.28400,0.99996,0.00004
9.94400,0.28700,0.99989,0.00011
10.00600,0.28800,0.99986,0.00014
10.06800,0.28900,0.99897,0.00103
10.12900,0.29200,0.99861,0.00139
10.18700,0.29000,0.46826,0.53174
10.24300,0.29200,0.99998,0.00002
10.30800,0.28900,0.99976,0.00024
10.37200,0.28500,0.99991,0.00009
10.43200,0.28000,0.99962,0.00038
10.49000,0.27000,0.99996,0.00004
10.54700,0.25600,0.99975,0.00025
10.60900,0.23600,0.45114,0.54886
10.66600,0.21700,0.12026,0.87974
10.72100,0.20300,0.05391,0.94609
10.76900,0.21200,0.06979,0.93021
10.81300,0.23100,0.04172,0.95828
10.85400,0.25000,0.03134,0.96866
10.89000,0.27300,0.09438,0.90562
10.93400,0.29100,0.03923,0.96077
