Time (seconds), Duration (seconds),pred_unlabelled,pred_circle,pred_shaking
0.01000,1.98000,0.64703,0.00127,0.35170
0.21000,1.98000,0.65052,0.00225,0.34723
0.41000,1.98000,0.61394,0.00270,0.38337
0.61000,1.98000,0.58637,0.00722,0.40641
0.81000,1.98000,0.51060,0.00534,0.48406
1.01000,1.98000,0.47132,0.00666,0.52202
1.21000,1.98000,0.52549,0.00154,0.47297
1.41000,1.98000,0.52685,0.00056,0.47260
1.61000,1.98000,0.56702,0.00009,0.43288
1.81000,1.98000,0.55711,0.00008,0.44281
2.01000,1.98000,0.58585,0.00002,0.41413
2.21000,1.98000,0.56710,0.00001,0.43289
2.41000,1.98000,0.58223,0.00000,0.41777
2.61000,1.98000,0.58929,0.00000,0.41071
2.81000,1.98000,0.63058,0.00000,0.36942
3.01000,1.98000,0.58238,0.00000,0.41762
3.21000,1.98000,0.54307,0.00000,0.45692
3.41000,1.98000,0.48803,0.00001,0.51196
3.61000,1.98000,0.43284,0.00001,0.56715
3.81000,1.98000,0.38986,0.00002,0.61012
4.01000,1.98000,0.41891,0.00002,0.58107
4.21000,1.98000,0.32468,0.00002,0.67530
4.41000,1.98000,0.34021,0.00002,0.65977
4.61000,1.98000,0.27242,0.00008,0.72751
4.81000,1.98000,0.27730,0.00005,0.72265
5.01000,1.98000,0.23373,0.00010,0.76616
5.21000,1.98000,0.22396,0.00004,0.77600
5.41000,1.98000,0.21699,0.00004,0.78297
5.61000,1.98000,0.19866,0.00004,0.80130
5.81000,1.98000,0.19595,0.00009,0.80396
6.01000,1.98000,0.17631,0.00002,0.82367
6.21000,1.98000,0.19093,0.00002,0.80905
6.41000,1.98000,0.21800,0.00002,0.78198
6.61000,1.98000,0.18590,0.00003,0.81406
6.81000,1.98000,0.22123,0.00006,0.77871
7.01000,1.98000,0.24191,0.00012,0.75798
7.21000,1.98000,0.23480,0.00019,0.76501
7.41000,1.98000,0.25456,0.00011,0.74533
7.61000,1.98000,0.25704,0.00015,0.74281
7.81000,1.98000,0.25142,0.00053,0.74805
8.01000,1.98000,0.26368,0.00092,0.73540
8.21000,1.98000,0.21261,0.00107,0.78632
8.41000,1.98000,0.19261,0.00047,0.80692
8.61000,1.98000,0.19235,0.00025,0.80740
8.81000,1.98000,0.19269,0.00013,0.80718
9.01000,1.98000,0.17281,0.00014,0.82705
9.21000,1.98000,0.19027,0.00038,0.80935
9.41000,1.98000,0.16261,0.00060,0.83679
9.61000,1.98000,0.17351,0.00080,0.82569
9.81000,1.98000,0.17634,0.00025,0.82341
10.01000,1.98000,0.19412,0.00002,0.80586
10.21000,1.98000,0.18500,0.00001,0.81499
10.41000,1.98000,0.22221,0.00001,0.77778
10.61000,1.98000,0.27248,0.00002,0.72750
10.81000,1.98000,0.27211,0.00001,0.72788
11.01000,1.98000,0.40275,0.00000,0.59725
11.21000,1.98000,0.40874,0.00000,0.59126
11.41000,1.98000,0.52536,0.00000,0.47464
11.61000,1.98000,0.45864,0.00000,0.54136
11.81000,1.98000,0.48403,0.00000,0.51597
12.01000,1.98000,0.49185,0.00001,0.50815
12.21000,1.98000,0.49236,0.00003,0.50761
12.41000,1.98000,0.45947,0.00008,0.54045
12.61000,1.98000,0.46881,0.00011,0.53109
12.81000,1.98000,0.48399,0.00011,0.51590
13.01000,1.98000,0.46820,0.00018,0.53162
13.21000,1.98000,0.43420,0.00082,0.56497
13.41000,1.98000,0.41495,0.00126,0.58379
13.61000,1.98000,0.43976,0.00134,0.55889
13.81000,1.98000,0.42995,0.00125,0.56879
14.01000,1.98000,0.49160,0.00208,0.50632
14.21000,1.98000,0.50815,0.00617,0.48568
14.41000,1.98000,0.49642,0.00677,0.49682
14.61000,1.98000,0.39174,0.05319,0.55508
14.81000,1.98000,0.41778,0.09461,0.48761
15.01000,1.98000,0.31225,0.24462,0.44313
15.21000,1.98000,0.28093,0.27142,0.44765
15.41000,1.98000,0.31507,0.27972,0.40520
15.61000,1.98000,0.29126,0.34672,0.36202
15.81000,1.98000,0.29316,0.34948,0.35736
16.01000,1.98000,0.28101,0.28988,0.42911
16.21000,1.98000,0.27470,0.32274,0.40256
16.41000,1.98000,0.26389,0.26302,0.47308
16.61000,1.98000,0.28446,0.25136,0.46418
16.81000,1.98000,0.28923,0.29249,0.41828
17.01000,1.98000,0.25631,0.48857,0.25512
17.21000,1.98000,0.27479,0.40493,0.32029
17.41000,1.98000,0.31736,0.36752,0.31512
17.61000,1.98000,0.30620,0.34217,0.35163
17.81000,1.98000,0.31103,0.39134,0.29762
18.01000,1.98000,0.30692,0.44440,0.24867
18.21000,1.98000,0.31923,0.37222,0.30856
18.41000,1.98000,0.32297,0.39386,0.28318
18.61000,1.98000,0.32911,0.32630,0.34459
18.81000,1.98000,0.34102,0.30187,0.35711
19.01000,1.98000,0.32273,0.48051,0.19676
19.21000,1.98000,0.19984,0.73804,0.06212
19.41000,1.98000,0.17235,0.77322,0.05443
19.61000,1.98000,0.22198,0.69606,0.08196
19.81000,1.98000,0.21462,0.69897,0.08641
20.01000,1.98000,0.26145,0.63355,0.10500
20.21000,1.98000,0.27493,0.62335,0.10172
20.41000,1.98000,0.24096,0.66344,0.09561
20.61000,1.98000,0.11327,0.83335,0.05338
20.81000,1.98000,0.08185,0.86406,0.05408
21.01000,1.98000,0.08101,0.85113,0.06786
21.21000,1.98000,0.07559,0.86315,0.06126
21.41000,1.98000,0.09020,0.85645,0.05334
21.61000,1.98000,0.11149,0.81977,0.06874
21.81000,1.98000,0.10431,0.84417,0.05151
22.01000,1.98000,0.11651,0.77874,0.10475
22.21000,1.98000,0.12691,0.74760,0.12549
22.41000,1.98000,0.16854,0.72169,0.10977
22.61000,1.98000,0.34283,0.44266,0.21451
22.81000,1.98000,0.42509,0.20368,0.37123
23.01000,1.98000,0.36714,0.11466,0.51820
23.21000,1.98000,0.41111,0.15386,0.43503
23.41000,1.98000,0.37098,0.22932,0.39970
23.61000,1.98000,0.33439,0.31860,0.34701
23.81000,1.98000,0.29105,0.51320,0.19575
24.01000,1.98000,0.27495,0.58893,0.13612
24.21000,1.98000,0.25430,0.63232,0.11338
24.41000,1.98000,0.24487,0.66702,0.08811
24.61000,1.98000,0.18604,0.76918,0.04478
24.81000,1.98000,0.19715,0.75259,0.05026
25.01000,1.98000,0.20702,0.74390,0.04907
25.21000,1.98000,0.32037,0.57334,0.10628
25.41000,1.98000,0.30263,0.60391,0.09345
25.61000,1.98000,0.28504,0.61647,0.09849
25.81000,1.98000,0.31720,0.56496,0.11784
26.01000,1.98000,0.28009,0.63457,0.08535
26.21000,1.98000,0.22128,0.73004,0.04868
26.41000,1.98000,0.22341,0.72025,0.05633
26.61000,1.98000,0.21317,0.73141,0.05541
26.81000,1.98000,0.20336,0.75075,0.04589
27.01000,1.98000,0.14268,0.83332,0.02400
27.21000,1.98000,0.14041,0.84127,0.01831
27.41000,1.98000,0.19219,0.76945,0.03836
27.61000,1.98000,0.19145,0.75936,0.04919
27.81000,1.98000,0.17487,0.75615,0.06899
28.01000,1.98000,0.22954,0.61599,0.15447
28.21000,1.98000,0.25233,0.54954,0.19814
28.41000,1.98000,0.23601,0.55840,0.20559
28.61000,1.98000,0.31933,0.46223,0.21843
28.81000,1.98000,0.35098,0.38082,0.26819
29.01000,1.98000,0.36889,0.35050,0.28060
29.21000,1.98000,0.36606,0.26197,0.37197
29.41000,1.98000,0.36910,0.28367,0.34723
29.61000,1.98000,0.41288,0.23438,0.35274
29.81000,1.98000,0.44571,0.21825,0.33604
30.01000,1.98000,0.47027,0.21417,0.31556
30.21000,1.98000,0.42872,0.15268,0.41860
30.41000,1.98000,0.44124,0.12890,0.42987
30.61000,1.98000,0.29752,0.11615,0.58632
30.81000,1.98000,0.21647,0.10869,0.67485
31.01000,1.98000,0.20002,0.11929,0.68069
31.21000,1.98000,0.18758,0.09687,0.71556
31.41000,1.98000,0.21419,0.12622,0.65959
31.61000,1.98000,0.24708,0.24991,0.50300
31.81000,1.98000,0.23753,0.37106,0.39141
32.01000,1.98000,0.23991,0.43817,0.32192
32.21000,1.98000,0.24599,0.50006,0.25395
32.41000,1.98000,0.23395,0.48204,0.28400
32.61000,1.98000,0.22109,0.53182,0.24709
32.81000,1.98000,0.21233,0.60755,0.18012
33.01000,1.98000,0.20359,0.63748,0.15893
33.21000,1.98000,0.20893,0.59246,0.19860
33.41000,1.98000,0.19023,0.60942,0.20035
33.61000,1.98000,0.16994,0.64135,0.18871
33.81000,1.98000,0.15329,0.70740,0.13930
34.01000,1.98000,0.12089,0.79970,0.07941
34.21000,1.98000,0.10476,0.84498,0.05027
34.41000,1.98000,0.08457,0.89043,0.02499
34.61000,1.98000,0.09640,0.87575,0.02785
34.81000,1.98000,0.08554,0.89605,0.01841
35.01000,1.98000,0.05583,0.93738,0.00679
35.21000,1.98000,0.06161,0.93149,0.00690
35.41000,1.98000,0.09557,0.88925,0.01518
35.61000,1.98000,0.14945,0.83263,0.01792
35.81000,1.98000,0.15315,0.81251,0.03434
36.01000,1.98000,0.18066,0.75880,0.06055
36.21000,1.98000,0.14557,0.81445,0.03998
36.41000,1.98000,0.11344,0.86532,0.02124
36.61000,1.98000,0.07839,0.91093,0.01068
36.81000,1.98000,0.11064,0.86969,0.01967
37.01000,1.98000,0.12545,0.85395,0.02060
37.21000,1.98000,0.17966,0.78272,0.03762
37.41000,1.98000,0.18870,0.77873,0.03257
37.61000,1.98000,0.26062,0.67709,0.06229
37.81000,1.98000,0.25168,0.69744,0.05088
38.01000,1.98000,0.34361,0.56814,0.08825
38.21000,1.98000,0.39128,0.49122,0.11750
38.41000,1.98000,0.40296,0.48367,0.11337
38.61000,1.98000,0.31884,0.60982,0.07134
38.81000,1.98000,0.16755,0.80656,0.02589
39.01000,1.98000,0.14135,0.84184,0.01681
39.21000,1.98000,0.11286,0.87797,0.00917
39.41000,1.98000,0.04199,0.95633,0.00168
39.61000,1.98000,0.03642,0.96236,0.00122
39.81000,1.98000,0.02324,0.97615,0.00061
40.01000,1.98000,0.01780,0.98178,0.00043
40.21000,1.98000,0.03119,0.96800,0.00081
40.41000,1.98000,0.03789,0.96061,0.00151
40.61000,1.98000,0.06533,0.93139,0.00328
40.81000,1.98000,0.08590,0.90922,0.00487
41.01000,1.98000,0.07932,0.91558,0.00510
41.21000,1.98000,0.12824,0.86303,0.00873
41.41000,1.98000,0.14875,0.83643,0.01482
41.61000,1.98000,0.16385,0.81703,0.01911
41.81000,1.98000,0.24671,0.71563,0.03766
42.01000,1.98000,0.18413,0.79212,0.02375
42.21000,1.98000,0.16825,0.81101,0.02074
42.41000,1.98000,0.14130,0.84594,0.01276
42.61000,1.98000,0.14106,0.84845,0.01048
42.81000,1.98000,0.17585,0.81113,0.01302
43.01000,1.98000,0.15411,0.83445,0.01144
43.21000,1.98000,0.18325,0.80430,0.01245
43.41000,1.98000,0.40537,0.58701,0.00763
43.61000,1.98000,0.62018,0.37867,0.00116
43.81000,1.98000,0.83486,0.16490,0.00023
44.01000,1.98000,0.94858,0.05138,0.00004
44.21000,1.98000,0.98990,0.01009,0.00001
44.41000,1.98000,0.99833,0.00167,0.00000
44.61000,1.98000,0.99949,0.00051,0.00000
44.81000,1.98000,0.99988,0.00012,0.00000
45.01000,1.98000,0.99996,0.00004,0.00000
45.21000,1.98000,0.99999,0.00001,0.00000
45.41000,1.98000,0.99999,0.00001,0.00000
45.61000,1.98000,0.99999,0.00001,0.00000
45.81000,1.98000,0.99999,0.00001,0.00000
46.01000,1.98000,0.99999,0.00001,0.00000
46.21000,1.98000,0.99999,0.00001,0.00000
46.41000,1.98000,0.99999,0.00001,0.00000
46.61000,1.98000,0.99999,0.00001,0.00000
46.81000,1.98000,0.99999,0.00001,0.00000
47.01000,1.98000,0.99999,0.00001,0.00000
47.21000,1.98000,0.99999,0.00001,0.00000
47.41000,1.98000,0.99999,0.00001,0.00000
47.61000,1.98000,0.99999,0.00001,0.00000
47.81000,1.98000,0.99999,0.00001,0.00000
48.01000,1.98000,0.99999,0.00001,0.00000
48.21000,1.98000,0.99999,0.00001,0.00000
48.41000,1.98000,0.99991,0.00009,0.00000
48.61000,1.98000,0.99966,0.00034,0.00000
48.81000,1.98000,0.99906,0.00094,0.00000
49.01000,1.98000,0.99666,0.00334,0.00000
49.21000,1.98000,0.98868,0.01131,0.00002
49.41000,1.98000,0.96127,0.03859,0.00015
49.61000,1.98000,0.86359,0.13536,0.00105
49.81000,1.98000,0.60689,0.38786,0.00525
50.01000,1.98000,0.31388,0.66607,0.02005
50.21000,1.98000,0.26001,0.67833,0.06166
50.41000,1.98000,0.33748,0.57310,0.08942
50.61000,1.98000,0.28969,0.65047,0.05984
50.81000,1.98000,0.11808,0.85661,0.02531
51.01000,1.98000,0.16548,0.77957,0.05496
51.21000,1.98000,0.17392,0.76615,0.05993
51.41000,1.98000,0.11364,0.86357,0.02280
51.61000,1.98000,0.10634,0.87266,0.02100
51.81000,1.98000,0.10142,0.87321,0.02537
52.01000,1.98000,0.12633,0.82782,0.04586
52.21000,1.98000,0.10349,0.86273,0.03378
52.41000,1.98000,0.08041,0.89031,0.02928
52.61000,1.98000,0.09262,0.87901,0.02837
52.81000,1.98000,0.13582,0.82643,0.03775
53.01000,1.98000,0.10096,0.87742,0.02162
53.21000,1.98000,0.07561,0.91274,0.01165
53.41000,1.98000,0.14294,0.82760,0.02947
53.61000,1.98000,0.17593,0.78799,0.03608
53.81000,1.98000,0.15996,0.81449,0.02555
54.01000,1.98000,0.15935,0.81687,0.02378
54.21000,1.98000,0.17289,0.80246,0.02464
54.41000,1.98000,0.18568,0.79154,0.02278
54.61000,1.98000,0.19091,0.79901,0.01008
54.81000,1.98000,0.16162,0.82968,0.00871
55.01000,1.98000,0.13411,0.85855,0.00734
55.21000,1.98000,0.06764,0.92909,0.00327
55.41000,1.98000,0.02917,0.96965,0.00118
55.61000,1.98000,0.03378,0.96488,0.00134
55.81000,1.98000,0.03231,0.96650,0.00119
56.01000,1.98000,0.03945,0.95919,0.00135
56.21000,1.98000,0.05402,0.94411,0.00186
56.41000,1.98000,0.05941,0.93884,0.00175
56.61000,1.98000,0.05383,0.94269,0.00347
56.81000,1.98000,0.07486,0.92100,0.00413
57.01000,1.98000,0.12104,0.87315,0.00581
57.21000,1.98000,0.22734,0.76636,0.00629
57.41000,1.98000,0.15386,0.84150,0.00464
57.61000,1.98000,0.14293,0.85245,0.00463
57.81000,1.98000,0.09206,0.90557,0.00236
58.01000,1.98000,0.04680,0.95232,0.00088
58.21000,1.98000,0.04809,0.95103,0.00089
58.41000,1.98000,0.06670,0.93187,0.00143
