Time (seconds), Duration (seconds),pred_unlabelled,pred_touch
0.00000,0.07500,1.00000,0.00000
0.05200,0.06800,1.00000,0.00000
0.10300,0.06800,1.00000,0.00000
0.15000,0.06600,1.00000,0.00000
0.20000,0.06100,1.00000,0.00000
0.24400,0.05900,1.00000,0.00000
0.28600,0.05700,1.00000,0.00000
0.32600,0.05300,1.00000,0.00000
0.36500,0.05200,1.00000,0.00000
0.40200,0.05400,1.00000,0.00000
0.44100,0.05500,1.00000,0.00000
0.48000,0.05700,1.00000,0.00000
0.52100,0.05200,1.00000,0.00000
0.55800,0.05000,1.00000,0.00000
0.59400,0.05300,1.00000,0.00000
0.63200,0.05300,1.00000,0.00000
0.67000,0.05400,1.00000,0.00000
0.70800,0.06700,1.00000,0.00000
0.75400,0.06900,1.00000,0.00000
0.80400,0.07500,1.00000,0.00000
0.85700,0.07500,1.00000,0.00000
0.91100,0.07500,1.00000,0.00000
0.96300,0.07200,1.00000,0.00000
1.01900,0.06700,1.00000,0.00000
1.06600,0.07000,1.00000,0.00000
1.11800,0.06200,1.00000,0.00000
1.16200,0.06100,1.00000,0.00000
1.20700,0.06700,1.00000,0.00000
1.25200,0.07700,1.00000,0.00000
1.30700,0.07300,1.00000,0.00000
1.35800,0.07700,1.00000,0.00000
1.41200,0.07200,1.00000,0.00000
1.46400,0.07200,1.00000,0.00000
1.51600,0.06200,0.00000,1.00000
1.56300,0.07100,0.00000,1.00000
1.61300,0.07300,0.00000,1.00000
1.66500,0.07500,0.00000,1.00000
1.71800,0.07100,0.00000,1.00000
1.77300,0.06300,0.99999,0.00001
1.81600,0.07000,1.00000,0.00000
1.86700,0.07300,1.00000,0.00000
1.92100,0.07300,1.00000,0.00000
1.97500,0.07200,1.00000,0.00000
2.02600,0.07100,1.00000,0.00000
2.08000,0.06000,1.00000,0.00000
2.12400,0.05700,1.00000,0.00000
2.16100,0.07000,1.00000,0.00000
2.20900,0.08000,1.00000,0.00000
2.26500,0.06500,1.00000,0.00000
2.31200,0.07000,1.00000,0.00000
2.35900,0.07500,1.00000,0.00000
2.41500,0.07300,1.00000,0.00000
2.46800,0.06500,1.00000,0.00000
2.51700,0.06600,1.00000,0.00000
2.55900,0.06900,1.00000,0.00000
2.61100,0.05500,1.00000,0.00000
2.65100,0.05500,1.00000,0.00000
2.69100,0.05300,1.00000,0.00000
2.72800,0.05700,1.00000,0.00000
2.76800,0.06400,0.99574,0.00426
2.81200,0.06300,0.00000,1.00000
2.85700,0.06100,0.00000,1.00000
2.90200,0.06100,0.00000,1.00000
2.94700,0.05900,0.00000,1.00000
2.98700,0.06800,0.00000,1.00000
3.03800,0.06400,0.00045,0.99955
3.08600,0.06200,0.99999,0.00001
3.12600,0.07300,1.00000,0.00000
3.17900,0.07100,1.00000,0.00000
3.22700,0.07200,1.00000,0.00000
3.28000,0.07000,1.00000,0.00000
3.32900,0.07400,1.00000,0.00000
3.38200,0.07000,1.00000,0.00000
3.43200,0.07000,1.00000,0.00000
3.48300,0.06800,1.00000,0.00000
3.53100,0.06800,1.00000,0.00000
3.58000,0.06900,1.00000,0.00000
3.62900,0.06700,1.00000,0.00000
3.67600,0.07200,1.00000,0.00000
3.72600,0.06400,1.00000,0.00000
3.77300,0.06300,1.00000,0.00000
3.81900,0.06200,1.00000,0.00000
3.86200,0.06200,1.00000,0.00000
3.90800,0.06200,1.00000,0.00000
3.95000,0.07100,1.00000,0.00000
4.00100,0.07200,1.00000,0.00000
4.05300,0.06600,1.00000,0.00000
4.09900,0.07200,1.00000,0.00000
4.14800,0.07100,0.99877,0.00123
4.20100,0.06400,0.00000,1.00000
4.24800,0.06000,0.00000,1.00000
4.28900,0.07500,0.00000,1.00000
4.33800,0.08200,1.00000,0.00000
4.39900,0.06800,1.00000,0.00000
4.45100,0.05500,1.00000,0.00000
4.49000,0.05700,1.00000,0.00000
4.53200,0.05200,1.00000,0.00000
4.56800,0.05600,1.00000,0.00000
4.60900,0.05700,1.00000,0.00000
4.65000,0.05700,1.00000,0.00000
4.69100,0.06100,1.00000,0.00000
4.73500,0.06800,1.00000,0.00000
4.78400,0.06100,1.00000,0.00000
4.83000,0.05300,1.00000,0.00000
4.86700,0.05400,1.00000,0.00000
4.90600,0.05100,1.00000,0.00000
4.94300,0.05300,1.00000,0.00000
4.98000,0.05400,1.00000,0.00000
5.01900,0.05900,1.00000,0.00000
5.05900,0.07700,1.00000,0.00000
5.11100,0.07400,1.00000,0.00000
5.16700,0.06400,1.00000,0.00000
5.21100,0.07200,1.00000,0.00000
5.26300,0.06700,1.00000,0.00000
5.31100,0.07400,1.00000,0.00000
5.36300,0.07300,1.00000,0.00000
5.41400,0.07700,0.00000,1.00000
5.46800,0.07000,0.00000,1.00000
5.52200,0.06400,1.00000,0.00000
5.56700,0.06600,1.00000,0.00000
5.61300,0.07600,1.00000,0.00000
5.66600,0.07400,1.00000,0.00000
5.72100,0.07500,1.00000,0.00000
5.77200,0.07800,1.00000,0.00000
5.83000,0.06900,1.00000,0.00000
5.87900,0.07500,1.00000,0.00000
5.93400,0.07800,1.00000,0.00000
5.98900,0.07700,1.00000,0.00000
6.04400,0.06500,1.00000,0.00000
6.09000,0.07500,1.00000,0.00000
6.14400,0.07000,1.00000,0.00000
6.19400,0.07400,1.00000,0.00000
6.24600,0.07700,1.00000,0.00000
6.30100,0.07300,1.00000,0.00000
6.35300,0.06700,1.00000,0.00000
6.40400,0.05800,1.00000,0.00000
6.44300,0.06700,1.00000,0.00000
6.48900,0.07300,1.00000,0.00000
6.54300,0.06500,1.00000,0.00000
6.59100,0.06100,1.00000,0.00000
6.63100,0.07500,1.00000,0.00000
6.68300,0.08000,1.00000,0.00000
6.73900,0.07700,1.00000,0.00000
6.79400,0.07600,1.00000,0.00000
6.84900,0.06400,1.00000,0.00000
6.89900,0.06700,1.00000,0.00000
6.94500,0.06800,1.00000,0.00000
6.99700,0.05500,1.00000,0.00000
7.03400,0.05900,1.00000,0.00000
7.07800,0.05300,1.00000,0.00000
7.11700,0.05000,1.00000,0.00000
7.15300,0.05500,1.00000,0.00000
7.19000,0.05800,1.00000,0.00000
7.23200,0.05800,1.00000,0.00000
7.27300,0.07300,1.00000,0.00000
7.32300,0.07300,1.00000,0.00000
7.37500,0.06600,1.00000,0.00000
7.42100,0.07500,1.00000,0.00000
7.47200,0.08000,1.00000,0.00000
7.53100,0.06600,1.00000,0.00000
7.57900,0.07300,1.00000,0.00000
7.62800,0.07700,1.00000,0.00000
7.68500,0.07600,1.00000,0.00000
7.73700,0.07600,1.00000,0.00000
7.79300,0.07500,1.00000,0.00000
7.84500,0.07300,1.00000,0.00000
7.89900,0.07100,1.00000,0.00000
7.94700,0.07800,0.99998,0.00002
8.00400,0.07000,0.99943,0.00057
8.05100,0.07500,0.00000,1.00000
8.10700,0.06800,1.00000,0.00000
8.15300,0.06800,1.00000,0.00000
8.20400,0.05900,1.00000,0.00000
8.24700,0.07100,1.00000,0.00000
8.29700,0.07700,1.00000,0.00000
8.35000,0.08000,1.00000,0.00000
8.40700,0.07400,1.00000,0.00000
8.46100,0.07600,1.00000,0.00000
8.51600,0.07300,1.00000,0.00000
8.56900,0.07000,1.00000,0.00000
8.61800,0.06800,1.00000,0.00000
8.66800,0.07400,1.00000,0.00000
8.72000,0.07500,1.00000,0.00000
8.77500,0.06300,1.00000,0.00000
8.82300,0.05600,1.00000,0.00000
8.86200,0.06500,1.00000,0.00000
8.91000,0.05600,1.00000,0.00000
8.95100,0.06000,1.00000,0.00000
8.99100,0.07400,1.00000,0.00000
9.04400,0.07400,1.00000,0.00000
9.09800,0.06700,0.00000,1.00000
9.14900,0.05600,0.00000,1.00000
9.18900,0.05800,0.99916,0.00084
9.23000,0.05500,1.00000,0.00000
9.27000,0.05300,1.00000,0.00000
9.30900,0.05100,1.00000,0.00000
9.34500,0.05600,1.00000,0.00000
9.38200,0.06700,1.00000,0.00000
9.43300,0.06000,1.00000,0.00000
9.47400,0.07400,1.00000,0.00000
9.52600,0.07300,1.00000,0.00000
9.58000,0.07100,1.00000,0.00000
9.62900,0.07200,1.00000,0.00000
9.67900,0.07300,1.00000,0.00000
9.73100,0.07400,1.00000,0.00000
9.78200,0.08100,0.00002,0.99998
9.83900,0.07900,0.00000,1.00000
9.89400,0.07200,0.99992,0.00008
9.94500,0.07200,1.00000,0.00000
9.99500,0.07600,1.00000,0.00000
10.04800,0.07400,1.00000,0.00000
10.10100,0.07000,1.00000,0.00000
10.15000,0.07300,1.00000,0.00000
10.20600,0.06800,1.00000,0.00000
10.25300,0.06700,0.99999,0.00001
10.30100,0.07400,0.99795,0.00205
10.35100,0.07700,0.00000,1.00000
10.40700,0.07600,0.98963,0.01037
10.45900,0.07900,1.00000,0.00000
10.51600,0.06300,1.00000,0.00000
10.56400,0.05100,1.00000,0.00000
10.60000,0.05300,1.00000,0.00000
10.63700,0.06400,1.00000,0.00000
10.68300,0.05700,1.00000,0.00000
10.72300,0.06700,1.00000,0.00000
10.76700,0.07600,1.00000,0.00000
10.82200,0.07000,1.00000,0.00000
10.87100,0.07500,0.99957,0.00043
10.92400,0.07300,0.00000,1.00000
10.97800,0.07200,0.00000,1.00000
11.02800,0.06800,1.00000,0.00000
11.07700,0.05800,1.00000,0.00000
11.11900,0.06000,1.00000,0.00000
11.16300,0.06200,1.00000,0.00000
11.20800,0.05200,1.00000,0.00000
11.24600,0.05400,1.00000,0.00000
11.28300,0.06100,1.00000,0.00000
11.32800,0.06100,1.00000,0.00000
11.36900,0.06000,1.00000,0.00000
11.41400,0.05100,1.00000,0.00000
11.45000,0.05400,1.00000,0.00000
11.48800,0.05700,1.00000,0.00000
11.53000,0.05000,1.00000,0.00000
11.56700,0.05400,1.00000,0.00000
11.60300,0.07200,1.00000,0.00000
11.65400,0.07700,0.99970,0.00030
11.70800,0.07500,0.00000,1.00000
11.76100,0.07700,0.00000,1.00000
11.81600,0.07000,1.00000,0.00000
11.86700,0.07400,1.00000,0.00000
11.91900,0.07100,1.00000,0.00000
11.96800,0.07000,1.00000,0.00000
12.01500,0.07700,1.00000,0.00000
12.06900,0.07400,1.00000,0.00000
12.12200,0.07200,1.00000,0.00000
12.17300,0.07500,1.00000,0.00000
12.22800,0.06800,1.00000,0.00000
12.27900,0.06800,1.00000,0.00000
12.32700,0.07100,1.00000,0.00000
12.37800,0.07600,1.00000,0.00000
12.43300,0.07600,1.00000,0.00000
12.49100,0.07300,0.99792,0.00208
12.54200,0.07600,0.00000,1.00000
12.59800,0.07400,1.00000,0.00000
12.65300,0.06200,1.00000,0.00000
12.69800,0.06800,1.00000,0.00000
12.74400,0.08200,1.00000,0.00000
12.80100,0.07700,1.00000,0.00000
12.85400,0.07700,1.00000,0.00000
12.91100,0.07200,1.00000,0.00000
12.96200,0.06000,1.00000,0.00000
13.00900,0.06100,1.00000,0.00000
13.05000,0.07200,1.00000,0.00000
13.10000,0.07500,1.00000,0.00000
13.15400,0.06800,1.00000,0.00000
13.20200,0.07100,1.00000,0.00000
13.25400,0.06100,0.00000,1.00000
13.29900,0.05800,0.00000,1.00000
13.34000,0.06000,1.00000,0.00000
13.38200,0.07000,1.00000,0.00000
13.42900,0.07700,1.00000,0.00000
13.48400,0.07900,1.00000,0.00000
13.54000,0.07000,1.00000,0.00000
13.59100,0.05300,1.00000,0.00000
13.63100,0.05500,1.00000,0.00000
13.67100,0.05500,1.00000,0.00000
13.71000,0.05600,1.00000,0.00000
13.74900,0.06200,1.00000,0.00000
13.79200,0.07300,1.00000,0.00000
13.84500,0.07900,1.00000,0.00000
13.90100,0.07500,1.00000,0.00000
13.95500,0.06900,1.00000,0.00000
14.00200,0.06600,1.00000,0.00000
14.05200,0.05700,1.00000,0.00000
14.09100,0.06700,1.00000,0.00000
14.13800,0.07600,1.00000,0.00000
14.19200,0.07100,0.00000,1.00000
14.24600,0.07100,0.00000,1.00000
14.29400,0.07800,1.00000,0.00000
14.35100,0.07200,1.00000,0.00000
14.40000,0.07200,1.00000,0.00000
14.45200,0.07200,1.00000,0.00000
14.50200,0.07800,1.00000,0.00000
14.55900,0.07800,1.00000,0.00000
14.61300,0.08100,1.00000,0.00000
14.67100,0.06800,1.00000,0.00000
14.72400,0.06600,1.00000,0.00000
14.77300,0.07100,1.00000,0.00000
14.82300,0.07500,0.00000,1.00000
14.87800,0.07700,0.00000,1.00000
14.93200,0.06600,1.00000,0.00000
14.97700,0.07400,1.00000,0.00000
15.03000,0.06800,1.00000,0.00000
15.07800,0.06800,1.00000,0.00000
15.13000,0.06700,1.00000,0.00000
15.17600,0.07200,1.00000,0.00000
15.22800,0.06900,1.00000,0.00000
15.28000,0.06300,1.00000,0.00000
15.32200,0.07100,1.00000,0.00000
15.37400,0.06400,1.00000,0.00000
15.42200,0.05800,0.00081,0.99919
15.46700,0.06100,0.00000,1.00000
15.50800,0.07100,1.00000,0.00000
15.55800,0.07800,1.00000,0.00000
15.61300,0.06800,1.00000,0.00000
15.66200,0.07000,1.00000,0.00000
15.71400,0.06400,1.00000,0.00000
15.76000,0.05600,1.00000,0.00000
15.80200,0.05400,1.00000,0.00000
15.84100,0.05200,1.00000,0.00000
15.87600,0.05600,1.00000,0.00000
15.91900,0.05500,1.00000,0.00000
15.95800,0.06000,1.00000,0.00000
16.00000,0.06400,0.00000,1.00000
16.04500,0.07100,0.00000,1.00000
16.09400,0.07800,0.99992,0.00008
16.14800,0.07900,1.00000,0.00000
16.20600,0.07300,1.00000,0.00000
16.25800,0.07300,1.00000,0.00000
16.31000,0.07400,1.00000,0.00000
16.36200,0.07200,1.00000,0.00000
16.41000,0.07700,1.00000,0.00000
16.46500,0.07700,1.00000,0.00000
16.51900,0.07400,1.00000,0.00000
16.57100,0.07800,0.00001,0.99999
16.62700,0.07500,0.00000,1.00000
16.67900,0.06900,0.99997,0.00003
16.73000,0.06600,1.00000,0.00000
16.77800,0.06600,1.00000,0.00000
16.82700,0.06500,1.00000,0.00000
16.87400,0.06700,1.00000,0.00000
16.92000,0.07400,1.00000,0.00000
16.97400,0.06900,1.00000,0.00000
17.02300,0.06500,1.00000,0.00000
17.06700,0.07100,1.00000,0.00000
17.11800,0.07600,1.00000,0.00000
17.17200,0.07200,1.00000,0.00000
17.22300,0.07300,0.99693,0.00307
17.27600,0.06700,0.00000,1.00000
17.32500,0.06800,0.00000,1.00000
17.37300,0.06100,1.00000,0.00000
17.41600,0.07100,1.00000,0.00000
17.46500,0.07800,1.00000,0.00000
17.52000,0.07100,1.00000,0.00000
17.57500,0.06000,1.00000,0.00000
17.61600,0.06200,1.00000,0.00000
17.66200,0.05300,1.00000,0.00000
17.70000,0.05500,1.00000,0.00000
17.74000,0.05000,1.00000,0.00000
17.77600,0.06000,0.00000,1.00000
17.81700,0.07000,0.00000,1.00000
17.86700,0.07400,0.00000,1.00000
17.91900,0.06200,1.00000,0.00000
17.96600,0.05600,1.00000,0.00000
18.00500,0.05500,1.00000,0.00000
18.04500,0.05500,1.00000,0.00000
18.08300,0.05900,1.00000,0.00000
18.12400,0.06300,1.00000,0.00000
18.16700,0.05900,1.00000,0.00000
18.21100,0.05800,1.00000,0.00000
18.25100,0.07000,1.00000,0.00000
18.30000,0.07600,0.99963,0.00037
18.35400,0.07500,0.00000,1.00000
18.40900,0.07400,0.00000,1.00000
18.46200,0.07100,1.00000,0.00000
18.51400,0.07400,1.00000,0.00000
18.56500,0.07600,1.00000,0.00000
18.62100,0.07800,1.00000,0.00000
18.67500,0.07600,1.00000,0.00000
18.73300,0.06600,1.00000,0.00000
18.78000,0.07200,0.99786,0.00214
18.83300,0.07400,0.00000,1.00000
18.88400,0.07500,0.00000,1.00000
18.93900,0.07600,1.00000,0.00000
18.99200,0.07400,1.00000,0.00000
19.04800,0.06500,1.00000,0.00000
19.09300,0.07600,1.00000,0.00000
19.14800,0.06500,1.00000,0.00000
19.19800,0.05400,1.00000,0.00000
19.23700,0.06100,1.00000,0.00000
19.27900,0.07000,1.00000,0.00000
19.32900,0.07300,0.99962,0.00038
19.38200,0.05900,0.00000,1.00000
19.42500,0.06500,0.00000,1.00000
19.46800,0.07500,1.00000,0.00000
19.51900,0.08000,1.00000,0.00000
19.57400,0.08000,1.00000,0.00000
19.63100,0.07700,1.00000,0.00000
19.68600,0.07300,1.00000,0.00000
19.74000,0.06100,1.00000,0.00000
19.78400,0.06100,1.00000,0.00000
19.82700,0.06200,1.00000,0.00000
19.86800,0.06600,0.01472,0.98528
19.91700,0.06100,0.00000,1.00000
19.95800,0.06700,0.99998,0.00002
20.00400,0.07100,1.00000,0.00000
20.05600,0.06100,1.00000,0.00000
20.10200,0.05500,1.00000,0.00000
20.14300,0.05300,1.00000,0.00000
20.18100,0.05400,1.00000,0.00000
20.21900,0.05300,1.00000,0.00000
20.25700,0.05300,1.00000,0.00000
20.29300,0.06100,1.00000,0.00000
20.33500,0.06100,1.00000,0.00000
20.38000,0.05800,1.00000,0.00000
20.42300,0.06800,1.00000,0.00000
20.47100,0.07500,1.00000,0.00000
20.52400,0.07500,0.99978,0.00022
20.57800,0.07700,0.00000,1.00000
20.63200,0.07600,0.00006,0.99994
20.68700,0.07100,1.00000,0.00000
20.73700,0.06800,1.00000,0.00000
20.78600,0.07300,1.00000,0.00000
20.83700,0.07200,1.00000,0.00000
20.89100,0.06100,1.00000,0.00000
20.93400,0.06200,1.00000,0.00000
20.97700,0.07000,1.00000,0.00000
21.02700,0.06900,0.99898,0.00102
21.07800,0.06300,0.00000,1.00000
21.12400,0.07100,0.00000,1.00000
21.17300,0.07700,1.00000,0.00000
21.22800,0.07800,1.00000,0.00000
21.28300,0.07000,1.00000,0.00000
21.33400,0.07200,1.00000,0.00000
21.38300,0.06900,1.00000,0.00000
21.43800,0.06300,1.00000,0.00000
21.48200,0.07200,1.00000,0.00000
21.53000,0.07700,1.00000,0.00000
21.58600,0.07500,1.00000,0.00000
21.63800,0.07700,0.99654,0.00346
21.69400,0.07400,0.00000,1.00000
21.74800,0.06600,1.00000,0.00000
21.79600,0.06600,1.00000,0.00000
21.84600,0.06800,1.00000,0.00000
21.89200,0.07000,1.00000,0.00000
21.94100,0.07400,1.00000,0.00000
21.99400,0.07500,1.00000,0.00000
22.04600,0.06700,1.00000,0.00000
22.09700,0.05600,1.00000,0.00000
22.13800,0.06500,1.00000,0.00000
22.18100,0.07100,1.00000,0.00000
22.23100,0.07400,1.00000,0.00000
22.28300,0.06200,0.99957,0.00043
22.33000,0.05500,0.00000,1.00000
22.37100,0.05500,0.00000,1.00000
22.41000,0.05500,1.00000,0.00000
22.45000,0.05000,1.00000,0.00000
22.48400,0.06100,1.00000,0.00000
22.52300,0.07300,1.00000,0.00000
22.57800,0.06900,1.00000,0.00000
22.62400,0.07200,1.00000,0.00000
22.67800,0.07200,1.00000,0.00000
22.72900,0.07100,1.00000,0.00000
22.78100,0.07300,1.00000,0.00000
22.83100,0.07200,0.99958,0.00042
22.88600,0.07100,0.00000,1.00000
22.93800,0.07200,0.00000,1.00000
22.99000,0.07400,1.00000,0.00000
23.04100,0.07800,1.00000,0.00000
23.09700,0.06800,1.00000,0.00000
23.14400,0.07400,1.00000,0.00000
23.19700,0.07700,1.00000,0.00000
23.25000,0.07500,1.00000,0.00000
23.30400,0.07200,1.00000,0.00000
23.35300,0.07800,0.99950,0.00050
23.41000,0.06600,0.00000,1.00000
23.45700,0.07300,0.99989,0.00011
23.50800,0.06700,1.00000,0.00000
23.55900,0.06300,1.00000,0.00000
23.60200,0.08000,1.00000,0.00000
23.65900,0.07800,1.00000,0.00000
23.71400,0.07400,1.00000,0.00000
23.76800,0.06800,1.00000,0.00000
23.81400,0.06900,1.00000,0.00000
23.86600,0.07200,0.99998,0.00002
23.91600,0.07300,0.00000,1.00000
23.97100,0.07500,0.00000,1.00000
24.02300,0.08000,1.00000,0.00000
24.07900,0.06500,1.00000,0.00000
24.12700,0.05600,1.00000,0.00000
24.16700,0.06000,1.00000,0.00000
24.20800,0.07400,1.00000,0.00000
24.26000,0.06700,1.00000,0.00000
24.31100,0.05700,1.00000,0.00000
24.35200,0.06200,1.00000,0.00000
24.39300,0.07100,1.00000,0.00000
24.44600,0.06900,1.00000,0.00000
24.49400,0.05900,0.99712,0.00288
24.53900,0.05500,0.00000,1.00000
24.57900,0.05200,0.00000,1.00000
24.61500,0.05300,0.00000,1.00000
24.65400,0.05600,1.00000,0.00000
24.69200,0.06600,1.00000,0.00000
24.73600,0.07300,1.00000,0.00000
24.78800,0.07100,1.00000,0.00000
24.83800,0.07200,1.00000,0.00000
24.88700,0.07600,1.00000,0.00000
24.94200,0.07300,1.00000,0.00000
24.99400,0.07500,1.00000,0.00000
25.04700,0.07300,1.00000,0.00000
25.09800,0.07400,1.00000,0.00000
25.15100,0.07200,1.00000,0.00000
25.20100,0.07100,0.99939,0.00061
25.25200,0.07400,0.00000,1.00000
25.30400,0.07900,0.00000,1.00000
25.36200,0.06900,1.00000,0.00000
25.41200,0.06900,1.00000,0.00000
25.46000,0.06900,1.00000,0.00000
25.50900,0.07700,1.00000,0.00000
25.56300,0.07300,1.00000,0.00000
25.61700,0.06600,0.99936,0.00064
25.66300,0.07400,0.00000,1.00000
25.71600,0.07600,0.00000,1.00000
25.77000,0.06600,1.00000,0.00000
25.82000,0.06600,1.00000,0.00000
25.86600,0.07500,1.00000,0.00000
25.91900,0.07200,1.00000,0.00000
25.97200,0.07500,1.00000,0.00000
26.02500,0.07600,1.00000,0.00000
26.07700,0.07600,1.00000,0.00000
26.13400,0.06900,1.00000,0.00000
26.18300,0.07500,1.00000,0.00000
26.23700,0.07200,0.99963,0.00037
26.28600,0.06900,0.00000,1.00000
26.33700,0.06700,0.99650,0.00350
26.38500,0.06800,1.00000,0.00000
26.43600,0.06100,1.00000,0.00000
26.47700,0.07400,1.00000,0.00000
26.52700,0.07700,1.00000,0.00000
26.58300,0.07000,1.00000,0.00000
26.63100,0.06900,1.00000,0.00000
26.68500,0.05300,1.00000,0.00000
26.72200,0.05400,0.35897,0.64103
26.76200,0.05200,0.00000,1.00000
26.79900,0.05100,0.00000,1.00000
26.83500,0.05500,0.03629,0.96371
26.87300,0.06400,1.00000,0.00000
26.91900,0.05700,1.00000,0.00000
26.96100,0.07000,1.00000,0.00000
27.00600,0.07500,1.00000,0.00000
27.06100,0.07600,1.00000,0.00000
27.11500,0.07100,1.00000,0.00000
27.16700,0.07100,1.00000,0.00000
27.21800,0.07300,0.99647,0.00353
27.27000,0.07500,0.00000,1.00000
27.32300,0.07000,0.00001,0.99999
27.37600,0.05800,1.00000,0.00000
27.41900,0.06400,1.00000,0.00000
27.46200,0.06700,1.00000,0.00000
27.51100,0.07000,1.00000,0.00000
27.55900,0.07400,1.00000,0.00000
27.61100,0.07800,1.00000,0.00000
27.66600,0.07000,1.00000,0.00000
27.71500,0.07600,0.00001,0.99999
27.77000,0.07400,0.00000,1.00000
27.82200,0.07100,0.99922,0.00078
27.87100,0.07400,1.00000,0.00000
27.92400,0.06800,1.00000,0.00000
27.97600,0.06900,1.00000,0.00000
28.02600,0.07300,1.00000,0.00000
28.07800,0.07500,1.00000,0.00000
28.13300,0.06900,1.00000,0.00000
28.18300,0.06200,1.00000,0.00000
28.22500,0.06900,1.00000,0.00000
28.27300,0.07100,0.99936,0.00064
28.32600,0.06400,0.00000,1.00000
28.37300,0.05800,0.00000,1.00000
28.41500,0.06100,0.99647,0.00353
28.45800,0.06800,1.00000,0.00000
28.50700,0.07300,1.00000,0.00000
28.55800,0.07200,1.00000,0.00000
28.60700,0.08600,1.00000,0.00000
28.66500,0.07400,1.00000,0.00000
28.72300,0.05500,1.00000,0.00000
28.76300,0.06400,1.00000,0.00000
28.80700,0.06500,0.99888,0.00112
28.85700,0.05700,0.00000,1.00000
28.89800,0.05600,0.00000,1.00000
28.93900,0.05300,0.96289,0.03711
28.97600,0.05000,1.00000,0.00000
29.01300,0.05100,1.00000,0.00000
29.04900,0.05800,1.00000,0.00000
29.09000,0.06500,1.00000,0.00000
29.13700,0.07400,1.00000,0.00000
29.18600,0.07500,1.00000,0.00000
29.24100,0.08300,1.00000,0.00000
29.29800,0.08300,1.00000,0.00000
29.35800,0.08000,0.99760,0.00240
29.41600,0.08000,0.00000,1.00000
29.46900,0.08300,0.00000,1.00000
29.53100,0.06600,1.00000,0.00000
29.57700,0.08000,1.00000,0.00000
29.63300,0.08200,1.00000,0.00000
29.69000,0.08400,1.00000,0.00000
29.75000,0.06900,1.00000,0.00000
29.80300,0.06100,1.00000,0.00000
29.84500,0.06500,1.00000,0.00000
29.89300,0.06500,0.99999,0.00001
29.93700,0.06600,0.99827,0.00173
29.98600,0.07500,0.00000,1.00000
30.03600,0.08200,0.00000,1.00000
30.09800,0.06700,1.00000,0.00000
30.14900,0.06800,1.00000,0.00000
30.19900,0.06500,1.00000,0.00000
30.24400,0.06500,1.00000,0.00000
30.28900,0.06900,1.00000,0.00000
30.33800,0.07000,1.00000,0.00000
30.38900,0.06100,1.00000,0.00000
30.43400,0.06200,0.99932,0.00068
30.47800,0.06300,0.00000,1.00000
30.52200,0.06100,0.00000,1.00000
30.56500,0.06000,0.00000,1.00000
30.60700,0.07000,1.00000,0.00000
30.65600,0.08000,1.00000,0.00000
30.71300,0.06400,1.00000,0.00000
30.75900,0.06700,1.00000,0.00000
30.80400,0.07700,0.99997,0.00003
30.86000,0.06200,0.00000,1.00000
30.90400,0.07100,0.00000,1.00000
30.95300,0.06400,0.00296,0.99704
30.99900,0.06800,1.00000,0.00000
31.04800,0.05600,1.00000,0.00000
31.08900,0.05700,1.00000,0.00000
31.13000,0.05200,1.00000,0.00000
31.16700,0.05800,1.00000,0.00000
31.20800,0.05300,0.99839,0.00161
31.24700,0.05600,0.00000,1.00000
31.28700,0.06500,0.00000,1.00000
31.33400,0.06500,0.00000,1.00000
31.37900,0.07300,1.00000,0.00000
31.43200,0.08100,1.00000,0.00000
31.48800,0.08500,1.00000,0.00000
31.54800,0.07700,1.00000,0.00000
31.60500,0.07800,1.00000,0.00000
31.65700,0.08300,1.00000,0.00000
31.71600,0.08300,0.99999,0.00001
31.77400,0.08200,0.92131,0.07869
31.83200,0.06900,0.00000,1.00000
31.88400,0.06200,0.00000,1.00000
31.93000,0.06400,1.00000,0.00000
31.97500,0.06800,1.00000,0.00000
32.02200,0.07300,1.00000,0.00000
32.07600,0.07400,1.00000,0.00000
32.12700,0.07800,1.00000,0.00000
32.18500,0.08000,1.00000,0.00000
32.24300,0.07000,1.00000,0.00000
32.29400,0.06000,0.99999,0.00001
32.33600,0.06900,0.99840,0.00160
32.38300,0.07300,0.00000,1.00000
32.43800,0.06700,0.00000,1.00000
32.48700,0.06300,1.00000,0.00000
32.53200,0.06800,1.00000,0.00000
32.58200,0.06600,1.00000,0.00000
32.62800,0.06500,1.00000,0.00000
32.67200,0.06000,1.00000,0.00000
32.71300,0.06500,1.00000,0.00000
32.76000,0.06700,1.00000,0.00000
32.80800,0.07000,0.99999,0.00001
32.85800,0.07600,0.00000,1.00000
32.91300,0.06500,0.00000,1.00000
32.96200,0.06100,1.00000,0.00000
33.00300,0.07900,1.00000,0.00000
33.06400,0.05800,1.00000,0.00000
33.10700,0.05000,1.00000,0.00000
33.14300,0.06100,1.00000,0.00000
33.18300,0.06900,1.00000,0.00000
33.23600,0.05400,1.00000,0.00000
33.27600,0.05300,1.00000,0.00000
33.31400,0.05400,1.00000,0.00000
33.35300,0.05200,1.00000,0.00000
33.38800,0.05900,1.00000,0.00000
33.43100,0.05400,0.00000,1.00000
33.46900,0.06800,0.00000,1.00000
33.51300,0.08200,0.00000,1.00000
33.57200,0.07300,1.00000,0.00000
33.62600,0.07500,1.00000,0.00000
33.67900,0.07600,1.00000,0.00000
33.73200,0.08000,0.99936,0.00064
33.78900,0.07300,0.00000,1.00000
33.84200,0.07800,0.00000,1.00000
33.89700,0.07700,1.00000,0.00000
33.95500,0.06900,1.00000,0.00000
34.00300,0.07500,1.00000,0.00000
34.05500,0.08400,0.00001,0.99999
34.11300,0.08200,0.00000,1.00000
34.17200,0.08400,0.99999,0.00001
34.23000,0.08200,1.00000,0.00000
34.28700,0.07000,1.00000,0.00000
34.34100,0.06400,1.00000,0.00000
34.38200,0.08100,1.00000,0.00000
34.44000,0.07100,0.99959,0.00041
34.49100,0.06500,0.00000,1.00000
34.53800,0.07000,0.00000,1.00000
34.58800,0.07100,0.00000,1.00000
34.64000,0.06800,0.82847,0.17153
34.68900,0.07500,1.00000,0.00000
34.74200,0.07700,1.00000,0.00000
34.79800,0.07500,1.00000,0.00000
34.85100,0.07600,0.99999,0.00001
34.90800,0.07500,0.99770,0.00230
34.96100,0.06900,0.00000,1.00000
35.01100,0.06900,0.00000,1.00000
35.06100,0.07600,0.00000,1.00000
35.11200,0.08100,1.00000,0.00000
35.17000,0.06900,1.00000,0.00000
35.22300,0.06800,1.00000,0.00000
35.27100,0.06800,1.00000,0.00000
35.32200,0.05900,1.00000,0.00000
35.36500,0.06000,1.00000,0.00000
35.40600,0.05400,0.99957,0.00043
35.44700,0.05300,0.00000,1.00000
35.48500,0.05100,0.00000,1.00000
35.52100,0.05400,0.00000,1.00000
35.55700,0.06700,0.00000,1.00000
35.60100,0.08100,1.00000,0.00000
35.65700,0.07600,1.00000,0.00000
35.71000,0.06700,1.00000,0.00000
35.76100,0.07400,1.00000,0.00000
35.81200,0.07400,1.00000,0.00000
35.86600,0.07000,1.00000,0.00000
35.91800,0.07000,1.00000,0.00000
35.96600,0.06900,0.00002,0.99998
36.01800,0.06300,0.00000,1.00000
36.06100,0.07600,0.99981,0.00019
36.11200,0.08000,1.00000,0.00000
36.17000,0.07500,1.00000,0.00000
36.22600,0.07400,1.00000,0.00000
36.27700,0.07600,1.00000,0.00000
36.33500,0.06900,1.00000,0.00000
36.38200,0.08100,1.00000,0.00000
36.44100,0.07400,1.00000,0.00000
36.49500,0.07100,0.00000,1.00000
36.54700,0.06700,0.00000,1.00000
36.59500,0.07200,0.96735,0.03265
36.64700,0.07100,1.00000,0.00000
36.69600,0.08100,1.00000,0.00000
36.75400,0.07800,1.00000,0.00000
36.80900,0.07400,1.00000,0.00000
36.86300,0.07100,1.00000,0.00000
36.91400,0.07600,1.00000,0.00000
36.96700,0.07300,0.99815,0.00185
37.02000,0.06600,0.00000,1.00000
37.06800,0.06400,0.00000,1.00000
37.11200,0.08000,1.00000,0.00000
37.16900,0.07100,1.00000,0.00000
37.22100,0.06900,1.00000,0.00000
37.27100,0.06900,1.00000,0.00000
37.32200,0.07200,1.00000,0.00000
37.37200,0.07000,1.00000,0.00000
37.42200,0.07000,1.00000,0.00000
37.47300,0.07800,0.99794,0.00206
37.52200,0.06900,0.00000,1.00000
37.57400,0.05400,0.00000,1.00000
37.61300,0.05700,1.00000,0.00000
37.65200,0.05500,1.00000,0.00000
37.69100,0.05200,1.00000,0.00000
37.72900,0.05100,1.00000,0.00000
37.76600,0.05400,1.00000,0.00000
37.80300,0.07100,1.00000,0.00000
37.85300,0.06400,1.00000,0.00000
37.90000,0.06300,1.00000,0.00000
37.94400,0.07100,1.00000,0.00000
37.99200,0.07500,0.99961,0.00039
38.04700,0.06400,0.00000,1.00000
38.09400,0.06500,0.00000,1.00000
38.14000,0.06900,0.83507,0.16493
38.19000,0.07900,1.00000,0.00000
38.24300,0.08100,1.00000,0.00000
38.30300,0.07400,1.00000,0.00000
38.35700,0.06700,1.00000,0.00000
38.40800,0.06600,1.00000,0.00000
38.45200,0.07600,0.99928,0.00072
38.50600,0.07800,0.00000,1.00000
38.56000,0.08000,0.00000,1.00000
38.61800,0.07500,1.00000,0.00000
38.67100,0.08000,1.00000,0.00000
38.72900,0.07700,1.00000,0.00000
38.78200,0.07400,1.00000,0.00000
38.83900,0.06600,1.00000,0.00000
38.88200,0.07900,0.99899,0.00101
38.93800,0.07400,0.00000,1.00000
38.99000,0.07900,0.00000,1.00000
39.04500,0.07000,0.00000,1.00000
39.09500,0.07300,1.00000,0.00000
39.14500,0.07900,1.00000,0.00000
39.20000,0.07600,1.00000,0.00000
39.25800,0.07200,1.00000,0.00000
39.30700,0.07800,1.00000,0.00000
39.36200,0.07200,1.00000,0.00000
39.41500,0.06000,1.00000,0.00000
39.46000,0.05900,1.00000,0.00000
39.50100,0.07200,1.00000,0.00000
39.55000,0.07800,1.00000,0.00000
39.60700,0.07100,0.00000,1.00000
39.65800,0.06700,0.00000,1.00000
39.70800,0.06300,0.00000,1.00000
39.75200,0.05700,1.00000,0.00000
39.79400,0.05400,1.00000,0.00000
39.83300,0.05400,1.00000,0.00000
39.87100,0.05100,1.00000,0.00000
39.90800,0.05300,1.00000,0.00000
39.94400,0.05700,1.00000,0.00000
39.98600,0.06800,1.00000,0.00000
40.03400,0.06100,0.00001,0.99999
40.07900,0.06900,0.00000,1.00000
40.12700,0.07200,0.00000,1.00000
40.18100,0.06700,1.00000,0.00000
40.22700,0.07500,1.00000,0.00000
40.28200,0.07500,1.00000,0.00000
40.33600,0.07300,1.00000,0.00000
40.38700,0.06500,1.00000,0.00000
40.43700,0.06200,1.00000,0.00000
40.48000,0.07500,1.00000,0.00000
40.53300,0.07300,0.00001,0.99999
40.58700,0.06500,0.00000,1.00000
40.63200,0.07300,0.00000,1.00000
40.68600,0.07300,0.99999,0.00001
40.73600,0.07300,1.00000,0.00000
40.79300,0.06700,1.00000,0.00000
40.83800,0.07700,1.00000,0.00000
40.89300,0.07400,1.00000,0.00000
40.94700,0.07500,0.99973,0.00027
40.99800,0.07300,0.00000,1.00000
41.05200,0.07100,0.00002,0.99998
41.10400,0.06400,1.00000,0.00000
41.14800,0.07500,1.00000,0.00000
41.20000,0.07900,1.00000,0.00000
41.25600,0.07800,1.00000,0.00000
41.31200,0.07900,1.00000,0.00000
41.37100,0.07000,1.00000,0.00000
41.42300,0.05900,0.99679,0.00321
41.46300,0.06900,0.00000,1.00000
41.51200,0.07300,0.00000,1.00000
41.56600,0.07100,1.00000,0.00000
41.61500,0.07200,1.00000,0.00000
41.66500,0.07300,1.00000,0.00000
41.71700,0.07100,1.00000,0.00000
41.77100,0.06600,1.00000,0.00000
41.81500,0.07800,1.00000,0.00000
41.87100,0.07300,1.00000,0.00000
41.92900,0.05400,1.00000,0.00000
41.97000,0.05200,0.00000,1.00000
42.00700,0.05400,0.00000,1.00000
42.04500,0.05100,0.00000,1.00000
42.08300,0.05200,0.00000,1.00000
42.11900,0.05800,0.99994,0.00006
42.15900,0.07200,1.00000,0.00000
42.20900,0.07400,1.00000,0.00000
42.26200,0.06400,1.00000,0.00000
42.31000,0.06500,1.00000,0.00000
42.35200,0.07400,1.00000,0.00000
42.40300,0.07000,0.00008,0.99992
42.45500,0.07400,0.00000,1.00000
42.51200,0.06400,0.99997,0.00003
42.55500,0.07900,1.00000,0.00000
42.60700,0.07000,1.00000,0.00000
42.65900,0.06800,1.00000,0.00000
42.70800,0.06700,1.00000,0.00000
42.75800,0.07300,0.99998,0.00002
42.80600,0.08200,0.00000,1.00000
42.86200,0.07900,0.00000,1.00000
42.92100,0.06900,0.99999,0.00001
42.96800,0.07600,1.00000,0.00000
43.02200,0.07200,1.00000,0.00000
43.07300,0.07000,1.00000,0.00000
43.12600,0.06600,1.00000,0.00000
43.17400,0.07600,1.00000,0.00000
43.22700,0.07600,1.00000,0.00000
43.28500,0.06200,1.00000,0.00000
43.32700,0.07300,0.97022,0.02978
43.37900,0.07800,0.00000,1.00000
43.43500,0.07000,0.00000,1.00000
43.48700,0.06900,0.99997,0.00003
43.53400,0.07700,1.00000,0.00000
43.58900,0.07600,1.00000,0.00000
43.64200,0.08000,1.00000,0.00000
43.70100,0.07200,0.99971,0.00029
43.75300,0.07000,0.00000,1.00000
43.80200,0.06200,0.00000,1.00000
43.84600,0.07800,0.00000,1.00000
43.89900,0.08300,1.00000,0.00000
43.96000,0.08100,1.00000,0.00000
44.01600,0.08200,1.00000,0.00000
44.07500,0.06800,0.00388,0.99612
44.12600,0.05900,0.00000,1.00000
44.16900,0.05500,0.00000,1.00000
44.20900,0.05400,1.00000,0.00000
44.24900,0.05600,1.00000,0.00000
44.28800,0.05900,1.00000,0.00000
44.33000,0.06300,1.00000,0.00000
44.37000,0.06300,1.00000,0.00000
44.41600,0.06900,1.00000,0.00000
44.46200,0.07200,1.00000,0.00000
44.51300,0.08200,0.99976,0.00024
44.57000,0.07300,0.00001,0.99999
44.62300,0.05800,0.00000,1.00000
44.66700,0.05000,0.10210,0.89790
44.70100,0.06900,1.00000,0.00000
44.74700,0.08100,1.00000,0.00000
44.80700,0.07100,1.00000,0.00000
44.85500,0.07800,1.00000,0.00000
44.91100,0.06900,1.00000,0.00000
44.96100,0.07300,1.00000,0.00000
45.01200,0.07600,1.00000,0.00000
45.06700,0.07800,0.99880,0.00120
45.12300,0.06700,0.00000,1.00000
45.17400,0.06700,0.00000,1.00000
45.22000,0.07200,1.00000,0.00000
45.27100,0.07500,1.00000,0.00000
45.32700,0.06900,1.00000,0.00000
45.37800,0.07400,1.00000,0.00000
45.43000,0.07100,1.00000,0.00000
45.48000,0.06800,1.00000,0.00000
45.52900,0.05900,0.99912,0.00088
45.57300,0.06800,0.00000,1.00000
45.61800,0.07600,0.00000,1.00000
45.67300,0.07400,0.00216,0.99784
45.72600,0.07300,1.00000,0.00000
45.78100,0.06800,1.00000,0.00000
45.83000,0.07000,1.00000,0.00000
45.87900,0.07200,1.00000,0.00000
45.93100,0.07900,0.00182,0.99818
45.98500,0.08200,0.00000,1.00000
46.04300,0.08200,0.00000,1.00000
46.10200,0.07700,0.03643,0.96357
46.15600,0.06900,1.00000,0.00000
46.20700,0.06700,1.00000,0.00000
46.25600,0.06300,1.00000,0.00000
46.30300,0.05600,1.00000,0.00000
46.34500,0.05500,1.00000,0.00000
46.38500,0.05700,1.00000,0.00000
46.42400,0.05700,1.00000,0.00000
46.46500,0.05500,1.00000,0.00000
46.50500,0.05500,1.00000,0.00000
46.54400,0.06900,0.99960,0.00040
46.59000,0.08300,0.00000,1.00000
46.65000,0.07800,0.00000,1.00000
46.70400,0.08500,1.00000,0.00000
46.76600,0.07100,1.00000,0.00000
46.81800,0.06500,1.00000,0.00000
46.86400,0.07100,1.00000,0.00000
46.91800,0.06500,1.00000,0.00000
46.96200,0.07000,1.00000,0.00000
47.01500,0.05900,0.91950,0.08050
47.05700,0.05500,0.00000,1.00000
47.09500,0.06100,0.00000,1.00000
47.13700,0.06700,1.00000,0.00000
47.18600,0.06900,1.00000,0.00000
47.23700,0.06800,1.00000,0.00000
47.28200,0.07300,1.00000,0.00000
47.33500,0.07500,1.00000,0.00000
47.38900,0.07200,1.00000,0.00000
47.44100,0.07300,1.00000,0.00000
47.49200,0.06900,0.99441,0.00559
47.54100,0.07500,0.00000,1.00000
47.59300,0.07800,0.99816,0.00184
47.64900,0.07700,1.00000,0.00000
47.70400,0.08000,1.00000,0.00000
47.76200,0.07200,1.00000,0.00000
47.81200,0.06900,1.00000,0.00000
47.86400,0.06400,0.00000,1.00000
47.90700,0.07600,0.00000,1.00000
47.96200,0.07400,1.00000,0.00000
48.01400,0.06900,1.00000,0.00000
48.06500,0.06900,1.00000,0.00000
48.11100,0.07900,0.99839,0.00161
48.16800,0.06600,0.00000,1.00000
48.21500,0.07300,0.00000,1.00000
48.26800,0.06700,1.00000,0.00000
48.31700,0.06100,1.00000,0.00000
48.35800,0.07100,1.00000,0.00000
48.40900,0.07100,1.00000,0.00000
48.45900,0.07000,0.99938,0.00062
48.51200,0.05500,0.00000,1.00000
48.55200,0.05500,0.00000,1.00000
48.59100,0.05500,0.00000,1.00000
48.63100,0.05600,1.00000,0.00000
48.67000,0.07100,1.00000,0.00000
48.71900,0.08400,1.00000,0.00000
