Time (seconds), Duration (seconds),pred_unlabelled,pred_fall
0.02023,1.19386,1.00000,0.00000
0.22258,1.19386,1.00000,0.00000
0.42493,1.19386,1.00000,0.00000
0.62728,1.19386,1.00000,0.00000
0.82963,1.19386,1.00000,0.00000
1.03198,1.19386,1.00000,0.00000
1.23433,1.19386,1.00000,0.00000
1.43668,1.19386,1.00000,0.00000
1.63903,1.19386,1.00000,0.00000
1.84138,1.19386,1.00000,0.00000
2.04373,1.19386,1.00000,0.00000
2.24608,1.19386,1.00000,0.00000
2.44843,1.19386,1.00000,0.00000
2.65078,1.19386,1.00000,0.00000
2.85313,1.19386,1.00000,0.00000
3.05548,1.19386,1.00000,0.00000
3.25783,1.19386,1.00000,0.00000
3.46018,1.19386,1.00000,0.00000
3.66253,1.19386,1.00000,0.00000
3.86487,1.19386,1.00000,0.00000
4.06722,1.19386,1.00000,0.00000
4.26957,1.19386,1.00000,0.00000
4.47192,1.19386,1.00000,0.00000
4.67427,1.19386,1.00000,0.00000
4.87662,1.19386,1.00000,0.00000
5.07897,1.19386,1.00000,0.00000
5.28132,1.19386,1.00000,0.00000
5.48367,1.19386,1.00000,0.00000
5.68602,1.19386,1.00000,0.00000
5.88837,1.19386,1.00000,0.00000
6.09072,1.19386,1.00000,0.00000
6.29307,1.19386,1.00000,0.00000
6.49542,1.19386,1.00000,0.00000
6.69777,1.19386,1.00000,0.00000
6.90012,1.19386,1.00000,0.00000
7.10247,1.19386,1.00000,0.00000
7.30482,1.19386,1.00000,0.00000
7.50716,1.19386,1.00000,0.00000
7.70951,1.19386,1.00000,0.00000
7.91186,1.19386,1.00000,0.00000
8.11421,1.19386,1.00000,0.00000
8.31656,1.19386,1.00000,0.00000
8.51891,1.19386,1.00000,0.00000
8.72126,1.19386,1.00000,0.00000
8.92361,1.19386,1.00000,0.00000
9.12596,1.19386,1.00000,0.00000
9.32831,1.19386,1.00000,0.00000
9.53066,1.19386,1.00000,0.00000
9.73301,1.19386,1.00000,0.00000
9.93536,1.19386,1.00000,0.00000
10.13771,1.19386,1.00000,0.00000
10.34006,1.19386,1.00000,0.00000
10.54241,1.19386,1.00000,0.00000
10.74476,1.19386,1.00000,0.00000
10.94711,1.19386,1.00000,0.00000
11.14946,1.19386,1.00000,0.00000
11.35180,1.19386,1.00000,0.00000
11.55415,1.19386,1.00000,0.00000
11.75650,1.19386,1.00000,0.00000
11.95885,1.19386,1.00000,0.00000
12.16120,1.19386,1.00000,0.00000
12.36355,1.19386,1.00000,0.00000
12.56590,1.19386,0.99999,0.00001
12.76825,1.19386,0.99960,0.00040
12.97060,1.19386,0.95352,0.04648
13.17295,1.19386,0.03403,0.96597
13.37530,1.19386,0.40163,0.59837
13.57765,1.19386,0.99941,0.00059
13.78000,1.19386,1.00000,0.00000
13.98235,1.19386,1.00000,0.00000
14.18470,1.19386,1.00000,0.00000
14.38705,1.19386,1.00000,0.00000
14.58940,1.19386,1.00000,0.00000
14.79175,1.19386,1.00000,0.00000
14.99409,1.19386,1.00000,0.00000
15.19644,1.19386,1.00000,0.00000
15.39879,1.19386,1.00000,0.00000
15.60114,1.19386,1.00000,0.00000
15.80349,1.19386,1.00000,0.00000
16.00584,1.19386,1.00000,0.00000
16.20819,1.19386,1.00000,0.00000
16.41054,1.19386,1.00000,0.00000
16.61289,1.19386,1.00000,0.00000
16.81524,1.19386,1.00000,0.00000
17.01759,1.19386,1.00000,0.00000
17.21994,1.19386,1.00000,0.00000
17.42229,1.19386,1.00000,0.00000
17.62464,1.19386,1.00000,0.00000
17.82699,1.19386,1.00000,0.00000
18.02934,1.19386,0.99999,0.00001
18.23169,1.19386,1.00000,0.00000
18.43404,1.19386,1.00000,0.00000
18.63638,1.19386,1.00000,0.00000
18.83873,1.19386,1.00000,0.00000
19.04108,1.19386,1.00000,0.00000
19.24343,1.19386,1.00000,0.00000
19.44578,1.19386,0.99999,0.00001
19.64813,1.19386,0.99999,0.00001
19.85048,1.19386,0.99995,0.00005
20.05283,1.19386,0.99985,0.00015
20.25518,1.19386,0.99998,0.00002
20.45753,1.19386,0.99999,0.00001
20.65988,1.19386,1.00000,0.00000
20.86223,1.19386,1.00000,0.00000
21.06458,1.19386,1.00000,0.00000
21.26693,1.19386,1.00000,0.00000
21.46928,1.19386,1.00000,0.00000
21.67163,1.19386,1.00000,0.00000
21.87398,1.19386,1.00000,0.00000
22.07633,1.19386,1.00000,0.00000
22.27868,1.19386,1.00000,0.00000
22.48103,1.19386,1.00000,0.00000
22.68337,1.19386,1.00000,0.00000
22.88572,1.19386,1.00000,0.00000
23.08807,1.19386,1.00000,0.00000
23.29042,1.19386,1.00000,0.00000
23.49277,1.19386,1.00000,0.00000
23.69512,1.19386,1.00000,0.00000
23.89747,1.19386,0.99999,0.00001
24.09982,1.19386,0.99956,0.00044
24.30217,1.19386,0.99671,0.00329
24.50452,1.19386,0.24632,0.75368
24.70687,1.19386,0.06847,0.93153
24.90922,1.19386,0.78740,0.21260
25.11157,1.19386,0.99997,0.00003
25.31392,1.19386,1.00000,0.00000
25.51627,1.19386,1.00000,0.00000
25.71862,1.19386,1.00000,0.00000
25.92097,1.19386,1.00000,0.00000
26.12332,1.19386,1.00000,0.00000
26.32566,1.19386,1.00000,0.00000
26.52801,1.19386,0.99999,0.00001
26.73036,1.19386,0.99995,0.00005
26.93271,1.19386,0.99999,0.00001
27.13506,1.19386,0.99999,0.00001
27.33741,1.19386,1.00000,0.00000
27.53976,1.19386,1.00000,0.00000
27.74211,1.19386,1.00000,0.00000
27.94446,1.19386,0.99994,0.00006
28.14681,1.19386,0.99974,0.00026
28.34916,1.19386,0.99995,0.00005
28.55151,1.19386,0.99982,0.00018
28.75386,1.19386,0.99997,0.00003
28.95621,1.19386,0.99991,0.00009
29.15856,1.19386,0.99994,0.00006
29.36091,1.19386,0.99999,0.00001
29.56326,1.19386,1.00000,0.00000
29.76561,1.19386,1.00000,0.00000
29.96795,1.19386,1.00000,0.00000
30.17031,1.19386,1.00000,0.00000
30.37265,1.19386,1.00000,0.00000
30.57500,1.19386,1.00000,0.00000
30.77735,1.19386,1.00000,0.00000
30.97970,1.19386,1.00000,0.00000
31.18205,1.19386,1.00000,0.00000
31.38440,1.19386,1.00000,0.00000
31.58675,1.19386,1.00000,0.00000
31.78910,1.19386,1.00000,0.00000
31.99145,1.19386,1.00000,0.00000
32.19380,1.19386,1.00000,0.00000
32.39615,1.19386,1.00000,0.00000
32.59850,1.19386,1.00000,0.00000
32.80085,1.19386,1.00000,0.00000
33.00320,1.19386,1.00000,0.00000
33.20555,1.19386,1.00000,0.00000
33.40789,1.19386,1.00000,0.00000
33.61024,1.19386,0.99999,0.00001
33.81260,1.19386,0.99887,0.00113
34.01494,1.19386,0.89124,0.10876
34.21729,1.19386,0.29520,0.70480
34.41964,1.19386,0.22991,0.77009
34.62199,1.19386,0.98505,0.01495
34.82434,1.19386,0.99999,0.00001
35.02669,1.19386,1.00000,0.00000
35.22904,1.19386,0.99999,0.00001
35.43139,1.19386,1.00000,0.00000
35.63374,1.19386,1.00000,0.00000
35.83609,1.19386,1.00000,0.00000
36.03844,1.19386,1.00000,0.00000
36.24079,1.19386,1.00000,0.00000
36.44314,1.19386,1.00000,0.00000
36.64549,1.19386,1.00000,0.00000
36.84784,1.19386,1.00000,0.00000
37.05019,1.19386,1.00000,0.00000
37.25254,1.19386,1.00000,0.00000
37.45488,1.19386,1.00000,0.00000
37.65723,1.19386,1.00000,0.00000
37.85958,1.19386,1.00000,0.00000
38.06193,1.19386,1.00000,0.00000
38.26428,1.19386,1.00000,0.00000
38.46663,1.19386,1.00000,0.00000
38.66898,1.19386,1.00000,0.00000
38.87133,1.19386,1.00000,0.00000
39.07368,1.19386,0.99999,0.00001
39.27603,1.19386,0.99999,0.00001
39.47838,1.19386,0.99999,0.00001
39.68073,1.19386,1.00000,0.00000
39.88308,1.19386,1.00000,0.00000
40.08543,1.19386,1.00000,0.00000
40.28778,1.19386,1.00000,0.00000
40.49013,1.19386,1.00000,0.00000
40.69247,1.19386,1.00000,0.00000
40.89482,1.19386,0.99984,0.00016
41.09718,1.19386,0.99971,0.00029
41.29953,1.19386,0.99960,0.00040
41.50187,1.19386,0.99965,0.00035
41.70422,1.19386,1.00000,0.00000
41.90657,1.19386,1.00000,0.00000
42.10892,1.19386,1.00000,0.00000
42.31127,1.19386,1.00000,0.00000
42.51362,1.19386,1.00000,0.00000
42.71597,1.19386,1.00000,0.00000
42.91832,1.19386,1.00000,0.00000
43.12067,1.19386,1.00000,0.00000
43.32302,1.19386,1.00000,0.00000
43.52537,1.19386,1.00000,0.00000
43.72772,1.19386,1.00000,0.00000
43.93007,1.19386,1.00000,0.00000
44.13242,1.19386,0.99997,0.00003
44.33477,1.19386,0.99804,0.00196
44.53712,1.19386,0.84026,0.15974
44.73946,1.19386,0.11423,0.88577
44.94181,1.19386,0.12528,0.87472
45.14417,1.19386,0.97942,0.02058
45.34651,1.19386,0.99999,0.00001
45.54886,1.19386,1.00000,0.00000
45.75121,1.19386,0.99999,0.00001
45.95356,1.19386,1.00000,0.00000
46.15591,1.19386,1.00000,0.00000
46.35826,1.19386,1.00000,0.00000
46.56061,1.19386,1.00000,0.00000
46.76296,1.19386,1.00000,0.00000
46.96531,1.19386,1.00000,0.00000
47.16766,1.19386,1.00000,0.00000
47.37001,1.19386,1.00000,0.00000
47.57236,1.19386,1.00000,0.00000
47.77471,1.19386,1.00000,0.00000
47.97706,1.19386,1.00000,0.00000
48.17941,1.19386,1.00000,0.00000
48.38176,1.19386,1.00000,0.00000
48.58411,1.19386,1.00000,0.00000
48.78645,1.19386,0.99998,0.00002
48.98880,1.19386,0.99992,0.00008
49.19115,1.19386,0.99996,0.00004
49.39350,1.19386,0.99998,0.00002
49.59585,1.19386,1.00000,0.00000
49.79820,1.19386,1.00000,0.00000
50.00055,1.19386,1.00000,0.00000
50.20290,1.19386,1.00000,0.00000
50.40525,1.19386,1.00000,0.00000
50.60760,1.19386,1.00000,0.00000
50.80995,1.19386,0.99977,0.00023
51.01230,1.19386,0.99393,0.00607
51.21465,1.19386,0.99145,0.00855
51.41700,1.19386,0.99943,0.00057
51.61935,1.19386,1.00000,0.00000
51.82170,1.19386,1.00000,0.00000
52.02404,1.19386,1.00000,0.00000
52.22639,1.19386,1.00000,0.00000
52.42875,1.19386,1.00000,0.00000
52.63110,1.19386,1.00000,0.00000
52.83344,1.19386,1.00000,0.00000
53.03579,1.19386,1.00000,0.00000
53.23814,1.19386,1.00000,0.00000
53.44049,1.19386,1.00000,0.00000
53.64284,1.19386,1.00000,0.00000
53.84519,1.19386,1.00000,0.00000
54.04754,1.19386,1.00000,0.00000
54.24989,1.19386,0.99999,0.00001
54.45224,1.19386,1.00000,0.00000
54.65459,1.19386,1.00000,0.00000
54.85694,1.19386,1.00000,0.00000
55.05929,1.19386,1.00000,0.00000
55.26164,1.19386,1.00000,0.00000
55.46399,1.19386,1.00000,0.00000
55.66634,1.19386,1.00000,0.00000
55.86869,1.19386,1.00000,0.00000
56.07103,1.19386,1.00000,0.00000
56.27338,1.19386,1.00000,0.00000
56.47573,1.19386,1.00000,0.00000
56.67809,1.19386,1.00000,0.00000
56.88043,1.19386,1.00000,0.00000
57.08278,1.19386,1.00000,0.00000
57.28513,1.19386,1.00000,0.00000
57.48748,1.19386,1.00000,0.00000
57.68983,1.19386,1.00000,0.00000
57.89218,1.19386,1.00000,0.00000
58.09453,1.19386,1.00000,0.00000
58.29688,1.19386,1.00000,0.00000
58.49923,1.19386,1.00000,0.00000
58.70158,1.19386,1.00000,0.00000
58.90393,1.19386,1.00000,0.00000
59.10628,1.19386,1.00000,0.00000
59.30863,1.19386,0.99967,0.00033
59.51097,1.19386,0.60310,0.39690
59.71333,1.19386,0.32886,0.67114
59.91568,1.19386,0.99997,0.00003
60.11802,1.19386,1.00000,0.00000
60.32037,1.19386,1.00000,0.00000
60.52272,1.19386,1.00000,0.00000
60.72507,1.19386,0.99999,0.00001
60.92742,1.19386,1.00000,0.00000
61.12977,1.19386,1.00000,0.00000
61.33212,1.19386,1.00000,0.00000
61.53447,1.19386,1.00000,0.00000
61.73682,1.19386,1.00000,0.00000
61.93917,1.19386,1.00000,0.00000
62.14152,1.19386,1.00000,0.00000
62.34387,1.19386,1.00000,0.00000
62.54622,1.19386,1.00000,0.00000
62.74857,1.19386,1.00000,0.00000
62.95092,1.19386,1.00000,0.00000
63.15327,1.19386,1.00000,0.00000
63.35561,1.19386,1.00000,0.00000
63.55796,1.19386,1.00000,0.00000
63.76031,1.19386,1.00000,0.00000
63.96267,1.19386,1.00000,0.00000
64.16502,1.19386,1.00000,0.00000
64.36736,1.19386,1.00000,0.00000
64.56971,1.19386,1.00000,0.00000
64.77206,1.19386,1.00000,0.00000
64.97441,1.19386,1.00000,0.00000
65.17676,1.19386,0.99998,0.00002
65.37911,1.19386,0.99986,0.00014
65.58146,1.19386,0.99758,0.00242
65.78381,1.19386,0.99959,0.00041
65.98616,1.19386,0.99985,0.00015
66.18851,1.19386,0.99999,0.00001
66.39085,1.19386,1.00000,0.00000
66.59321,1.19386,1.00000,0.00000
66.79556,1.19386,1.00000,0.00000
66.99791,1.19386,0.99995,0.00005
67.20026,1.19386,0.99961,0.00039
67.40260,1.19386,0.99996,0.00004
67.60496,1.19386,0.99999,0.00001
67.80730,1.19386,1.00000,0.00000
68.00965,1.19386,1.00000,0.00000
68.21201,1.19386,1.00000,0.00000
68.41435,1.19386,1.00000,0.00000
68.61670,1.19386,1.00000,0.00000
68.81905,1.19386,1.00000,0.00000
69.02140,1.19386,1.00000,0.00000
69.22375,1.19386,1.00000,0.00000
69.42610,1.19386,1.00000,0.00000
69.62845,1.19386,1.00000,0.00000
69.83080,1.19386,1.00000,0.00000
70.03315,1.19386,1.00000,0.00000
70.23550,1.19386,1.00000,0.00000
70.43784,1.19386,1.00000,0.00000
70.64020,1.19386,1.00000,0.00000
70.84254,1.19386,1.00000,0.00000
71.04489,1.19386,1.00000,0.00000
71.24725,1.19386,1.00000,0.00000
71.44959,1.19386,1.00000,0.00000
71.65195,1.19386,1.00000,0.00000
71.85429,1.19386,1.00000,0.00000
72.05664,1.19386,1.00000,0.00000
72.25900,1.19386,0.99999,0.00001
72.46134,1.19386,0.99978,0.00022
72.66369,1.19386,0.82464,0.17536
72.86604,1.19386,0.04269,0.95731
73.06839,1.19386,0.04093,0.95907
73.27074,1.19386,0.98668,0.01332
73.47309,1.19386,1.00000,0.00000
73.67544,1.19386,0.99996,0.00004
73.87778,1.19386,0.99999,0.00001
74.08014,1.19386,0.99999,0.00001
74.28249,1.19386,1.00000,0.00000
74.48483,1.19386,1.00000,0.00000
74.68719,1.19386,1.00000,0.00000
74.88953,1.19386,1.00000,0.00000
75.09188,1.19386,1.00000,0.00000
75.29424,1.19386,1.00000,0.00000
75.49658,1.19386,1.00000,0.00000
75.69893,1.19386,1.00000,0.00000
75.90128,1.19386,1.00000,0.00000
76.10363,1.19386,1.00000,0.00000
76.30598,1.19386,0.99999,0.00001
76.50833,1.19386,0.99997,0.00003
76.71068,1.19386,0.99970,0.00030
76.91303,1.19386,0.99764,0.00236
77.11538,1.19386,0.99912,0.00088
77.31773,1.19386,0.99914,0.00086
77.52008,1.19386,0.99986,0.00014
77.72243,1.19386,0.99999,0.00001
77.92477,1.19386,0.99998,0.00002
78.12713,1.19386,0.99998,0.00001
78.32948,1.19386,0.99999,0.00001
78.53182,1.19386,0.99999,0.00001
78.73418,1.19386,0.99988,0.00012
78.93652,1.19386,0.99992,0.00008
79.13887,1.19386,0.99996,0.00004
79.34122,1.19386,1.00000,0.00000
79.54357,1.19386,1.00000,0.00000
79.74592,1.19386,1.00000,0.00000
79.94827,1.19386,1.00000,0.00000
80.15062,1.19386,1.00000,0.00000
80.35297,1.19386,0.99999,0.00001
80.55532,1.19386,0.99999,0.00001
80.75767,1.19386,1.00000,0.00000
80.96002,1.19386,1.00000,0.00000
81.16237,1.19386,1.00000,0.00000
81.36472,1.19386,1.00000,0.00000
81.56707,1.19386,1.00000,0.00000
81.76942,1.19386,1.00000,0.00000
81.97176,1.19386,1.00000,0.00000
82.17412,1.19386,1.00000,0.00000
82.37646,1.19386,1.00000,0.00000
82.57881,1.19386,1.00000,0.00000
82.78117,1.19386,1.00000,0.00000
82.98351,1.19386,1.00000,0.00000
83.18586,1.19386,1.00000,0.00000
83.38821,1.19386,1.00000,0.00000
83.59056,1.19386,1.00000,0.00000
83.79291,1.19386,1.00000,0.00000
83.99526,1.19386,1.00000,0.00000
84.19761,1.19386,0.99967,0.00034
84.39996,1.19386,0.96077,0.03923
84.60231,1.19386,0.33562,0.66438
84.80466,1.19386,0.04466,0.95534
85.00701,1.19386,0.94898,0.05102
85.20936,1.19386,0.99998,0.00002
85.41171,1.19386,1.00000,0.00000
85.61406,1.19386,0.99999,0.00001
85.81641,1.19386,0.99991,0.00009
86.01875,1.19386,0.99991,0.00009
86.22111,1.19386,1.00000,0.00000
86.42345,1.19386,1.00000,0.00000
86.62580,1.19386,1.00000,0.00000
86.82816,1.19386,1.00000,0.00000
87.03050,1.19386,1.00000,0.00000
87.23285,1.19386,1.00000,0.00000
87.43520,1.19386,1.00000,0.00000
87.63755,1.19386,1.00000,0.00000
87.83990,1.19386,1.00000,0.00000
88.04225,1.19386,1.00000,0.00000
88.24460,1.19386,1.00000,0.00000
88.44695,1.19386,1.00000,0.00000
88.64930,1.19386,1.00000,0.00000
88.85165,1.19386,1.00000,0.00000
89.05399,1.19386,0.99999,0.00001
89.25635,1.19386,0.99997,0.00003
89.45869,1.19386,0.99975,0.00025
89.66105,1.19386,0.99968,0.00032
89.86340,1.19386,0.99917,0.00083
90.06574,1.19386,0.99958,0.00042
90.26810,1.19386,0.99923,0.00077
90.47044,1.19386,0.99773,0.00227
90.67279,1.19386,0.99932,0.00068
90.87514,1.19386,0.99996,0.00004
91.07749,1.19386,1.00000,0.00000
91.27984,1.19386,1.00000,0.00000
91.48219,1.19386,1.00000,0.00000
91.68454,1.19386,1.00000,0.00000
91.88689,1.19386,1.00000,0.00000
92.08924,1.19386,1.00000,0.00000
92.29159,1.19386,1.00000,0.00000
92.49393,1.19386,1.00000,0.00000
92.69629,1.19386,1.00000,0.00000
92.89864,1.19386,1.00000,0.00000
93.10098,1.19386,1.00000,0.00000
93.30334,1.19386,1.00000,0.00000
93.50568,1.19386,1.00000,0.00000
93.70803,1.19386,1.00000,0.00000
93.91039,1.19386,1.00000,0.00000
94.11273,1.19386,1.00000,0.00000
94.31509,1.19386,0.99997,0.00003
94.51743,1.19386,0.99449,0.00551
94.71978,1.19386,0.61029,0.38971
94.92213,1.19386,0.04174,0.95826
95.12448,1.19386,0.63621,0.36379
95.32683,1.19386,1.00000,0.00000
95.52918,1.19386,0.99998,0.00002
95.73153,1.19386,0.99998,0.00002
95.93388,1.19386,0.99998,0.00002
96.13623,1.19386,0.99986,0.00014
96.33858,1.19386,0.99999,0.00001
96.54092,1.19386,1.00000,0.00000
96.74328,1.19386,1.00000,0.00000
96.94563,1.19386,1.00000,0.00000
97.14797,1.19386,1.00000,0.00000
97.35033,1.19386,1.00000,0.00000
97.55267,1.19386,1.00000,0.00000
97.75502,1.19386,1.00000,0.00000
97.95737,1.19386,1.00000,0.00000
98.15972,1.19386,1.00000,0.00000
98.36207,1.19386,1.00000,0.00000
98.56442,1.19386,1.00000,0.00000
98.76677,1.19386,1.00000,0.00000
98.96912,1.19386,1.00000,0.00000
99.17147,1.19386,1.00000,0.00000
99.37382,1.19386,1.00000,0.00000
99.57617,1.19386,1.00000,0.00000
99.77852,1.19386,1.00000,0.00000
99.98087,1.19386,1.00000,0.00000
100.18322,1.19386,1.00000,0.00000
100.38557,1.19386,1.00000,0.00000
100.58791,1.19386,1.00000,0.00000
100.79027,1.19386,0.99999,0.00001
100.99261,1.19386,0.99998,0.00002
101.19496,1.19386,0.99992,0.00008
101.39732,1.19386,0.99991,0.00009
101.59966,1.19386,0.99985,0.00015
101.80201,1.19386,0.99991,0.00009
102.00436,1.19386,0.99932,0.00068
102.20671,1.19386,0.99983,0.00017
102.40906,1.19386,0.99993,0.00007
102.61141,1.19386,0.99955,0.00045
102.81376,1.19386,0.99981,0.00019
103.01611,1.19386,0.99989,0.00011
103.21846,1.19386,0.99997,0.00003
103.42081,1.19386,1.00000,0.00000
103.62316,1.19386,1.00000,0.00000
103.82551,1.19386,1.00000,0.00000
104.02785,1.19386,1.00000,0.00000
104.23021,1.19386,1.00000,0.00000
104.43256,1.19386,1.00000,0.00000
104.63490,1.19386,1.00000,0.00000
104.83726,1.19386,1.00000,0.00000
105.03960,1.19386,1.00000,0.00000
105.24195,1.19386,1.00000,0.00000
105.44431,1.19386,1.00000,0.00000
105.64665,1.19386,1.00000,0.00000
105.84900,1.19386,1.00000,0.00000
106.05135,1.19386,1.00000,0.00000
106.25370,1.19386,1.00000,0.00000
106.45605,1.19386,1.00000,0.00000
106.65840,1.19386,1.00000,0.00000
106.86075,1.19386,1.00000,0.00000
107.06310,1.19386,1.00000,0.00000
107.26545,1.19386,1.00000,0.00000
107.46780,1.19386,1.00000,0.00000
107.67015,1.19386,1.00000,0.00000
107.87250,1.19386,1.00000,0.00000
108.07484,1.19386,0.99999,0.00001
108.27720,1.19386,1.00000,0.00000
108.47955,1.19386,1.00000,0.00000
108.68189,1.19386,1.00000,0.00000
108.88425,1.19386,1.00000,0.00000
109.08659,1.19386,1.00000,0.00000
109.28894,1.19386,1.00000,0.00000
109.49129,1.19386,1.00000,0.00000
109.69364,1.19386,1.00000,0.00000
109.89599,1.19386,1.00000,0.00000
110.09834,1.19386,1.00000,0.00000
110.30069,1.19386,1.00000,0.00000
110.50304,1.19386,1.00000,0.00000
110.70539,1.19386,1.00000,0.00000
110.90774,1.19386,1.00000,0.00000
111.11008,1.19386,1.00000,0.00000
111.31244,1.19386,1.00000,0.00000
111.51479,1.19386,1.00000,0.00000
111.71713,1.19386,1.00000,0.00000
111.91949,1.19386,1.00000,0.00000
112.12183,1.19386,1.00000,0.00000
112.32419,1.19386,1.00000,0.00000
112.52654,1.19386,1.00000,0.00000
112.72888,1.19386,1.00000,0.00000
112.93124,1.19386,1.00000,0.00000
113.13358,1.19386,1.00000,0.00000
113.33593,1.19386,1.00000,0.00000
113.53828,1.19386,1.00000,0.00000
113.74063,1.19386,1.00000,0.00000
113.94298,1.19386,1.00000,0.00000
114.14533,1.19386,1.00000,0.00000
114.34768,1.19386,1.00000,0.00000
114.55003,1.19386,1.00000,0.00000
114.75238,1.19386,1.00000,0.00000
114.95473,1.19386,1.00000,0.00000
115.15707,1.19386,1.00000,0.00000
115.35943,1.19386,1.00000,0.00000
115.56178,1.19386,1.00000,0.00000
115.76412,1.19386,1.00000,0.00000
115.96648,1.19386,1.00000,0.00000
116.16882,1.19386,1.00000,0.00000
116.37117,1.19386,1.00000,0.00000
116.57352,1.19386,1.00000,0.00000
116.77587,1.19386,1.00000,0.00000
116.97823,1.19386,1.00000,0.00000
117.18057,1.19386,1.00000,0.00000
117.38292,1.19386,1.00000,0.00000
117.58527,1.19386,1.00000,0.00000
117.78762,1.19386,1.00000,0.00000
117.98997,1.19386,1.00000,0.00000
118.19232,1.19386,1.00000,0.00000
118.39467,1.19386,1.00000,0.00000
118.59702,1.19386,1.00000,0.00000
118.79937,1.19386,1.00000,0.00000
119.00172,1.19386,1.00000,0.00000
119.20406,1.19386,1.00000,0.00000
119.40642,1.19386,1.00000,0.00000
119.60876,1.19386,1.00000,0.00000
119.81111,1.19386,1.00000,0.00000
120.01347,1.19386,1.00000,0.00000
120.21581,1.19386,1.00000,0.00000
120.41816,1.19386,1.00000,0.00000
120.62051,1.19386,1.00000,0.00000
120.82286,1.19386,1.00000,0.00000
121.02522,1.19386,1.00000,0.00000
121.22756,1.19386,1.00000,0.00000
121.42991,1.19386,0.99999,0.00001
121.63226,1.19386,1.00000,0.00000
121.83461,1.19386,1.00000,0.00000
122.03696,1.19386,1.00000,0.00000
122.23931,1.19386,1.00000,0.00000
122.44166,1.19386,1.00000,0.00000
122.64400,1.19386,0.99999,0.00001
122.84636,1.19386,1.00000,0.00000
123.04871,1.19386,1.00000,0.00000
123.25105,1.19386,1.00000,0.00000
123.45341,1.19386,1.00000,0.00000
123.65575,1.19386,1.00000,0.00000
123.85810,1.19386,1.00000,0.00000
124.06046,1.19386,0.99999,0.00001
124.26280,1.19386,0.99672,0.00328
124.46515,1.19386,0.98592,0.01408
124.66750,1.19386,0.03323,0.96677
124.86985,1.19386,0.83963,0.16037
125.07220,1.19386,0.99989,0.00011
125.27455,1.19386,1.00000,0.00000
125.47690,1.19386,1.00000,0.00000
125.67925,1.19386,1.00000,0.00000
125.88160,1.19386,1.00000,0.00000
126.08395,1.19386,1.00000,0.00000
126.28630,1.19386,1.00000,0.00000
126.48865,1.19386,1.00000,0.00000
126.69099,1.19386,1.00000,0.00000
126.89335,1.19386,1.00000,0.00000
127.09570,1.19386,1.00000,0.00000
127.29804,1.19387,1.00000,0.00000
127.50040,1.19386,1.00000,0.00000
127.70274,1.19386,1.00000,0.00000
127.90509,1.19386,1.00000,0.00000
128.10744,1.19386,1.00000,0.00000
128.30980,1.19385,1.00000,0.00000
128.51215,1.19386,1.00000,0.00000
128.71449,1.19386,1.00000,0.00000
128.91684,1.19386,1.00000,0.00000
129.11919,1.19386,1.00000,0.00000
129.32153,1.19386,1.00000,0.00000
129.52390,1.19385,1.00000,0.00000
129.72624,1.19386,1.00000,0.00000
129.92859,1.19386,0.99999,0.00001
130.13094,1.19386,0.99998,0.00002
130.33328,1.19386,0.99999,0.00001
130.53563,1.19386,0.99999,0.00001
130.73799,1.19386,0.99991,0.00009
130.94034,1.19386,0.99964,0.00036
131.14268,1.19386,0.99983,0.00017
131.34503,1.19386,0.99716,0.00284
131.54738,1.19386,0.99949,0.00051
131.74973,1.19386,1.00000,0.00000
131.95209,1.19386,1.00000,0.00000
132.15443,1.19386,1.00000,0.00000
132.35678,1.19386,1.00000,0.00000
132.55913,1.19386,1.00000,0.00000
132.76147,1.19386,1.00000,0.00000
132.96384,1.19385,1.00000,0.00000
133.16618,1.19386,1.00000,0.00000
133.36853,1.19386,1.00000,0.00000
133.57088,1.19386,1.00000,0.00000
133.77322,1.19386,1.00000,0.00000
133.97557,1.19386,1.00000,0.00000
134.17793,1.19385,1.00000,0.00000
134.38028,1.19386,1.00000,0.00000
134.58263,1.19386,1.00000,0.00000
134.78497,1.19386,1.00000,0.00000
134.98732,1.19386,1.00000,0.00000
135.18967,1.19386,1.00000,0.00000
135.39203,1.19386,1.00000,0.00000
135.59438,1.19386,1.00000,0.00000
135.79672,1.19386,1.00000,0.00000
135.99907,1.19386,1.00000,0.00000
136.20142,1.19386,1.00000,0.00000
136.40376,1.19386,1.00000,0.00000
136.60612,1.19386,1.00000,0.00000
136.80847,1.19386,1.00000,0.00000
137.01082,1.19386,1.00000,0.00000
137.21317,1.19386,1.00000,0.00000
137.41551,1.19386,1.00000,0.00000
137.61787,1.19385,1.00000,0.00000
137.82022,1.19386,1.00000,0.00000
138.02257,1.19386,1.00000,0.00000
138.22491,1.19386,1.00000,0.00000
138.42726,1.19386,1.00000,0.00000
138.62961,1.19386,1.00000,0.00000
138.83197,1.19386,0.99999,0.00001
139.03432,1.19386,1.00000,0.00000
139.23666,1.19386,1.00000,0.00000
139.43901,1.19386,1.00000,0.00000
139.64136,1.19386,1.00000,0.00000
139.84370,1.19386,1.00000,0.00000
140.04607,1.19386,1.00000,0.00000
140.24841,1.19386,1.00000,0.00000
140.45076,1.19386,1.00000,0.00000
140.65311,1.19386,1.00000,0.00000
140.85545,1.19386,1.00000,0.00000
141.05780,1.19386,0.99982,0.00018
141.26016,1.19386,0.99461,0.00539
141.46251,1.19386,0.87726,0.12274
141.66486,1.19386,0.28907,0.71093
141.86720,1.19386,0.99794,0.00206
142.06955,1.19386,0.99995,0.00005
142.27191,1.19385,1.00000,0.00000
142.47426,1.19386,1.00000,0.00000
142.67661,1.19386,1.00000,0.00000
142.87895,1.19386,1.00000,0.00000
143.08130,1.19386,1.00000,0.00000
143.28365,1.19386,1.00000,0.00000
143.48601,1.19386,1.00000,0.00000
143.68835,1.19386,1.00000,0.00000
143.89070,1.19386,1.00000,0.00000
144.09305,1.19386,1.00000,0.00000
144.29539,1.19386,1.00000,0.00000
144.49774,1.19386,1.00000,0.00000
144.70010,1.19386,1.00000,0.00000
144.90245,1.19386,1.00000,0.00000
145.10480,1.19386,1.00000,0.00000
145.30714,1.19386,0.99998,0.00002
145.50949,1.19386,0.99897,0.00103
145.71184,1.19386,0.98835,0.01165
145.91420,1.19386,0.99726,0.00274
146.11655,1.19386,0.99999,0.00001
146.31889,1.19386,1.00000,0.00000
146.52124,1.19386,0.99997,0.00003
146.72359,1.19386,0.99998,0.00002
146.92595,1.19385,0.99996,0.00004
147.12830,1.19386,0.99997,0.00003
147.33064,1.19386,1.00000,0.00000
147.53299,1.19386,1.00000,0.00000
147.73534,1.19386,1.00000,0.00000
147.93768,1.19386,1.00000,0.00000
148.14005,1.19386,1.00000,0.00000
148.34239,1.19386,1.00000,0.00000
148.54474,1.19386,1.00000,0.00000
148.74709,1.19386,1.00000,0.00000
148.94943,1.19386,1.00000,0.00000
149.15178,1.19386,1.00000,0.00000
149.35414,1.19386,1.00000,0.00000
149.55649,1.19386,1.00000,0.00000
149.75883,1.19386,1.00000,0.00000
149.96118,1.19386,1.00000,0.00000
150.16353,1.19386,1.00000,0.00000
150.36589,1.19385,1.00000,0.00000
150.56824,1.19386,1.00000,0.00000
150.77058,1.19386,1.00000,0.00000
150.97293,1.19386,1.00000,0.00000
151.17528,1.19386,1.00000,0.00000
151.37762,1.19386,1.00000,0.00000
151.57999,1.19385,1.00000,0.00000
151.78233,1.19386,1.00000,0.00000
151.98468,1.19386,1.00000,0.00000
152.18703,1.19386,1.00000,0.00000
152.38937,1.19386,0.99994,0.00006
152.59172,1.19386,0.99980,0.00020
152.79408,1.19386,0.99839,0.00161
152.99643,1.19386,0.99956,0.00044
153.19878,1.19386,0.99979,0.00021
153.40112,1.19386,0.99937,0.00063
153.60347,1.19386,0.99992,0.00008
153.80582,1.19386,0.99950,0.00050
154.00818,1.19386,0.99658,0.00342
154.21053,1.19386,0.98657,0.01343
154.41287,1.19386,0.66294,0.33706
154.61522,1.19386,0.14463,0.85537
154.81757,1.19386,0.99968,0.00032
155.01993,1.19385,1.00000,0.00000
155.22227,1.19386,1.00000,0.00000
155.42462,1.19386,1.00000,0.00000
155.62697,1.19386,1.00000,0.00000
155.82932,1.19386,1.00000,0.00000
156.03166,1.19386,1.00000,0.00000
156.23402,1.19385,1.00000,0.00000
156.43637,1.19386,1.00000,0.00000
156.63872,1.19386,1.00000,0.00000
156.84106,1.19386,1.00000,0.00000
157.04341,1.19386,1.00000,0.00000
157.24576,1.19386,1.00000,0.00000
157.44812,1.19386,0.99999,0.00001
157.65047,1.19386,0.99999,0.00001
157.85281,1.19386,0.99998,0.00002
158.05516,1.19386,1.00000,0.00000
158.25751,1.19386,1.00000,0.00000
158.45985,1.19386,1.00000,0.00000
158.66222,1.19386,0.99996,0.00004
158.86456,1.19386,0.99997,0.00003
159.06691,1.19386,0.99959,0.00041
159.26926,1.19386,0.99962,0.00038
159.47160,1.19386,0.99994,0.00006
159.67397,1.19385,0.97805,0.02195
159.87631,1.19386,0.99985,0.00015
160.07866,1.19386,1.00000,0.00000
160.28101,1.19386,1.00000,0.00000
160.48335,1.19386,1.00000,0.00000
160.68570,1.19386,1.00000,0.00000
160.88806,1.19385,1.00000,0.00000
161.09041,1.19386,1.00000,0.00000
161.29276,1.19386,1.00000,0.00000
161.49510,1.19386,1.00000,0.00000
161.69745,1.19386,1.00000,0.00000
161.89980,1.19386,1.00000,0.00000
162.10216,1.19386,1.00000,0.00000
162.30450,1.19386,1.00000,0.00000
162.50685,1.19386,1.00000,0.00000
162.70920,1.19386,1.00000,0.00000
162.91154,1.19386,1.00000,0.00000
163.11389,1.19386,1.00000,0.00000
163.31625,1.19386,1.00000,0.00000
163.51860,1.19386,1.00000,0.00000
163.72095,1.19386,1.00000,0.00000
163.92329,1.19386,1.00000,0.00000
164.12564,1.19386,1.00000,0.00000
164.32800,1.19385,1.00000,0.00000
164.53035,1.19386,1.00000,0.00000
164.73270,1.19386,0.99997,0.00003
164.93504,1.19386,0.99844,0.00156
165.13739,1.19386,0.99672,0.00328
165.33974,1.19386,0.99321,0.00679
165.54210,1.19385,0.99993,0.00007
165.74445,1.19386,0.99954,0.00046
165.94679,1.19386,0.99987,0.00013
166.14914,1.19386,0.99991,0.00009
166.35149,1.19386,0.99515,0.00485
166.55383,1.19386,0.99661,0.00339
166.75620,1.19386,0.40788,0.59212
166.95854,1.19386,0.09581,0.90419
167.16089,1.19386,0.99756,0.00244
167.36324,1.19386,1.00000,0.00000
167.56558,1.19386,1.00000,0.00000
167.76793,1.19386,1.00000,0.00000
167.97029,1.19386,1.00000,0.00000
168.17264,1.19386,1.00000,0.00000
168.37498,1.19386,1.00000,0.00000
168.57733,1.19386,1.00000,0.00000
168.77968,1.19386,1.00000,0.00000
168.98204,1.19385,1.00000,0.00000
169.18439,1.19386,1.00000,0.00000
169.38673,1.19386,1.00000,0.00000
169.58908,1.19386,1.00000,0.00000
169.79143,1.19386,1.00000,0.00000
169.99377,1.19386,1.00000,0.00000
170.19614,1.19385,1.00000,0.00000
170.39848,1.19386,1.00000,0.00000
170.60083,1.19386,1.00000,0.00000
170.80318,1.19386,1.00000,0.00000
171.00552,1.19386,1.00000,0.00000
171.20787,1.19386,1.00000,0.00000
171.41023,1.19386,1.00000,0.00000
171.61258,1.19386,1.00000,0.00000
171.81493,1.19386,1.00000,0.00000
172.01727,1.19386,0.99997,0.00003
172.21962,1.19386,0.99993,0.00007
172.42197,1.19386,0.99992,0.00008
172.62433,1.19386,1.00000,0.00000
172.82668,1.19386,1.00000,0.00000
173.02902,1.19386,1.00000,0.00000
173.23137,1.19386,1.00000,0.00000
173.43372,1.19386,1.00000,0.00000
173.63608,1.19385,1.00000,0.00000
173.83842,1.19386,0.99998,0.00002
174.04077,1.19386,0.99999,0.00001
174.24312,1.19386,0.99993,0.00007
174.44547,1.19386,0.99999,0.00001
174.64781,1.19386,1.00000,0.00000
174.85017,1.19386,1.00000,0.00000
175.05252,1.19386,1.00000,0.00000
175.25487,1.19386,1.00000,0.00000
175.45721,1.19386,1.00000,0.00000
175.65956,1.19386,1.00000,0.00000
175.86191,1.19386,1.00000,0.00000
176.06427,1.19386,0.99999,0.00000
176.26662,1.19386,1.00000,0.00000
176.46896,1.19386,1.00000,0.00000
176.67131,1.19386,1.00000,0.00000
176.87366,1.19386,1.00000,0.00000
177.07600,1.19386,1.00000,0.00000
177.27837,1.19386,1.00000,0.00000
177.48071,1.19386,1.00000,0.00000
177.68306,1.19386,1.00000,0.00000
177.88541,1.19386,1.00000,0.00000
178.08775,1.19386,0.99999,0.00001
178.29012,1.19385,1.00000,0.00000
178.49246,1.19386,1.00000,0.00000
178.69481,1.19386,1.00000,0.00000
178.89716,1.19386,1.00000,0.00000
179.09950,1.19386,1.00000,0.00000
179.30185,1.19386,1.00000,0.00000
179.50421,1.19386,1.00000,0.00000
179.70656,1.19386,1.00000,0.00000
179.90891,1.19386,1.00000,0.00000
180.11125,1.19386,1.00000,0.00000
180.31360,1.19386,1.00000,0.00000
180.51595,1.19386,1.00000,0.00000
180.71831,1.19386,1.00000,0.00000
180.92065,1.19386,1.00000,0.00000
181.12300,1.19386,1.00000,0.00000
181.32535,1.19386,1.00000,0.00000
181.52769,1.19386,1.00000,0.00000
181.73004,1.19386,1.00000,0.00000
181.93240,1.19386,0.99999,0.00001
182.13475,1.19386,0.99951,0.00049
182.33710,1.19386,0.99049,0.00951
182.53944,1.19386,0.20462,0.79538
182.74179,1.19386,0.02043,0.97957
182.94415,1.19385,0.96314,0.03686
183.14650,1.19386,0.99991,0.00009
183.34885,1.19386,1.00000,0.00000
183.55119,1.19386,1.00000,0.00000
183.75354,1.19386,1.00000,0.00000
183.95589,1.19386,1.00000,0.00000
184.15825,1.19386,1.00000,0.00000
184.36060,1.19386,1.00000,0.00000
184.56294,1.19386,1.00000,0.00000
184.76529,1.19386,1.00000,0.00000
184.96764,1.19386,1.00000,0.00000
185.16998,1.19386,1.00000,0.00000
185.37234,1.19386,1.00000,0.00000
185.57469,1.19386,1.00000,0.00000
185.77704,1.19386,1.00000,0.00000
185.97939,1.19386,1.00000,0.00000
186.18173,1.19386,1.00000,0.00000
186.38409,1.19385,1.00000,0.00000
186.58644,1.19386,1.00000,0.00000
186.78879,1.19386,1.00000,0.00000
186.99113,1.19386,1.00000,0.00000
187.19348,1.19386,0.99995,0.00005
187.39583,1.19386,0.99908,0.00092
187.59819,1.19385,0.78057,0.21943
187.80054,1.19386,0.69705,0.30295
188.00288,1.19386,0.99075,0.00925
188.20523,1.19386,0.99841,0.00159
188.40758,1.19386,0.99997,0.00003
188.60992,1.19386,0.99992,0.00008
188.81229,1.19386,0.99991,0.00009
189.01463,1.19386,0.99999,0.00001
189.21698,1.19386,1.00000,0.00000
189.41933,1.19386,1.00000,0.00000
189.62167,1.19386,1.00000,0.00000
189.82402,1.19386,1.00000,0.00000
190.02638,1.19386,1.00000,0.00000
190.22873,1.19386,1.00000,0.00000
190.43108,1.19386,1.00000,0.00000
190.63342,1.19386,1.00000,0.00000
190.83577,1.19386,1.00000,0.00000
191.03813,1.19385,1.00000,0.00000
191.24048,1.19386,1.00000,0.00000
191.44283,1.19386,1.00000,0.00000
191.64517,1.19386,1.00000,0.00000
191.84752,1.19386,1.00000,0.00000
192.04987,1.19386,1.00000,0.00000
192.25223,1.19385,1.00000,0.00000
192.45457,1.19386,1.00000,0.00000
192.65692,1.19386,1.00000,0.00000
192.85927,1.19386,1.00000,0.00000
193.06161,1.19386,1.00000,0.00000
193.26396,1.19386,1.00000,0.00000
193.46632,1.19386,1.00000,0.00000
193.66867,1.19386,0.99996,0.00004
193.87102,1.19386,0.99860,0.00140
194.07336,1.19386,0.96176,0.03824
194.27571,1.19386,0.55880,0.44120
194.47806,1.19386,0.39484,0.60516
194.68042,1.19386,0.97760,0.02240
194.88277,1.19386,1.00000,0.00000
195.08511,1.19386,1.00000,0.00000
195.28746,1.19386,1.00000,0.00000
195.48981,1.19386,1.00000,0.00000
195.69217,1.19385,1.00000,0.00000
195.89452,1.19386,1.00000,0.00000
196.09686,1.19386,1.00000,0.00000
196.29921,1.19386,1.00000,0.00000
196.50156,1.19386,1.00000,0.00000
196.70390,1.19386,1.00000,0.00000
196.90627,1.19385,1.00000,0.00000
197.10861,1.19386,1.00000,0.00000
197.31096,1.19386,1.00000,0.00000
197.51331,1.19386,1.00000,0.00000
197.71565,1.19386,1.00000,0.00000
197.91800,1.19386,0.99999,0.00001
198.12036,1.19386,0.99996,0.00004
198.32271,1.19386,0.99921,0.00079
198.52505,1.19386,0.96822,0.03178
198.72740,1.19386,0.93860,0.06140
198.92975,1.19386,0.84819,0.15181
199.13210,1.19386,0.99589,0.00411
199.33446,1.19386,0.99998,0.00002
199.53680,1.19386,1.00000,0.00000
199.73915,1.19386,1.00000,0.00000
199.94150,1.19386,1.00000,0.00000
200.14384,1.19386,1.00000,0.00000
200.34621,1.19385,1.00000,0.00000
200.54855,1.19386,1.00000,0.00000
200.75090,1.19386,1.00000,0.00000
200.95325,1.19386,1.00000,0.00000
201.15559,1.19386,1.00000,0.00000
201.35794,1.19386,1.00000,0.00000
201.56030,1.19385,1.00000,0.00000
201.76265,1.19386,1.00000,0.00000
201.96500,1.19386,1.00000,0.00000
