Time (seconds), Duration (seconds),pred_unlabelled,pred_baby_cry,pred_cough,pred_water_tap
0.00000,0.67194,0.96278,0.00000,0.03722,0.00000
0.05000,0.67194,0.96278,0.00000,0.03722,0.00000
0.10000,0.67194,0.96278,0.00000,0.03722,0.00000
0.15000,0.67194,0.96278,0.00000,0.03722,0.00000
0.20000,0.67194,0.96278,0.00000,0.03722,0.00000
0.25000,0.67194,0.96278,0.00000,0.03722,0.00000
0.30000,0.67194,0.96278,0.00000,0.03722,0.00000
0.35000,0.67194,0.96278,0.00000,0.03722,0.00000
0.40000,0.67194,0.96278,0.00000,0.03722,0.00000
0.45000,0.67194,0.96278,0.00000,0.03722,0.00000
0.50000,0.67194,0.96278,0.00000,0.03722,0.00000
0.55000,0.67194,0.96278,0.00000,0.03722,0.00000
0.60000,0.67194,0.96278,0.00000,0.03722,0.00000
0.65000,0.67194,0.96278,0.00000,0.03722,0.00000
0.70000,0.67194,0.96278,0.00000,0.03722,0.00000
0.75000,0.67194,0.96278,0.00000,0.03722,0.00000
0.80000,0.67194,0.96278,0.00000,0.03722,0.00000
0.85000,0.67194,0.96278,0.00000,0.03722,0.00000
0.90000,0.67194,0.94392,0.00000,0.05608,0.00000
0.95000,0.67194,0.89653,0.00000,0.10347,0.00000
1.00000,0.67194,0.91926,0.00000,0.08074,0.00000
1.05000,0.67194,0.89902,0.00000,0.10098,0.00000
1.10000,0.67194,0.85500,0.00000,0.14500,0.00000
1.15000,0.67194,0.96893,0.00000,0.03107,0.00000
1.20000,0.67194,0.81374,0.00000,0.18626,0.00000
1.25000,0.67194,0.97510,0.00000,0.02490,0.00000
1.30000,0.67194,0.85597,0.00000,0.14403,0.00000
1.35000,0.67194,0.98907,0.00000,0.01093,0.00000
1.40000,0.67194,0.97708,0.00000,0.02292,0.00000
1.45000,0.67194,0.99928,0.00000,0.00072,0.00000
1.50000,0.67194,0.55981,0.00000,0.44019,0.00000
1.55000,0.67194,0.92277,0.00000,0.07723,0.00000
1.60000,0.67194,0.87306,0.00000,0.12694,0.00000
1.65000,0.67194,0.96718,0.00000,0.03282,0.00000
1.70000,0.67194,0.72893,0.00000,0.27107,0.00000
1.75000,0.67194,0.86061,0.00000,0.13939,0.00000
1.80000,0.67194,0.42292,0.00000,0.57708,0.00000
1.85000,0.67194,0.43378,0.00000,0.56622,0.00000
1.90000,0.67194,0.14243,0.00000,0.85757,0.00000
1.95000,0.67194,0.24972,0.00000,0.75028,0.00000
2.00000,0.67194,0.09301,0.00000,0.90699,0.00000
2.05000,0.67194,0.12311,0.00000,0.87689,0.00000
2.10000,0.67194,0.09680,0.00000,0.90320,0.00000
2.15000,0.67194,0.05207,0.00000,0.94793,0.00000
2.20000,0.67194,0.05104,0.00000,0.94896,0.00000
2.25000,0.67194,0.06291,0.00000,0.93709,0.00000
2.30000,0.67194,0.05053,0.00000,0.94947,0.00000
2.35000,0.67194,0.16380,0.00000,0.83620,0.00000
2.40000,0.67194,0.64417,0.00001,0.35582,0.00000
2.45000,0.67194,0.85107,0.00000,0.14893,0.00000
2.50000,0.67194,0.76654,0.00000,0.23346,0.00000
2.55000,0.67194,0.88460,0.00011,0.11529,0.00000
2.60000,0.67194,0.84547,0.00042,0.15411,0.00000
2.65000,0.67194,0.97434,0.00091,0.02475,0.00000
2.70000,0.67194,0.96024,0.01419,0.02556,0.00000
2.75000,0.67194,0.94868,0.01210,0.03921,0.00000
2.80000,0.67194,0.97966,0.00590,0.01444,0.00000
2.85000,0.67194,0.99879,0.00073,0.00048,0.00000
2.90000,0.67194,0.99885,0.00093,0.00022,0.00000
2.95000,0.67194,0.99906,0.00045,0.00049,0.00000
3.00000,0.67194,0.99771,0.00096,0.00133,0.00000
3.05000,0.67194,0.99814,0.00055,0.00131,0.00000
3.10000,0.67194,0.99519,0.00050,0.00431,0.00000
3.15000,0.67194,0.87938,0.00015,0.12047,0.00000
3.20000,0.67194,0.91892,0.00001,0.08107,0.00000
3.25000,0.67194,0.94104,0.00000,0.05896,0.00000
3.30000,0.67194,0.74997,0.00001,0.25003,0.00000
3.35000,0.67194,0.44245,0.00000,0.55755,0.00000
3.40000,0.67194,0.50150,0.00000,0.49850,0.00000
3.45000,0.67194,0.43729,0.00000,0.56270,0.00000
3.50000,0.67194,0.15750,0.00000,0.84250,0.00000
3.55000,0.67194,0.12632,0.00000,0.87368,0.00000
3.60000,0.67194,0.14372,0.00001,0.85628,0.00000
3.65000,0.67194,0.37478,0.00000,0.62522,0.00000
3.70000,0.67194,0.29369,0.00000,0.70630,0.00000
3.75000,0.67194,0.71033,0.00004,0.28963,0.00000
3.80000,0.67194,0.96530,0.00021,0.03449,0.00000
3.85000,0.67194,0.98951,0.00009,0.01040,0.00000
3.90000,0.67194,0.99569,0.00005,0.00426,0.00000
3.95000,0.67194,0.99744,0.00131,0.00125,0.00000
4.00000,0.67194,0.99911,0.00049,0.00040,0.00000
4.05000,0.67194,0.99945,0.00018,0.00037,0.00000
4.10000,0.67194,0.99937,0.00025,0.00038,0.00000
4.15000,0.67194,0.99968,0.00017,0.00015,0.00000
4.20000,0.67194,0.99948,0.00014,0.00038,0.00000
4.25000,0.67194,0.99609,0.00005,0.00386,0.00000
4.30000,0.67194,0.99751,0.00007,0.00242,0.00000
4.35000,0.67194,0.98852,0.00005,0.01143,0.00000
4.40000,0.67194,0.97526,0.00006,0.02468,0.00000
4.45000,0.67194,0.98984,0.00001,0.01015,0.00000
4.50000,0.67194,0.99178,0.00002,0.00819,0.00000
4.55000,0.67194,0.99363,0.00003,0.00634,0.00000
4.60000,0.67194,0.99443,0.00002,0.00555,0.00000
4.65000,0.67194,0.99743,0.00002,0.00254,0.00000
4.70000,0.67194,0.99508,0.00002,0.00490,0.00000
4.75000,0.67194,0.99835,0.00014,0.00152,0.00000
4.80000,0.67194,0.99818,0.00005,0.00177,0.00000
4.85000,0.67194,0.99885,0.00019,0.00096,0.00000
4.90000,0.67194,0.99888,0.00066,0.00046,0.00000
4.95000,0.67194,0.99752,0.00233,0.00016,0.00000
5.00000,0.67194,0.99642,0.00357,0.00001,0.00000
5.05000,0.67194,0.99609,0.00390,0.00001,0.00000
5.10000,0.67194,0.99783,0.00214,0.00003,0.00000
5.15000,0.67194,0.99842,0.00156,0.00001,0.00000
5.20000,0.67194,0.99959,0.00039,0.00001,0.00000
5.25000,0.67194,0.99935,0.00064,0.00001,0.00000
5.30000,0.67194,0.99975,0.00024,0.00001,0.00000
5.35000,0.67194,0.99973,0.00022,0.00005,0.00000
5.40000,0.67194,0.99990,0.00008,0.00002,0.00000
5.45000,0.67194,0.99989,0.00008,0.00003,0.00000
5.50000,0.67194,0.99953,0.00006,0.00041,0.00000
5.55000,0.67194,0.99185,0.00014,0.00801,0.00000
5.60000,0.67194,0.99013,0.00000,0.00987,0.00000
5.65000,0.67194,0.99468,0.00000,0.00531,0.00000
5.70000,0.67194,0.95947,0.00000,0.04053,0.00000
5.75000,0.67194,0.87474,0.00000,0.12526,0.00000
5.80000,0.67194,0.69877,0.00000,0.30123,0.00000
5.85000,0.67194,0.19375,0.00002,0.80623,0.00000
5.90000,0.67194,0.88551,0.00000,0.11449,0.00000
5.95000,0.67194,0.77414,0.00000,0.22586,0.00000
6.00000,0.67194,0.71069,0.00000,0.28931,0.00000
6.05000,0.67194,0.71787,0.00000,0.28212,0.00000
6.10000,0.67194,0.80523,0.00000,0.19477,0.00000
6.15000,0.67194,0.95108,0.00000,0.04892,0.00000
6.20000,0.67194,0.15701,0.00000,0.84299,0.00000
6.25000,0.67194,0.70378,0.00000,0.29622,0.00000
6.30000,0.67194,0.89932,0.00000,0.10068,0.00000
6.35000,0.67194,0.27724,0.00000,0.72276,0.00000
6.40000,0.67194,0.65739,0.00000,0.34261,0.00000
6.45000,0.67194,0.73910,0.00000,0.26090,0.00000
6.50000,0.67194,0.97144,0.00000,0.02856,0.00000
6.55000,0.67194,0.92649,0.00000,0.07351,0.00000
6.60000,0.67194,0.84475,0.00001,0.15524,0.00000
6.65000,0.67194,0.96643,0.00003,0.03354,0.00000
6.70000,0.67194,0.98894,0.00000,0.01106,0.00000
6.75000,0.67194,0.97137,0.00001,0.02862,0.00000
6.80000,0.67194,0.98030,0.00113,0.01857,0.00000
6.85000,0.67194,0.97203,0.01584,0.01213,0.00000
6.90000,0.67194,0.96559,0.00336,0.03105,0.00000
6.95000,0.67194,0.88054,0.09676,0.02270,0.00000
7.00000,0.67194,0.95137,0.03929,0.00934,0.00000
7.05000,0.67194,0.99202,0.00209,0.00589,0.00000
7.10000,0.67194,0.99580,0.00044,0.00377,0.00000
7.15000,0.67194,0.99699,0.00182,0.00119,0.00000
7.20000,0.67194,0.99187,0.00090,0.00722,0.00000
7.25000,0.67194,0.98795,0.00047,0.01158,0.00000
7.30000,0.67194,0.94226,0.00233,0.05541,0.00000
7.35000,0.67194,0.91260,0.00004,0.08736,0.00000
7.40000,0.67194,0.94949,0.00003,0.05047,0.00000
7.45000,0.67194,0.74448,0.00000,0.25552,0.00000
7.50000,0.67194,0.59084,0.00000,0.40916,0.00000
7.55000,0.67194,0.83130,0.00001,0.16869,0.00000
7.60000,0.67194,0.59132,0.00000,0.40867,0.00000
7.65000,0.67194,0.38189,0.00000,0.61810,0.00000
7.70000,0.67194,0.27993,0.00000,0.72007,0.00000
7.75000,0.67194,0.47050,0.00000,0.52950,0.00000
7.80000,0.67194,0.67538,0.00000,0.32462,0.00000
7.85000,0.67194,0.07217,0.00000,0.92783,0.00000
7.90000,0.67194,0.16415,0.00000,0.83585,0.00000
7.95000,0.67194,0.15865,0.00000,0.84135,0.00000
8.00000,0.67194,0.18765,0.00000,0.81235,0.00000
8.05000,0.67194,0.11284,0.00000,0.88716,0.00000
8.10000,0.67194,0.28964,0.00000,0.71036,0.00000
8.15000,0.67194,0.30969,0.00000,0.69031,0.00000
8.20000,0.67194,0.17467,0.00000,0.82533,0.00000
8.25000,0.67194,0.12702,0.00000,0.87298,0.00000
8.30000,0.67194,0.47615,0.00001,0.52384,0.00000
8.35000,0.67194,0.21745,0.00000,0.78254,0.00000
8.40000,0.67194,0.05859,0.00000,0.94141,0.00000
8.45000,0.67194,0.08570,0.00000,0.91430,0.00000
8.50000,0.67194,0.19399,0.00001,0.80600,0.00000
8.55000,0.67194,0.33127,0.00000,0.66873,0.00000
8.60000,0.67194,0.59817,0.00000,0.40183,0.00000
8.65000,0.67194,0.68872,0.00001,0.31128,0.00000
8.70000,0.67194,0.95723,0.00000,0.04277,0.00000
8.75000,0.67194,0.92877,0.00000,0.07123,0.00000
8.80000,0.67194,0.96257,0.00000,0.03742,0.00000
8.85000,0.67194,0.97889,0.00000,0.02111,0.00000
8.90000,0.67194,0.98283,0.00001,0.01716,0.00000
8.95000,0.67194,0.99570,0.00002,0.00428,0.00000
9.00000,0.67194,0.99409,0.00030,0.00560,0.00000
9.05000,0.67194,0.99956,0.00013,0.00031,0.00000
9.10000,0.67194,0.99824,0.00008,0.00168,0.00000
9.15000,0.67194,0.99905,0.00014,0.00081,0.00000
9.20000,0.67194,0.99786,0.00007,0.00207,0.00000
9.25000,0.67194,0.99955,0.00004,0.00041,0.00000
9.30000,0.67194,0.99859,0.00003,0.00138,0.00000
9.35000,0.67194,0.99941,0.00001,0.00058,0.00000
9.40000,0.67194,0.99950,0.00002,0.00048,0.00000
9.45000,0.67194,0.99946,0.00001,0.00054,0.00000
9.50000,0.67194,0.99974,0.00000,0.00026,0.00000
9.55000,0.67194,0.99875,0.00000,0.00125,0.00000
9.60000,0.67194,0.99732,0.00000,0.00268,0.00000
9.65000,0.67194,0.99771,0.00000,0.00229,0.00000
9.70000,0.67194,0.99529,0.00000,0.00471,0.00000
9.75000,0.67194,0.98526,0.00000,0.01474,0.00000
9.80000,0.67194,0.98731,0.00000,0.01269,0.00000
9.85000,0.67194,0.99128,0.00000,0.00872,0.00000
9.90000,0.67194,0.99566,0.00000,0.00434,0.00000
9.95000,0.67194,0.99403,0.00001,0.00597,0.00000
10.00000,0.67194,0.99257,0.00005,0.00738,0.00000
10.05000,0.67194,0.97956,0.00018,0.02026,0.00000
10.10000,0.67194,0.99337,0.00051,0.00612,0.00000
10.15000,0.67194,0.97923,0.00061,0.02016,0.00000
10.20000,0.67194,0.99590,0.00050,0.00360,0.00000
10.25000,0.67194,0.99441,0.00086,0.00474,0.00000
10.30000,0.67194,0.99630,0.00087,0.00283,0.00000
10.35000,0.67194,0.99430,0.00092,0.00478,0.00000
10.40000,0.67194,0.99554,0.00054,0.00392,0.00000
10.45000,0.67194,0.98480,0.00018,0.01501,0.00000
10.50000,0.67194,0.97734,0.00014,0.02252,0.00000
10.55000,0.67194,0.99714,0.00014,0.00272,0.00000
10.60000,0.67194,0.99417,0.00007,0.00576,0.00000
10.65000,0.67194,0.98672,0.00006,0.01322,0.00000
10.70000,0.67194,0.99031,0.00004,0.00965,0.00000
10.75000,0.67194,0.99604,0.00009,0.00387,0.00000
10.80000,0.67194,0.99606,0.00006,0.00389,0.00000
10.85000,0.67194,0.99622,0.00004,0.00374,0.00000
10.90000,0.67194,0.99400,0.00002,0.00598,0.00000
10.95000,0.67194,0.99257,0.00001,0.00742,0.00000
11.00000,0.67194,0.99045,0.00001,0.00954,0.00000
11.05000,0.67194,0.99228,0.00001,0.00771,0.00000
11.10000,0.67194,0.98524,0.00001,0.01475,0.00000
11.15000,0.67194,0.98160,0.00000,0.01840,0.00000
11.20000,0.67194,0.97365,0.00000,0.02634,0.00000
11.25000,0.67194,0.94884,0.00000,0.05116,0.00000
11.30000,0.67194,0.97354,0.00000,0.02646,0.00000
11.35000,0.67194,0.96278,0.00000,0.03722,0.00000
11.40000,0.67194,0.96278,0.00000,0.03722,0.00000
11.45000,0.67194,0.96278,0.00000,0.03722,0.00000
11.50000,0.67194,0.96278,0.00000,0.03722,0.00000
11.55000,0.67194,0.96278,0.00000,0.03722,0.00000
11.60000,0.67194,0.96278,0.00000,0.03722,0.00000
11.65000,0.67194,0.96278,0.00000,0.03722,0.00000
11.70000,0.67194,0.96278,0.00000,0.03722,0.00000
11.75000,0.67194,0.96278,0.00000,0.03722,0.00000
11.80000,0.67194,0.96278,0.00000,0.03722,0.00000
11.85000,0.67194,0.96278,0.00000,0.03722,0.00000
11.90000,0.67194,0.96278,0.00000,0.03722,0.00000
11.95000,0.67194,0.96278,0.00000,0.03722,0.00000
12.00000,0.67194,0.96278,0.00000,0.03722,0.00000
12.05000,0.67194,0.96278,0.00000,0.03722,0.00000
12.10000,0.67194,0.96278,0.00000,0.03722,0.00000
12.15000,0.67194,0.96278,0.00000,0.03722,0.00000
12.20000,0.67194,0.96278,0.00000,0.03722,0.00000
12.25000,0.67194,0.96278,0.00000,0.03722,0.00000
12.30000,0.67194,0.96278,0.00000,0.03722,0.00000
12.35000,0.67194,0.96278,0.00000,0.03722,0.00000
12.40000,0.67194,0.96278,0.00000,0.03722,0.00000
12.45000,0.67194,0.96278,0.00000,0.03722,0.00000
12.50000,0.67194,0.96278,0.00000,0.03722,0.00000
12.55000,0.67194,0.96278,0.00000,0.03722,0.00000
12.60000,0.67194,0.96278,0.00000,0.03722,0.00000
12.65000,0.67194,0.96278,0.00000,0.03722,0.00000
12.70000,0.67194,0.96278,0.00000,0.03722,0.00000
12.75000,0.67194,0.96278,0.00000,0.03722,0.00000
12.80000,0.67194,0.96278,0.00000,0.03722,0.00000
12.85000,0.67194,0.96278,0.00000,0.03722,0.00000
12.90000,0.67194,0.96278,0.00000,0.03722,0.00000
12.95000,0.67194,0.96278,0.00000,0.03722,0.00000
13.00000,0.67194,0.96278,0.00000,0.03722,0.00000
13.05000,0.67194,0.96278,0.00000,0.03722,0.00000
13.10000,0.67194,0.96278,0.00000,0.03722,0.00000
13.15000,0.67194,0.96278,0.00000,0.03722,0.00000
13.20000,0.67194,0.96278,0.00000,0.03722,0.00000
13.25000,0.67194,0.96278,0.00000,0.03722,0.00000
13.30000,0.67194,0.96278,0.00000,0.03722,0.00000
13.35000,0.67194,0.96278,0.00000,0.03722,0.00000
13.40000,0.67194,0.96278,0.00000,0.03722,0.00000
13.45000,0.67194,0.96278,0.00000,0.03722,0.00000
13.50000,0.67194,0.96278,0.00000,0.03722,0.00000
13.55000,0.67194,0.96278,0.00000,0.03722,0.00000
13.60000,0.67194,0.96278,0.00000,0.03722,0.00000
13.65000,0.67194,0.96278,0.00000,0.03722,0.00000
13.70000,0.67194,0.96054,0.00000,0.03946,0.00000
13.75000,0.67194,0.91006,0.00000,0.08994,0.00000
13.80000,0.67194,0.93501,0.00000,0.06499,0.00000
13.85000,0.67194,0.96339,0.00000,0.03661,0.00000
13.90000,0.67194,0.98979,0.00000,0.01021,0.00000
13.95000,0.67194,0.99650,0.00000,0.00349,0.00000
14.00000,0.67194,0.99923,0.00000,0.00077,0.00000
14.05000,0.67194,0.99819,0.00001,0.00180,0.00000
14.10000,0.67194,0.99891,0.00001,0.00108,0.00000
14.15000,0.67194,0.99968,0.00001,0.00031,0.00000
14.20000,0.67194,0.99963,0.00002,0.00034,0.00000
14.25000,0.67194,0.99939,0.00003,0.00058,0.00000
14.30000,0.67194,0.99942,0.00002,0.00056,0.00000
14.35000,0.67194,0.99937,0.00026,0.00037,0.00000
14.40000,0.67194,0.99961,0.00008,0.00031,0.00000
14.45000,0.67194,0.99917,0.00008,0.00075,0.00000
14.50000,0.67194,0.99855,0.00005,0.00140,0.00000
14.55000,0.67194,0.99939,0.00004,0.00056,0.00000
14.60000,0.67194,0.99962,0.00007,0.00030,0.00000
14.65000,0.67194,0.99958,0.00007,0.00034,0.00000
14.70000,0.67194,0.99965,0.00001,0.00034,0.00000
14.75000,0.67194,0.99852,0.00012,0.00136,0.00000
14.80000,0.67194,0.99726,0.00024,0.00251,0.00000
14.85000,0.67194,0.99912,0.00046,0.00042,0.00000
14.90000,0.67194,0.99906,0.00019,0.00075,0.00000
14.95000,0.67194,0.99874,0.00042,0.00084,0.00000
15.00000,0.67194,0.99802,0.00091,0.00108,0.00000
15.05000,0.67194,0.99422,0.00044,0.00533,0.00000
15.10000,0.67194,0.99627,0.00167,0.00206,0.00000
15.15000,0.67194,0.98814,0.00028,0.01158,0.00000
15.20000,0.67194,0.99413,0.00213,0.00374,0.00000
15.25000,0.67194,0.97951,0.00081,0.01968,0.00000
15.30000,0.67194,0.96657,0.00150,0.03192,0.00000
15.35000,0.67194,0.92210,0.00064,0.07725,0.00000
15.40000,0.67194,0.98487,0.00134,0.01379,0.00000
15.45000,0.67194,0.98258,0.00081,0.01661,0.00000
15.50000,0.67194,0.98217,0.00041,0.01742,0.00000
15.55000,0.67194,0.99725,0.00015,0.00261,0.00000
15.60000,0.67194,0.82089,0.00070,0.17841,0.00000
15.65000,0.67194,0.98710,0.00001,0.01289,0.00000
15.70000,0.67194,0.97563,0.00002,0.02435,0.00000
15.75000,0.67194,0.97310,0.00003,0.02686,0.00000
15.80000,0.67194,0.97494,0.00000,0.02506,0.00000
15.85000,0.67194,0.95138,0.00000,0.04862,0.00000
15.90000,0.67194,0.38747,0.00004,0.61249,0.00000
15.95000,0.67194,0.53118,0.00000,0.46882,0.00000
16.00000,0.67194,0.21062,0.00000,0.78938,0.00000
16.05000,0.67194,0.12817,0.00000,0.87183,0.00000
16.10000,0.67194,0.45420,0.00009,0.54571,0.00000
16.15000,0.67194,0.22946,0.00001,0.77053,0.00000
16.20000,0.67194,0.12863,0.00029,0.87107,0.00000
16.25000,0.67194,0.17604,0.00044,0.82352,0.00000
16.30000,0.67194,0.09054,0.01595,0.89351,0.00000
16.35000,0.67194,0.16213,0.02074,0.81713,0.00000
16.40000,0.67194,0.30989,0.00092,0.68919,0.00000
16.45000,0.67194,0.47609,0.00021,0.52371,0.00000
16.50000,0.67194,0.16597,0.00797,0.82607,0.00000
16.55000,0.67194,0.60286,0.00252,0.39462,0.00000
16.60000,0.67194,0.95441,0.00083,0.04476,0.00000
16.65000,0.67194,0.93041,0.00036,0.06923,0.00000
16.70000,0.67194,0.95078,0.00283,0.04639,0.00000
16.75000,0.67194,0.81731,0.00076,0.18193,0.00000
16.80000,0.67194,0.97464,0.00099,0.02437,0.00000
16.85000,0.67194,0.98436,0.00230,0.01334,0.00000
16.90000,0.67194,0.99601,0.00324,0.00076,0.00000
16.95000,0.67194,0.99532,0.00074,0.00393,0.00000
17.00000,0.67194,0.99844,0.00076,0.00080,0.00000
17.05000,0.67194,0.99498,0.00022,0.00480,0.00000
17.10000,0.67194,0.99936,0.00010,0.00054,0.00000
17.15000,0.67194,0.99914,0.00004,0.00082,0.00000
17.20000,0.67194,0.99924,0.00006,0.00071,0.00000
17.25000,0.67194,0.99944,0.00006,0.00051,0.00000
17.30000,0.67194,0.99917,0.00027,0.00056,0.00000
17.35000,0.67194,0.99910,0.00015,0.00075,0.00000
17.40000,0.67194,0.99905,0.00018,0.00078,0.00000
17.45000,0.67194,0.99922,0.00015,0.00064,0.00000
17.50000,0.67194,0.99860,0.00016,0.00124,0.00000
17.55000,0.67194,0.99812,0.00016,0.00172,0.00000
17.60000,0.67194,0.99855,0.00014,0.00131,0.00000
17.65000,0.67194,0.99935,0.00007,0.00058,0.00000
17.70000,0.67194,0.99909,0.00010,0.00082,0.00000
17.75000,0.67194,0.99869,0.00004,0.00128,0.00000
17.80000,0.67194,0.99851,0.00005,0.00143,0.00000
17.85000,0.67194,0.99873,0.00004,0.00123,0.00000
17.90000,0.67194,0.99956,0.00004,0.00040,0.00000
17.95000,0.67194,0.99905,0.00006,0.00089,0.00000
18.00000,0.67194,0.99898,0.00012,0.00089,0.00000
18.05000,0.67194,0.99655,0.00015,0.00330,0.00000
18.10000,0.67194,0.99604,0.00086,0.00310,0.00000
18.15000,0.67194,0.99750,0.00034,0.00216,0.00000
18.20000,0.67194,0.99670,0.00051,0.00279,0.00000
18.25000,0.67194,0.98963,0.00056,0.00980,0.00000
18.30000,0.67194,0.98593,0.00048,0.01358,0.00000
18.35000,0.67194,0.98322,0.00019,0.01659,0.00000
18.40000,0.67194,0.99032,0.00026,0.00942,0.00000
18.45000,0.67194,0.98950,0.00007,0.01043,0.00000
18.50000,0.67194,0.99646,0.00018,0.00336,0.00000
18.55000,0.67194,0.99675,0.00010,0.00315,0.00000
18.60000,0.67194,0.99493,0.00018,0.00489,0.00000
18.65000,0.67194,0.99812,0.00032,0.00156,0.00000
18.70000,0.67194,0.99103,0.00059,0.00838,0.00000
18.75000,0.67194,0.95838,0.00003,0.04159,0.00000
18.80000,0.67194,0.96963,0.00000,0.03037,0.00000
18.85000,0.67194,0.97686,0.00000,0.02314,0.00000
18.90000,0.67194,0.92255,0.00000,0.07745,0.00000
18.95000,0.67194,0.81643,0.00000,0.18357,0.00000
19.00000,0.67194,0.40593,0.00000,0.59407,0.00000
19.05000,0.67194,0.50272,0.00000,0.49728,0.00000
19.10000,0.67194,0.37595,0.00000,0.62405,0.00000
19.15000,0.67194,0.17146,0.00002,0.82852,0.00000
19.20000,0.67194,0.11062,0.00000,0.88938,0.00000
19.25000,0.67194,0.21148,0.00002,0.78849,0.00000
19.30000,0.67194,0.07718,0.00008,0.92270,0.00004
19.35000,0.67194,0.04541,0.00130,0.95328,0.00002
19.40000,0.67194,0.04922,0.00377,0.94682,0.00019
19.45000,0.67194,0.07073,0.01201,0.91334,0.00392
19.50000,0.67194,0.07806,0.02347,0.87863,0.01984
19.55000,0.67194,0.05142,0.00739,0.92751,0.01367
19.60000,0.67194,0.03960,0.01669,0.94118,0.00252
19.65000,0.67194,0.06639,0.00318,0.93041,0.00002
19.70000,0.67194,0.18901,0.00160,0.80939,0.00000
19.75000,0.67194,0.42558,0.00370,0.57072,0.00000
19.80000,0.67194,0.59262,0.00979,0.39757,0.00003
19.85000,0.67194,0.88762,0.00439,0.10800,0.00000
19.90000,0.67194,0.94569,0.00483,0.04948,0.00000
19.95000,0.67194,0.97009,0.00038,0.02952,0.00000
20.00000,0.67194,0.99486,0.00003,0.00511,0.00000
20.05000,0.67194,0.99497,0.00006,0.00496,0.00000
20.10000,0.67194,0.99838,0.00008,0.00154,0.00000
20.15000,0.67194,0.99882,0.00010,0.00109,0.00000
20.20000,0.67194,0.99733,0.00010,0.00257,0.00000
20.25000,0.67194,0.99920,0.00011,0.00069,0.00000
20.30000,0.67194,0.99957,0.00005,0.00038,0.00000
20.35000,0.67194,0.99863,0.00008,0.00129,0.00000
20.40000,0.67194,0.99912,0.00005,0.00083,0.00000
20.45000,0.67194,0.99840,0.00006,0.00154,0.00000
20.50000,0.67194,0.99854,0.00002,0.00144,0.00000
20.55000,0.67194,0.99745,0.00005,0.00251,0.00000
20.60000,0.67194,0.99869,0.00002,0.00129,0.00000
20.65000,0.67194,0.99795,0.00002,0.00203,0.00000
20.70000,0.67194,0.99668,0.00001,0.00331,0.00000
20.75000,0.67194,0.99635,0.00001,0.00364,0.00000
20.80000,0.67194,0.99899,0.00002,0.00099,0.00000
20.85000,0.67194,0.99759,0.00002,0.00239,0.00000
20.90000,0.67194,0.99591,0.00001,0.00408,0.00000
20.95000,0.67194,0.99823,0.00001,0.00176,0.00000
21.00000,0.67194,0.99807,0.00002,0.00192,0.00000
21.05000,0.67194,0.99898,0.00002,0.00100,0.00000
21.10000,0.67194,0.99796,0.00001,0.00203,0.00000
21.15000,0.67194,0.99851,0.00003,0.00147,0.00000
21.20000,0.67194,0.99908,0.00002,0.00090,0.00000
21.25000,0.67194,0.99750,0.00001,0.00249,0.00000
21.30000,0.67194,0.99884,0.00002,0.00114,0.00000
21.35000,0.67194,0.99907,0.00004,0.00090,0.00000
21.40000,0.67194,0.99867,0.00004,0.00129,0.00000
21.45000,0.67194,0.99835,0.00008,0.00158,0.00000
21.50000,0.67194,0.99922,0.00002,0.00076,0.00000
21.55000,0.67194,0.99878,0.00003,0.00119,0.00000
21.60000,0.67194,0.99911,0.00004,0.00085,0.00000
21.65000,0.67194,0.99893,0.00004,0.00103,0.00000
21.70000,0.67194,0.99855,0.00003,0.00142,0.00000
21.75000,0.67194,0.99678,0.00003,0.00319,0.00000
21.80000,0.67194,0.99803,0.00007,0.00190,0.00000
21.85000,0.67194,0.99919,0.00003,0.00078,0.00000
21.90000,0.67194,0.99799,0.00002,0.00199,0.00000
21.95000,0.67194,0.99892,0.00005,0.00103,0.00000
22.00000,0.67194,0.99805,0.00003,0.00192,0.00000
22.05000,0.67194,0.99821,0.00007,0.00172,0.00000
22.10000,0.67194,0.99648,0.00002,0.00350,0.00000
22.15000,0.67194,0.99833,0.00003,0.00164,0.00000
22.20000,0.67194,0.99838,0.00004,0.00159,0.00000
22.25000,0.67194,0.99839,0.00005,0.00156,0.00000
22.30000,0.67194,0.99816,0.00007,0.00178,0.00000
22.35000,0.67194,0.99682,0.00004,0.00314,0.00000
22.40000,0.67194,0.99737,0.00003,0.00260,0.00000
22.45000,0.67194,0.99770,0.00004,0.00226,0.00000
22.50000,0.67194,0.99860,0.00004,0.00136,0.00000
22.55000,0.67194,0.99671,0.00002,0.00327,0.00000
22.60000,0.67194,0.99843,0.00004,0.00153,0.00000
22.65000,0.67194,0.99909,0.00004,0.00088,0.00000
22.70000,0.67194,0.99919,0.00008,0.00073,0.00000
22.75000,0.67194,0.99880,0.00005,0.00115,0.00000
22.80000,0.67194,0.99668,0.00006,0.00326,0.00000
22.85000,0.67194,0.99812,0.00009,0.00179,0.00000
22.90000,0.67194,0.99544,0.00013,0.00443,0.00000
22.95000,0.67194,0.99889,0.00013,0.00098,0.00000
23.00000,0.67194,0.99906,0.00004,0.00089,0.00000
23.05000,0.67194,0.99944,0.00008,0.00048,0.00000
23.10000,0.67194,0.99958,0.00008,0.00034,0.00000
23.15000,0.67194,0.99936,0.00011,0.00053,0.00000
23.20000,0.67194,0.99739,0.00007,0.00254,0.00000
23.25000,0.67194,0.99923,0.00007,0.00070,0.00000
23.30000,0.67194,0.99867,0.00007,0.00126,0.00000
23.35000,0.67194,0.99878,0.00004,0.00118,0.00000
23.40000,0.67194,0.99824,0.00003,0.00173,0.00000
23.45000,0.67194,0.99736,0.00005,0.00260,0.00000
23.50000,0.67194,0.99858,0.00003,0.00140,0.00000
23.55000,0.67194,0.98744,0.00001,0.01255,0.00000
23.60000,0.67194,0.99395,0.00000,0.00605,0.00000
23.65000,0.67194,0.98789,0.00000,0.01211,0.00000
23.70000,0.67194,0.98541,0.00000,0.01459,0.00000
23.75000,0.67194,0.98096,0.00000,0.01904,0.00000
23.80000,0.67194,0.96516,0.00000,0.03484,0.00000
23.85000,0.67194,0.94502,0.00000,0.05498,0.00000
23.90000,0.67194,0.97497,0.00000,0.02503,0.00000
23.95000,0.67194,0.96278,0.00000,0.03722,0.00000
24.00000,0.67194,0.96278,0.00000,0.03722,0.00000
24.05000,0.67194,0.96278,0.00000,0.03722,0.00000
24.10000,0.67194,0.96278,0.00000,0.03722,0.00000
24.15000,0.67194,0.96278,0.00000,0.03722,0.00000
24.20000,0.67194,0.96278,0.00000,0.03722,0.00000
24.25000,0.67194,0.96278,0.00000,0.03722,0.00000
24.30000,0.67194,0.96278,0.00000,0.03722,0.00000
24.35000,0.67194,0.96278,0.00000,0.03722,0.00000
24.40000,0.67194,0.96278,0.00000,0.03722,0.00000
24.45000,0.67194,0.96278,0.00000,0.03722,0.00000
24.50000,0.67194,0.96278,0.00000,0.03722,0.00000
24.55000,0.67194,0.96278,0.00000,0.03722,0.00000
24.60000,0.67194,0.96278,0.00000,0.03722,0.00000
24.65000,0.67194,0.96278,0.00000,0.03722,0.00000
24.70000,0.67194,0.96278,0.00000,0.03722,0.00000
24.75000,0.67194,0.96278,0.00000,0.03722,0.00000
24.80000,0.67194,0.96278,0.00000,0.03722,0.00000
24.85000,0.67194,0.96278,0.00000,0.03722,0.00000
24.90000,0.67194,0.96278,0.00000,0.03722,0.00000
24.95000,0.67194,0.96278,0.00000,0.03722,0.00000
25.00000,0.67194,0.96278,0.00000,0.03722,0.00000
25.05000,0.67194,0.96278,0.00000,0.03722,0.00000
25.10000,0.67194,0.96278,0.00000,0.03722,0.00000
25.15000,0.67194,0.96278,0.00000,0.03722,0.00000
25.20000,0.67194,0.96278,0.00000,0.03722,0.00000
25.25000,0.67194,0.96278,0.00000,0.03722,0.00000
25.30000,0.67194,0.96278,0.00000,0.03722,0.00000
25.35000,0.67194,0.96278,0.00000,0.03722,0.00000
25.40000,0.67194,0.96278,0.00000,0.03722,0.00000
25.45000,0.67194,0.96278,0.00000,0.03722,0.00000
25.50000,0.67194,0.96278,0.00000,0.03722,0.00000
25.55000,0.67194,0.96278,0.00000,0.03722,0.00000
25.60000,0.67194,0.96278,0.00000,0.03722,0.00000
25.65000,0.67194,0.96278,0.00000,0.03722,0.00000
25.70000,0.67194,0.96278,0.00000,0.03722,0.00000
25.75000,0.67194,0.96278,0.00000,0.03722,0.00000
25.80000,0.67194,0.96278,0.00000,0.03722,0.00000
25.85000,0.67194,0.96278,0.00000,0.03722,0.00000
25.90000,0.67194,0.96278,0.00000,0.03722,0.00000
25.95000,0.67194,0.96278,0.00000,0.03722,0.00000
26.00000,0.67194,0.96278,0.00000,0.03722,0.00000
26.05000,0.67194,0.96278,0.00000,0.03722,0.00000
26.10000,0.67194,0.96278,0.00000,0.03722,0.00000
26.15000,0.67194,0.96278,0.00000,0.03722,0.00000
26.20000,0.67194,0.96278,0.00000,0.03722,0.00000
26.25000,0.67194,0.96278,0.00000,0.03722,0.00000
26.30000,0.67194,0.96278,0.00000,0.03722,0.00000
26.35000,0.67194,0.95520,0.00000,0.04480,0.00000
26.40000,0.67194,0.91927,0.00000,0.08073,0.00000
26.45000,0.67194,0.94763,0.00000,0.05237,0.00000
26.50000,0.67194,0.96112,0.00000,0.03888,0.00000
26.55000,0.67194,0.97485,0.00000,0.02515,0.00000
26.60000,0.67194,0.96513,0.00000,0.03487,0.00000
26.65000,0.67194,0.97756,0.00000,0.02244,0.00000
26.70000,0.67194,0.98080,0.00000,0.01920,0.00000
26.75000,0.67194,0.97771,0.00000,0.02229,0.00000
26.80000,0.67194,0.99176,0.00000,0.00824,0.00000
26.85000,0.67194,0.99568,0.00000,0.00432,0.00000
26.90000,0.67194,0.98767,0.00000,0.01233,0.00000
26.95000,0.67194,0.95066,0.00000,0.04934,0.00000
27.00000,0.67194,0.99651,0.00000,0.00349,0.00000
27.05000,0.67194,0.99562,0.00000,0.00438,0.00000
27.10000,0.67194,0.99747,0.00000,0.00253,0.00000
27.15000,0.67194,0.99349,0.00000,0.00651,0.00000
27.20000,0.67194,0.99809,0.00000,0.00191,0.00000
27.25000,0.67194,0.98880,0.00000,0.01120,0.00000
27.30000,0.67194,0.98768,0.00000,0.01232,0.00000
27.35000,0.67194,0.91370,0.00000,0.08630,0.00000
27.40000,0.67194,0.99137,0.00000,0.00863,0.00000
27.45000,0.67194,0.95534,0.00001,0.04465,0.00000
27.50000,0.67194,0.97132,0.00004,0.02864,0.00000
27.55000,0.67194,0.99211,0.00001,0.00788,0.00000
27.60000,0.67194,0.98199,0.00001,0.01800,0.00000
27.65000,0.67194,0.99071,0.00001,0.00928,0.00000
27.70000,0.67194,0.97399,0.00001,0.02599,0.00000
27.75000,0.67194,0.98441,0.00002,0.01557,0.00000
27.80000,0.67194,0.96894,0.00002,0.03104,0.00000
27.85000,0.67194,0.98543,0.00001,0.01456,0.00000
27.90000,0.67194,0.97545,0.00002,0.02453,0.00000
27.95000,0.67194,0.91250,0.00005,0.08745,0.00000
28.00000,0.67194,0.96931,0.00002,0.03067,0.00000
28.05000,0.67194,0.97708,0.00001,0.02291,0.00000
28.10000,0.67194,0.97264,0.00000,0.02736,0.00000
28.15000,0.67194,0.97769,0.00000,0.02231,0.00000
28.20000,0.67194,0.97518,0.00000,0.02482,0.00000
28.25000,0.67194,0.98091,0.00000,0.01909,0.00000
28.30000,0.67194,0.98359,0.00000,0.01641,0.00000
28.35000,0.67194,0.98026,0.00000,0.01974,0.00000
28.40000,0.67194,0.97222,0.00000,0.02778,0.00000
28.45000,0.67194,0.96582,0.00000,0.03418,0.00000
28.50000,0.67194,0.94430,0.00000,0.05570,0.00000
28.55000,0.67194,0.95931,0.00000,0.04069,0.00000
28.60000,0.67194,0.96286,0.00000,0.03714,0.00000
28.65000,0.67194,0.93896,0.00000,0.06103,0.00000
28.70000,0.67194,0.95727,0.00000,0.04273,0.00000
28.75000,0.67194,0.73259,0.00001,0.26740,0.00000
28.80000,0.67194,0.70241,0.00000,0.29759,0.00000
28.85000,0.67194,0.90274,0.00000,0.09726,0.00000
28.90000,0.67194,0.93223,0.00000,0.06777,0.00000
28.95000,0.67194,0.74808,0.00000,0.25192,0.00000
29.00000,0.67194,0.76209,0.00001,0.23790,0.00000
29.05000,0.67194,0.75360,0.00002,0.24637,0.00000
29.10000,0.67194,0.85479,0.00002,0.14519,0.00000
29.15000,0.67194,0.48687,0.00011,0.51301,0.00000
29.20000,0.67194,0.34293,0.00011,0.65696,0.00000
29.25000,0.67194,0.38475,0.00031,0.61493,0.00000
29.30000,0.67194,0.33686,0.00043,0.66272,0.00000
29.35000,0.67194,0.16431,0.02141,0.81428,0.00000
29.40000,0.67194,0.12386,0.00611,0.87003,0.00000
29.45000,0.67194,0.17465,0.00548,0.81987,0.00000
29.50000,0.67194,0.14983,0.01376,0.83640,0.00000
29.55000,0.67194,0.04070,0.00333,0.95596,0.00000
29.60000,0.67194,0.05001,0.00306,0.94693,0.00000
29.65000,0.67194,0.18804,0.00652,0.80544,0.00000
29.70000,0.67194,0.11563,0.00044,0.88393,0.00000
29.75000,0.67194,0.05898,0.00021,0.94081,0.00000
29.80000,0.67194,0.13846,0.00007,0.86147,0.00000
29.85000,0.67194,0.36044,0.00008,0.63948,0.00000
29.90000,0.67194,0.38069,0.00006,0.61925,0.00000
29.95000,0.67194,0.62528,0.00003,0.37470,0.00000
30.00000,0.67194,0.42527,0.00001,0.57472,0.00000
30.05000,0.67194,0.23595,0.00001,0.76404,0.00000
30.10000,0.67194,0.25088,0.00001,0.74911,0.00000
30.15000,0.67194,0.61317,0.00002,0.38682,0.00000
30.20000,0.67194,0.79085,0.00000,0.20914,0.00000
30.25000,0.67194,0.92072,0.00001,0.07928,0.00000
30.30000,0.67194,0.98356,0.00000,0.01644,0.00000
30.35000,0.67194,0.88475,0.00001,0.11525,0.00000
30.40000,0.67194,0.94661,0.00002,0.05336,0.00000
30.45000,0.67194,0.92529,0.00000,0.07471,0.00000
30.50000,0.67194,0.75141,0.00001,0.24858,0.00000
30.55000,0.67194,0.84165,0.00069,0.15766,0.00000
30.60000,0.67194,0.84381,0.00003,0.15616,0.00000
30.65000,0.67194,0.73018,0.00001,0.26982,0.00000
30.70000,0.67194,0.27567,0.00000,0.72433,0.00000
30.75000,0.67194,0.84528,0.00000,0.15471,0.00000
30.80000,0.67194,0.85635,0.00000,0.14365,0.00000
30.85000,0.67194,0.75175,0.00000,0.24825,0.00000
30.90000,0.67194,0.77499,0.00000,0.22501,0.00000
30.95000,0.67194,0.76962,0.00000,0.23038,0.00000
31.00000,0.67194,0.78157,0.00000,0.21843,0.00000
31.05000,0.67194,0.52843,0.00000,0.47157,0.00000
31.10000,0.67194,0.39560,0.00000,0.60440,0.00000
31.15000,0.67194,0.41864,0.00000,0.58136,0.00000
31.20000,0.67194,0.26220,0.00000,0.73780,0.00000
31.25000,0.67194,0.16706,0.00000,0.83294,0.00000
31.30000,0.67194,0.15860,0.00000,0.84140,0.00000
31.35000,0.67194,0.07724,0.00000,0.92276,0.00000
31.40000,0.67194,0.06347,0.00000,0.93652,0.00000
31.45000,0.67194,0.04152,0.00000,0.95848,0.00000
31.50000,0.67194,0.03026,0.00000,0.96974,0.00000
31.55000,0.67194,0.03331,0.00000,0.96669,0.00000
31.60000,0.67194,0.06502,0.00000,0.93498,0.00000
31.65000,0.67194,0.10522,0.00000,0.89478,0.00000
31.70000,0.67194,0.15675,0.00000,0.84325,0.00000
31.75000,0.67194,0.25638,0.00000,0.74362,0.00000
31.80000,0.67194,0.22842,0.00000,0.77158,0.00000
31.85000,0.67194,0.66760,0.00000,0.33239,0.00000
31.90000,0.67194,0.84122,0.00001,0.15877,0.00000
31.95000,0.67194,0.98346,0.00000,0.01654,0.00000
32.00000,0.67194,0.99383,0.00000,0.00617,0.00000
32.05000,0.67194,0.99749,0.00000,0.00251,0.00000
32.10000,0.67194,0.99758,0.00000,0.00241,0.00000
32.15000,0.67194,0.99445,0.00000,0.00555,0.00000
32.20000,0.67194,0.99451,0.00001,0.00548,0.00000
32.25000,0.67194,0.99514,0.00000,0.00486,0.00000
32.30000,0.67194,0.97512,0.00001,0.02488,0.00000
32.35000,0.67194,0.97926,0.00000,0.02074,0.00000
32.40000,0.67194,0.92737,0.00001,0.07262,0.00000
32.45000,0.67194,0.95244,0.00000,0.04756,0.00000
32.50000,0.67194,0.91462,0.00002,0.08535,0.00000
32.55000,0.67194,0.82509,0.00000,0.17490,0.00000
32.60000,0.67194,0.89342,0.00000,0.10658,0.00000
32.65000,0.67194,0.77483,0.00000,0.22517,0.00000
32.70000,0.67194,0.77253,0.00000,0.22747,0.00000
32.75000,0.67194,0.68156,0.00000,0.31843,0.00000
32.80000,0.67194,0.73192,0.00002,0.26806,0.00000
32.85000,0.67194,0.68794,0.00001,0.31205,0.00000
32.90000,0.67194,0.31006,0.00001,0.68992,0.00000
32.95000,0.67194,0.53835,0.00021,0.46144,0.00000
33.00000,0.67194,0.49833,0.00109,0.50059,0.00000
33.05000,0.67194,0.41875,0.00004,0.58121,0.00000
33.10000,0.67194,0.18534,0.00049,0.81417,0.00000
33.15000,0.67194,0.13114,0.00178,0.86708,0.00000
33.20000,0.67194,0.10288,0.00005,0.89707,0.00000
33.25000,0.67194,0.12276,0.00003,0.87721,0.00000
33.30000,0.67194,0.37170,0.00005,0.62825,0.00000
33.35000,0.67194,0.49399,0.00003,0.50598,0.00000
33.40000,0.67194,0.69443,0.00001,0.30556,0.00000
33.45000,0.67194,0.76652,0.00000,0.23347,0.00000
33.50000,0.67194,0.90494,0.00001,0.09505,0.00000
33.55000,0.67194,0.98258,0.00001,0.01741,0.00000
33.60000,0.67194,0.99647,0.00000,0.00353,0.00000
33.65000,0.67194,0.99868,0.00000,0.00132,0.00000
33.70000,0.67194,0.99936,0.00000,0.00064,0.00000
33.75000,0.67194,0.99703,0.00000,0.00297,0.00000
33.80000,0.67194,0.99119,0.00000,0.00881,0.00000
33.85000,0.67194,0.98458,0.00000,0.01541,0.00000
33.90000,0.67194,0.95676,0.00000,0.04323,0.00000
33.95000,0.67194,0.94625,0.00001,0.05374,0.00000
34.00000,0.67194,0.94012,0.00000,0.05987,0.00000
34.05000,0.67194,0.94893,0.00000,0.05107,0.00000
34.10000,0.67194,0.93821,0.00000,0.06179,0.00000
34.15000,0.67194,0.96346,0.00000,0.03654,0.00000
34.20000,0.67194,0.96224,0.00000,0.03776,0.00000
34.25000,0.67194,0.96235,0.00000,0.03765,0.00000
34.30000,0.67194,0.96261,0.00000,0.03739,0.00000
34.35000,0.67194,0.96278,0.00000,0.03722,0.00000
34.40000,0.67194,0.96268,0.00000,0.03732,0.00000
34.45000,0.67194,0.96278,0.00000,0.03722,0.00000
34.50000,0.67194,0.96263,0.00000,0.03737,0.00000
34.55000,0.67194,0.96278,0.00000,0.03722,0.00000
34.60000,0.67194,0.96271,0.00000,0.03729,0.00000
34.65000,0.67194,0.96261,0.00000,0.03739,0.00000
34.70000,0.67194,0.96351,0.00000,0.03649,0.00000
34.75000,0.67194,0.96280,0.00000,0.03720,0.00000
34.80000,0.67194,0.95826,0.00000,0.04174,0.00000
34.85000,0.67194,0.95971,0.00000,0.04029,0.00000
34.90000,0.67194,0.96266,0.00000,0.03734,0.00000
34.95000,0.67194,0.93225,0.00000,0.06775,0.00000
35.00000,0.67194,0.90041,0.00000,0.09959,0.00000
35.05000,0.67194,0.94082,0.00000,0.05918,0.00000
35.10000,0.67194,0.94384,0.00000,0.05616,0.00000
35.15000,0.67194,0.98184,0.00000,0.01816,0.00000
35.20000,0.67194,0.97108,0.00000,0.02892,0.00000
35.25000,0.67194,0.93917,0.00000,0.06083,0.00000
35.30000,0.67194,0.96612,0.00000,0.03388,0.00000
35.35000,0.67194,0.97338,0.00000,0.02662,0.00000
35.40000,0.67194,0.96751,0.00000,0.03249,0.00000
35.45000,0.67194,0.93630,0.00000,0.06370,0.00000
35.50000,0.67194,0.94183,0.00000,0.05817,0.00000
35.55000,0.67194,0.87782,0.00000,0.12218,0.00000
35.60000,0.67194,0.96746,0.00000,0.03254,0.00000
35.65000,0.67194,0.97718,0.00000,0.02282,0.00000
35.70000,0.67194,0.97475,0.00000,0.02524,0.00000
35.75000,0.67194,0.97248,0.00000,0.02752,0.00000
35.80000,0.67194,0.97465,0.00000,0.02534,0.00000
35.85000,0.67194,0.96841,0.00000,0.03159,0.00000
35.90000,0.67194,0.97112,0.00000,0.02888,0.00000
35.95000,0.67194,0.97341,0.00000,0.02659,0.00000
36.00000,0.67194,0.96633,0.00000,0.03367,0.00000
36.05000,0.67194,0.95006,0.00000,0.04994,0.00000
36.10000,0.67194,0.95526,0.00000,0.04474,0.00000
36.15000,0.67194,0.94677,0.00000,0.05323,0.00000
36.20000,0.67194,0.94100,0.00000,0.05900,0.00000
36.25000,0.67194,0.95483,0.00000,0.04517,0.00000
36.30000,0.67194,0.96516,0.00000,0.03484,0.00000
36.35000,0.67194,0.97174,0.00000,0.02826,0.00000
36.40000,0.67194,0.97132,0.00000,0.02868,0.00000
36.45000,0.67194,0.97031,0.00000,0.02969,0.00000
36.50000,0.67194,0.96886,0.00000,0.03114,0.00000
36.55000,0.67194,0.96892,0.00000,0.03108,0.00000
36.60000,0.67194,0.97253,0.00000,0.02747,0.00000
36.65000,0.67194,0.97278,0.00000,0.02722,0.00000
36.70000,0.67194,0.95930,0.00000,0.04070,0.00000
36.75000,0.67194,0.95658,0.00000,0.04342,0.00000
36.80000,0.67194,0.96278,0.00000,0.03722,0.00000
36.85000,0.67194,0.96278,0.00000,0.03722,0.00000
36.90000,0.67194,0.96278,0.00000,0.03722,0.00000
36.95000,0.67194,0.96278,0.00000,0.03722,0.00000
37.00000,0.67194,0.96278,0.00000,0.03722,0.00000
37.05000,0.67194,0.96278,0.00000,0.03722,0.00000
37.10000,0.67194,0.96278,0.00000,0.03722,0.00000
37.15000,0.67194,0.96278,0.00000,0.03722,0.00000
37.20000,0.67194,0.96278,0.00000,0.03722,0.00000
37.25000,0.67194,0.96278,0.00000,0.03722,0.00000
37.30000,0.67194,0.96278,0.00000,0.03722,0.00000
37.35000,0.67194,0.96278,0.00000,0.03722,0.00000
37.40000,0.67194,0.96278,0.00000,0.03722,0.00000
37.45000,0.67194,0.96278,0.00000,0.03722,0.00000
37.50000,0.67194,0.96278,0.00000,0.03722,0.00000
37.55000,0.67194,0.96278,0.00000,0.03722,0.00000
37.60000,0.67194,0.96278,0.00000,0.03722,0.00000
37.65000,0.67194,0.96278,0.00000,0.03722,0.00000
37.70000,0.67194,0.96278,0.00000,0.03722,0.00000
37.75000,0.67194,0.96278,0.00000,0.03722,0.00000
37.80000,0.67194,0.96278,0.00000,0.03722,0.00000
37.85000,0.67194,0.96278,0.00000,0.03722,0.00000
37.90000,0.67194,0.96278,0.00000,0.03722,0.00000
37.95000,0.67194,0.96278,0.00000,0.03722,0.00000
38.00000,0.67194,0.96278,0.00000,0.03722,0.00000
38.05000,0.67194,0.96278,0.00000,0.03722,0.00000
38.10000,0.67194,0.96278,0.00000,0.03722,0.00000
38.15000,0.67194,0.96278,0.00000,0.03722,0.00000
38.20000,0.67194,0.96278,0.00000,0.03722,0.00000
38.25000,0.67194,0.96278,0.00000,0.03722,0.00000
38.30000,0.67194,0.96278,0.00000,0.03722,0.00000
38.35000,0.67194,0.96278,0.00000,0.03722,0.00000
38.40000,0.67194,0.96278,0.00000,0.03722,0.00000
38.45000,0.67194,0.96278,0.00000,0.03722,0.00000
38.50000,0.67194,0.96278,0.00000,0.03722,0.00000
38.55000,0.67194,0.96278,0.00000,0.03722,0.00000
38.60000,0.67194,0.96278,0.00000,0.03722,0.00000
38.65000,0.67194,0.96278,0.00000,0.03722,0.00000
38.70000,0.67194,0.96278,0.00000,0.03722,0.00000
38.75000,0.67194,0.96278,0.00000,0.03722,0.00000
38.80000,0.67194,0.96278,0.00000,0.03722,0.00000
38.85000,0.67194,0.96278,0.00000,0.03722,0.00000
38.90000,0.67194,0.96278,0.00000,0.03722,0.00000
38.95000,0.67194,0.96278,0.00000,0.03722,0.00000
39.00000,0.67194,0.96278,0.00000,0.03722,0.00000
39.05000,0.67194,0.96278,0.00000,0.03722,0.00000
39.10000,0.67194,0.96278,0.00000,0.03722,0.00000
39.15000,0.67194,0.96278,0.00000,0.03722,0.00000
39.20000,0.67194,0.96278,0.00000,0.03722,0.00000
39.25000,0.67194,0.95990,0.00000,0.04010,0.00000
39.30000,0.67194,0.94351,0.00000,0.05649,0.00000
39.35000,0.67194,0.95736,0.00000,0.04264,0.00000
39.40000,0.67194,0.96167,0.00000,0.03833,0.00000
39.45000,0.67194,0.91141,0.00000,0.08859,0.00000
39.50000,0.67194,0.94423,0.00000,0.05577,0.00000
39.55000,0.67194,0.97148,0.00000,0.02852,0.00000
39.60000,0.67194,0.96519,0.00000,0.03481,0.00000
39.65000,0.67194,0.96698,0.00000,0.03302,0.00000
39.70000,0.67194,0.99744,0.00000,0.00256,0.00000
39.75000,0.67194,0.99373,0.00000,0.00627,0.00000
39.80000,0.67194,0.98753,0.00000,0.01247,0.00000
39.85000,0.67194,0.95836,0.00000,0.04164,0.00000
39.90000,0.67194,0.99247,0.00000,0.00753,0.00000
39.95000,0.67194,0.99030,0.00000,0.00970,0.00000
40.00000,0.67194,0.98625,0.00000,0.01375,0.00000
40.05000,0.67194,0.95508,0.00000,0.04492,0.00000
40.10000,0.67194,0.97234,0.00000,0.02765,0.00000
40.15000,0.67194,0.96278,0.00000,0.03722,0.00000
40.20000,0.67194,0.96278,0.00000,0.03722,0.00000
40.25000,0.67194,0.96278,0.00000,0.03722,0.00000
40.30000,0.67194,0.96278,0.00000,0.03722,0.00000
40.35000,0.67194,0.96278,0.00000,0.03722,0.00000
40.40000,0.67194,0.96278,0.00000,0.03722,0.00000
40.45000,0.67194,0.96278,0.00000,0.03722,0.00000
40.50000,0.67194,0.96278,0.00000,0.03722,0.00000
40.55000,0.67194,0.96278,0.00000,0.03722,0.00000
40.60000,0.67194,0.96278,0.00000,0.03722,0.00000
40.65000,0.67194,0.96278,0.00000,0.03722,0.00000
40.70000,0.67194,0.96278,0.00000,0.03722,0.00000
40.75000,0.67194,0.95298,0.00000,0.04702,0.00000
40.80000,0.67194,0.93911,0.00000,0.06089,0.00000
40.85000,0.67194,0.94733,0.00000,0.05267,0.00000
40.90000,0.67194,0.95487,0.00000,0.04513,0.00000
40.95000,0.67194,0.96914,0.00000,0.03086,0.00000
41.00000,0.67194,0.97130,0.00000,0.02870,0.00000
41.05000,0.67194,0.97278,0.00000,0.02722,0.00000
41.10000,0.67194,0.97251,0.00000,0.02749,0.00000
41.15000,0.67194,0.96975,0.00000,0.03025,0.00000
41.20000,0.67194,0.97232,0.00000,0.02768,0.00000
41.25000,0.67194,0.96949,0.00000,0.03051,0.00000
41.30000,0.67194,0.97187,0.00000,0.02813,0.00000
41.35000,0.67194,0.95640,0.00000,0.04360,0.00000
41.40000,0.67194,0.96278,0.00000,0.03722,0.00000
41.45000,0.67194,0.96278,0.00000,0.03722,0.00000
41.50000,0.67194,0.96278,0.00000,0.03722,0.00000
41.55000,0.67194,0.96278,0.00000,0.03722,0.00000
41.60000,0.67194,0.96278,0.00000,0.03722,0.00000
41.65000,0.67194,0.96278,0.00000,0.03722,0.00000
41.70000,0.67194,0.96278,0.00000,0.03722,0.00000
41.75000,0.67194,0.96278,0.00000,0.03722,0.00000
41.80000,0.67194,0.96278,0.00000,0.03722,0.00000
41.85000,0.67194,0.96278,0.00000,0.03722,0.00000
41.90000,0.67194,0.96278,0.00000,0.03722,0.00000
41.95000,0.67194,0.96278,0.00000,0.03722,0.00000
42.00000,0.67194,0.96278,0.00000,0.03722,0.00000
42.05000,0.67194,0.96278,0.00000,0.03722,0.00000
42.10000,0.67194,0.96278,0.00000,0.03722,0.00000
42.15000,0.67194,0.96278,0.00000,0.03722,0.00000
42.20000,0.67194,0.96278,0.00000,0.03722,0.00000
42.25000,0.67194,0.96278,0.00000,0.03722,0.00000
42.30000,0.67194,0.96278,0.00000,0.03722,0.00000
42.35000,0.67194,0.96278,0.00000,0.03722,0.00000
42.40000,0.67194,0.96278,0.00000,0.03722,0.00000
42.45000,0.67194,0.96278,0.00000,0.03722,0.00000
42.50000,0.67194,0.96278,0.00000,0.03722,0.00000
42.55000,0.67194,0.96278,0.00000,0.03722,0.00000
42.60000,0.67194,0.96278,0.00000,0.03722,0.00000
42.65000,0.67194,0.96278,0.00000,0.03722,0.00000
42.70000,0.67194,0.96278,0.00000,0.03722,0.00000
42.75000,0.67194,0.95668,0.00000,0.04332,0.00000
42.80000,0.67194,0.93391,0.00000,0.06609,0.00000
42.85000,0.67194,0.94748,0.00000,0.05252,0.00000
42.90000,0.67194,0.95400,0.00000,0.04600,0.00000
42.95000,0.67194,0.97284,0.00000,0.02715,0.00000
43.00000,0.67194,0.97659,0.00000,0.02341,0.00000
43.05000,0.67194,0.96996,0.00000,0.03004,0.00000
43.10000,0.67194,0.97003,0.00000,0.02997,0.00000
43.15000,0.67194,0.97441,0.00000,0.02559,0.00000
43.20000,0.67194,0.97632,0.00000,0.02368,0.00000
43.25000,0.67194,0.96891,0.00000,0.03109,0.00000
43.30000,0.67194,0.97076,0.00000,0.02924,0.00000
43.35000,0.67194,0.96061,0.00000,0.03939,0.00000
43.40000,0.67194,0.97065,0.00000,0.02935,0.00000
43.45000,0.67194,0.96278,0.00000,0.03722,0.00000
43.50000,0.67194,0.96278,0.00000,0.03722,0.00000
43.55000,0.67194,0.96278,0.00000,0.03722,0.00000
43.60000,0.67194,0.96278,0.00000,0.03722,0.00000
43.65000,0.67194,0.96278,0.00000,0.03722,0.00000
43.70000,0.67194,0.96278,0.00000,0.03722,0.00000
43.75000,0.67194,0.96278,0.00000,0.03722,0.00000
43.80000,0.67194,0.96278,0.00000,0.03722,0.00000
43.85000,0.67194,0.96278,0.00000,0.03722,0.00000
43.90000,0.67194,0.96306,0.00001,0.03693,0.00000
43.95000,0.67194,0.69634,0.00000,0.30365,0.00000
44.00000,0.67194,0.99419,0.00000,0.00581,0.00000
44.05000,0.67194,0.90864,0.00001,0.09136,0.00000
44.10000,0.67194,0.99888,0.00000,0.00112,0.00000
44.15000,0.67194,0.98852,0.00000,0.01148,0.00000
44.20000,0.67194,0.99989,0.00000,0.00011,0.00000
44.25000,0.67194,0.98770,0.00001,0.01230,0.00000
44.30000,0.67194,0.99995,0.00000,0.00005,0.00000
44.35000,0.67194,0.98134,0.00000,0.01866,0.00000
44.40000,0.67194,0.99912,0.00000,0.00088,0.00000
44.45000,0.67194,0.98546,0.00000,0.01454,0.00000
44.50000,0.67194,0.97441,0.00000,0.02559,0.00000
44.55000,0.67194,0.97288,0.00002,0.02710,0.00000
44.60000,0.67194,0.57367,0.00000,0.42633,0.00000
44.65000,0.67194,0.33562,0.00001,0.66437,0.00000
44.70000,0.67194,0.24945,0.00012,0.75044,0.00000
44.75000,0.67194,0.27228,0.00000,0.72771,0.00000
44.80000,0.67194,0.10685,0.00005,0.89310,0.00000
44.85000,0.67194,0.04107,0.00003,0.95783,0.00107
44.90000,0.67194,0.06309,0.00008,0.93486,0.00197
44.95000,0.67194,0.05285,0.00010,0.94615,0.00090
45.00000,0.67194,0.05044,0.00085,0.94196,0.00675
45.05000,0.67194,0.04423,0.00072,0.95362,0.00144
45.10000,0.67194,0.06617,0.00029,0.93269,0.00085
45.15000,0.67194,0.08045,0.00062,0.91807,0.00085
45.20000,0.67194,0.12776,0.00059,0.86921,0.00244
45.25000,0.67194,0.23674,0.00076,0.76013,0.00237
45.30000,0.67194,0.11238,0.00033,0.88729,0.00000
45.35000,0.67194,0.09013,0.00064,0.90880,0.00042
45.40000,0.67194,0.14243,0.00013,0.85732,0.00012
45.45000,0.67194,0.19947,0.00035,0.79997,0.00020
45.50000,0.67194,0.22056,0.00160,0.77782,0.00002
45.55000,0.67194,0.61147,0.01081,0.37756,0.00016
45.60000,0.67194,0.42917,0.00101,0.56967,0.00015
45.65000,0.67194,0.93033,0.00251,0.06713,0.00004
45.70000,0.67194,0.80701,0.00587,0.18712,0.00000
45.75000,0.67194,0.92682,0.03645,0.03673,0.00000
45.80000,0.67194,0.70689,0.00655,0.28656,0.00000
45.85000,0.67194,0.84183,0.00522,0.15295,0.00000
45.90000,0.67194,0.96392,0.00827,0.02781,0.00000
45.95000,0.67194,0.99584,0.00011,0.00405,0.00000
46.00000,0.67194,0.98724,0.00355,0.00921,0.00000
46.05000,0.67194,0.99588,0.00003,0.00409,0.00000
46.10000,0.67194,0.99272,0.00000,0.00727,0.00000
46.15000,0.67194,0.98709,0.00000,0.01291,0.00000
46.20000,0.67194,0.98278,0.00000,0.01722,0.00000
46.25000,0.67194,0.94161,0.00000,0.05839,0.00000
46.30000,0.67194,0.55926,0.00000,0.44074,0.00000
46.35000,0.67194,0.71897,0.00000,0.28103,0.00000
46.40000,0.67194,0.54688,0.00000,0.45312,0.00000
46.45000,0.67194,0.91484,0.00000,0.08514,0.00002
46.50000,0.67194,0.20047,0.00000,0.79953,0.00000
46.55000,0.67194,0.66212,0.00000,0.33788,0.00000
46.60000,0.67194,0.78201,0.00000,0.21799,0.00000
46.65000,0.67194,0.84944,0.00000,0.15056,0.00000
46.70000,0.67194,0.86260,0.00000,0.13740,0.00000
46.75000,0.67194,0.96622,0.00000,0.03377,0.00000
46.80000,0.67194,0.97454,0.00000,0.02546,0.00000
46.85000,0.67194,0.96452,0.00000,0.03548,0.00000
46.90000,0.67194,0.99644,0.00000,0.00356,0.00000
46.95000,0.67194,0.99546,0.00000,0.00454,0.00000
47.00000,0.67194,0.99658,0.00000,0.00342,0.00000
47.05000,0.67194,0.99636,0.00000,0.00364,0.00000
47.10000,0.67194,0.98368,0.00000,0.01632,0.00000
47.15000,0.67194,0.98716,0.00000,0.01284,0.00000
47.20000,0.67194,0.98224,0.00000,0.01776,0.00000
47.25000,0.67194,0.98720,0.00000,0.01280,0.00000
47.30000,0.67194,0.96678,0.00000,0.03322,0.00000
47.35000,0.67194,0.96147,0.00000,0.03852,0.00000
47.40000,0.67194,0.96339,0.00000,0.03661,0.00000
47.45000,0.67194,0.96177,0.00000,0.03822,0.00000
47.50000,0.67194,0.96278,0.00000,0.03722,0.00000
47.55000,0.67194,0.96278,0.00000,0.03722,0.00000
47.60000,0.67194,0.96278,0.00000,0.03722,0.00000
47.65000,0.67194,0.96278,0.00000,0.03722,0.00000
47.70000,0.67194,0.96278,0.00000,0.03722,0.00000
47.75000,0.67194,0.96278,0.00000,0.03722,0.00000
47.80000,0.67194,0.96278,0.00000,0.03722,0.00000
47.85000,0.67194,0.96278,0.00000,0.03722,0.00000
47.90000,0.67194,0.96278,0.00000,0.03722,0.00000
47.95000,0.67194,0.96278,0.00000,0.03722,0.00000
48.00000,0.67194,0.96278,0.00000,0.03722,0.00000
48.05000,0.67194,0.96278,0.00000,0.03722,0.00000
48.10000,0.67194,0.96278,0.00000,0.03722,0.00000
48.15000,0.67194,0.96278,0.00000,0.03722,0.00000
48.20000,0.67194,0.96278,0.00000,0.03722,0.00000
48.25000,0.67194,0.96278,0.00000,0.03722,0.00000
48.30000,0.67194,0.96278,0.00000,0.03722,0.00000
48.35000,0.67194,0.96278,0.00000,0.03722,0.00000
48.40000,0.67194,0.96278,0.00000,0.03722,0.00000
48.45000,0.67194,0.96278,0.00000,0.03722,0.00000
48.50000,0.67194,0.96278,0.00000,0.03722,0.00000
48.55000,0.67194,0.96278,0.00000,0.03722,0.00000
48.60000,0.67194,0.96278,0.00000,0.03722,0.00000
48.65000,0.67194,0.96278,0.00000,0.03722,0.00000
48.70000,0.67194,0.96278,0.00000,0.03722,0.00000
48.75000,0.67194,0.96278,0.00000,0.03722,0.00000
48.80000,0.67194,0.96278,0.00000,0.03722,0.00000
48.85000,0.67194,0.96278,0.00000,0.03722,0.00000
48.90000,0.67194,0.96278,0.00000,0.03722,0.00000
48.95000,0.67194,0.96278,0.00000,0.03722,0.00000
49.00000,0.67194,0.96278,0.00000,0.03722,0.00000
49.05000,0.67194,0.96278,0.00000,0.03722,0.00000
49.10000,0.67194,0.96278,0.00000,0.03722,0.00000
49.15000,0.67194,0.96278,0.00000,0.03722,0.00000
49.20000,0.67194,0.96278,0.00000,0.03722,0.00000
49.25000,0.67194,0.96278,0.00000,0.03722,0.00000
49.30000,0.67194,0.96278,0.00000,0.03722,0.00000
49.35000,0.67194,0.96278,0.00000,0.03722,0.00000
49.40000,0.67194,0.96278,0.00000,0.03722,0.00000
49.45000,0.67194,0.96278,0.00000,0.03722,0.00000
49.50000,0.67194,0.96278,0.00000,0.03722,0.00000
49.55000,0.67194,0.96278,0.00000,0.03722,0.00000
49.60000,0.67194,0.96278,0.00000,0.03722,0.00000
49.65000,0.67194,0.96278,0.00000,0.03722,0.00000
49.70000,0.67194,0.96278,0.00000,0.03722,0.00000
49.75000,0.67194,0.96278,0.00000,0.03722,0.00000
49.80000,0.67194,0.96278,0.00000,0.03722,0.00000
49.85000,0.67194,0.96278,0.00000,0.03722,0.00000
49.90000,0.67194,0.96278,0.00000,0.03722,0.00000
49.95000,0.67194,0.96278,0.00000,0.03722,0.00000
50.00000,0.67194,0.96278,0.00000,0.03722,0.00000
50.05000,0.67194,0.96278,0.00000,0.03722,0.00000
50.10000,0.67194,0.96278,0.00000,0.03722,0.00000
50.15000,0.67194,0.96278,0.00000,0.03722,0.00000
50.20000,0.67194,0.96278,0.00000,0.03722,0.00000
50.25000,0.67194,0.96278,0.00000,0.03722,0.00000
50.30000,0.67194,0.96278,0.00000,0.03722,0.00000
50.35000,0.67194,0.96278,0.00000,0.03722,0.00000
50.40000,0.67194,0.96278,0.00000,0.03722,0.00000
50.45000,0.67194,0.96278,0.00000,0.03722,0.00000
50.50000,0.67194,0.96278,0.00000,0.03722,0.00000
50.55000,0.67194,0.96278,0.00000,0.03722,0.00000
50.60000,0.67194,0.96278,0.00000,0.03722,0.00000
50.65000,0.67194,0.96278,0.00000,0.03722,0.00000
50.70000,0.67194,0.96278,0.00000,0.03722,0.00000
50.75000,0.67194,0.96278,0.00000,0.03722,0.00000
50.80000,0.67194,0.96278,0.00000,0.03722,0.00000
50.85000,0.67194,0.96278,0.00000,0.03722,0.00000
50.90000,0.67194,0.96278,0.00000,0.03722,0.00000
50.95000,0.67194,0.96278,0.00000,0.03722,0.00000
51.00000,0.67194,0.96278,0.00000,0.03722,0.00000
51.05000,0.67194,0.96278,0.00000,0.03722,0.00000
51.10000,0.67194,0.96278,0.00000,0.03722,0.00000
51.15000,0.67194,0.96278,0.00000,0.03722,0.00000
51.20000,0.67194,0.96278,0.00000,0.03722,0.00000
51.25000,0.67194,0.96278,0.00000,0.03722,0.00000
51.30000,0.67194,0.96278,0.00000,0.03722,0.00000
51.35000,0.67194,0.96278,0.00000,0.03722,0.00000
51.40000,0.67194,0.96278,0.00000,0.03722,0.00000
51.45000,0.67194,0.96278,0.00000,0.03722,0.00000
51.50000,0.67194,0.96278,0.00000,0.03722,0.00000
51.55000,0.67194,0.96278,0.00000,0.03722,0.00000
51.60000,0.67194,0.96278,0.00000,0.03722,0.00000
51.65000,0.67194,0.96278,0.00000,0.03722,0.00000
51.70000,0.67194,0.96278,0.00000,0.03722,0.00000
51.75000,0.67194,0.96278,0.00000,0.03722,0.00000
51.80000,0.67194,0.96278,0.00000,0.03722,0.00000
51.85000,0.67194,0.96278,0.00000,0.03722,0.00000
51.90000,0.67194,0.96278,0.00000,0.03722,0.00000
51.95000,0.67194,0.96278,0.00000,0.03722,0.00000
52.00000,0.67194,0.96278,0.00000,0.03722,0.00000
52.05000,0.67194,0.96278,0.00000,0.03722,0.00000
52.10000,0.67194,0.96278,0.00000,0.03722,0.00000
52.15000,0.67194,0.96278,0.00000,0.03722,0.00000
52.20000,0.67194,0.96278,0.00000,0.03722,0.00000
52.25000,0.67194,0.96278,0.00000,0.03722,0.00000
52.30000,0.67194,0.96278,0.00000,0.03722,0.00000
52.35000,0.67194,0.96278,0.00000,0.03722,0.00000
52.40000,0.67194,0.96278,0.00000,0.03722,0.00000
52.45000,0.67194,0.96278,0.00000,0.03722,0.00000
52.50000,0.67194,0.96278,0.00000,0.03722,0.00000
52.55000,0.67194,0.96278,0.00000,0.03722,0.00000
52.60000,0.67194,0.96278,0.00000,0.03722,0.00000
52.65000,0.67194,0.96278,0.00000,0.03722,0.00000
52.70000,0.67194,0.96278,0.00000,0.03722,0.00000
52.75000,0.67194,0.96278,0.00000,0.03722,0.00000
52.80000,0.67194,0.96278,0.00000,0.03722,0.00000
52.85000,0.67194,0.96278,0.00000,0.03722,0.00000
52.90000,0.67194,0.96278,0.00000,0.03722,0.00000
52.95000,0.67194,0.96278,0.00000,0.03722,0.00000
53.00000,0.67194,0.96278,0.00000,0.03722,0.00000
53.05000,0.67194,0.96278,0.00000,0.03722,0.00000
53.10000,0.67194,0.96278,0.00000,0.03722,0.00000
53.15000,0.67194,0.96278,0.00000,0.03722,0.00000
53.20000,0.67194,0.96278,0.00000,0.03722,0.00000
53.25000,0.67194,0.96278,0.00000,0.03722,0.00000
53.30000,0.67194,0.96278,0.00000,0.03722,0.00000
53.35000,0.67194,0.96278,0.00000,0.03722,0.00000
53.40000,0.67194,0.96278,0.00000,0.03722,0.00000
53.45000,0.67194,0.96278,0.00000,0.03722,0.00000
53.50000,0.67194,0.96278,0.00000,0.03722,0.00000
53.55000,0.67194,0.96278,0.00000,0.03722,0.00000
53.60000,0.67194,0.96278,0.00000,0.03722,0.00000
53.65000,0.67194,0.96278,0.00000,0.03722,0.00000
53.70000,0.67194,0.96278,0.00000,0.03722,0.00000
53.75000,0.67194,0.96278,0.00000,0.03722,0.00000
53.80000,0.67194,0.96278,0.00000,0.03722,0.00000
53.85000,0.67194,0.96278,0.00000,0.03722,0.00000
53.90000,0.67194,0.96278,0.00000,0.03722,0.00000
53.95000,0.67194,0.96278,0.00000,0.03722,0.00000
54.00000,0.67194,0.96278,0.00000,0.03722,0.00000
54.05000,0.67194,0.96278,0.00000,0.03722,0.00000
54.10000,0.67194,0.96278,0.00000,0.03722,0.00000
54.15000,0.67194,0.96278,0.00000,0.03722,0.00000
54.20000,0.67194,0.96278,0.00000,0.03722,0.00000
54.25000,0.67194,0.96278,0.00000,0.03722,0.00000
54.30000,0.67194,0.96278,0.00000,0.03722,0.00000
54.35000,0.67194,0.96278,0.00000,0.03722,0.00000
54.40000,0.67194,0.96264,0.00000,0.03736,0.00000
54.45000,0.67194,0.91958,0.00000,0.08042,0.00000
54.50000,0.67194,0.90337,0.00000,0.09663,0.00000
54.55000,0.67194,0.99075,0.00000,0.00925,0.00000
54.60000,0.67194,0.96321,0.00000,0.03679,0.00000
54.65000,0.67194,0.99024,0.00000,0.00976,0.00000
54.70000,0.67194,0.99714,0.00000,0.00286,0.00000
54.75000,0.67194,0.99682,0.00000,0.00318,0.00000
54.80000,0.67194,0.99012,0.00000,0.00988,0.00000
54.85000,0.67194,0.97267,0.00000,0.02733,0.00000
54.90000,0.67194,0.99410,0.00000,0.00590,0.00000
54.95000,0.67194,0.99796,0.00000,0.00204,0.00000
55.00000,0.67194,0.96822,0.00000,0.03178,0.00000
55.05000,0.67194,0.92699,0.00001,0.07300,0.00000
55.10000,0.67194,0.96278,0.00000,0.03722,0.00000
55.15000,0.67194,0.96278,0.00000,0.03722,0.00000
55.20000,0.67194,0.96278,0.00000,0.03722,0.00000
55.25000,0.67194,0.96278,0.00000,0.03722,0.00000
55.30000,0.67194,0.96278,0.00000,0.03722,0.00000
55.35000,0.67194,0.96278,0.00000,0.03722,0.00000
55.40000,0.67194,0.96278,0.00000,0.03722,0.00000
55.45000,0.67194,0.96278,0.00000,0.03722,0.00000
55.50000,0.67194,0.96278,0.00000,0.03722,0.00000
55.55000,0.67194,0.96278,0.00000,0.03722,0.00000
55.60000,0.67194,0.96278,0.00000,0.03722,0.00000
55.65000,0.67194,0.96278,0.00000,0.03722,0.00000
55.70000,0.67194,0.96278,0.00000,0.03722,0.00000
55.75000,0.67194,0.96278,0.00000,0.03722,0.00000
55.80000,0.67194,0.96278,0.00000,0.03722,0.00000
55.85000,0.67194,0.96278,0.00000,0.03722,0.00000
55.90000,0.67194,0.96278,0.00000,0.03722,0.00000
55.95000,0.67194,0.96278,0.00000,0.03722,0.00000
56.00000,0.67194,0.96278,0.00000,0.03722,0.00000
56.05000,0.67194,0.96278,0.00000,0.03722,0.00000
56.10000,0.67194,0.96278,0.00000,0.03722,0.00000
56.15000,0.67194,0.96278,0.00000,0.03722,0.00000
56.20000,0.67194,0.96278,0.00000,0.03722,0.00000
56.25000,0.67194,0.96278,0.00000,0.03722,0.00000
56.30000,0.67194,0.96278,0.00000,0.03722,0.00000
56.35000,0.67194,0.96278,0.00000,0.03722,0.00000
56.40000,0.67194,0.96278,0.00000,0.03722,0.00000
56.45000,0.67194,0.85528,0.00001,0.14471,0.00000
56.50000,0.67194,0.69576,0.00000,0.30424,0.00000
56.55000,0.67194,0.80144,0.00000,0.19856,0.00000
56.60000,0.67194,0.82038,0.00000,0.17962,0.00000
56.65000,0.67194,0.62323,0.00000,0.37677,0.00000
56.70000,0.67194,0.39266,0.00000,0.60734,0.00000
56.75000,0.67194,0.77918,0.00000,0.22082,0.00000
56.80000,0.67194,0.60257,0.00000,0.39743,0.00000
56.85000,0.67194,0.45860,0.00000,0.54140,0.00000
56.90000,0.67194,0.55873,0.00000,0.44127,0.00000
56.95000,0.67194,0.27010,0.00000,0.72990,0.00000
57.00000,0.67194,0.37925,0.00000,0.62075,0.00000
57.05000,0.67194,0.35953,0.00000,0.64047,0.00000
57.10000,0.67194,0.38816,0.00000,0.61184,0.00000
57.15000,0.67194,0.08481,0.00000,0.91519,0.00000
57.20000,0.67194,0.09476,0.00000,0.90524,0.00000
57.25000,0.67194,0.12860,0.00000,0.87140,0.00000
57.30000,0.67194,0.29041,0.00000,0.70959,0.00000
57.35000,0.67194,0.16395,0.00000,0.83605,0.00000
57.40000,0.67194,0.12399,0.00000,0.87601,0.00000
57.45000,0.67194,0.10595,0.00000,0.89405,0.00000
57.50000,0.67194,0.32458,0.00000,0.67542,0.00000
57.55000,0.67194,0.30371,0.00000,0.69629,0.00000
57.60000,0.67194,0.48118,0.00000,0.51882,0.00000
57.65000,0.67194,0.55414,0.00000,0.44586,0.00000
57.70000,0.67194,0.67862,0.00000,0.32138,0.00000
57.75000,0.67194,0.83944,0.00000,0.16056,0.00000
57.80000,0.67194,0.92458,0.00000,0.07541,0.00000
57.85000,0.67194,0.89744,0.00000,0.10256,0.00000
57.90000,0.67194,0.95447,0.00000,0.04553,0.00000
57.95000,0.67194,0.97037,0.00000,0.02962,0.00000
58.00000,0.67194,0.95740,0.00000,0.04260,0.00000
58.05000,0.67194,0.92507,0.00000,0.07493,0.00000
58.10000,0.67194,0.97172,0.00000,0.02828,0.00000
58.15000,0.67194,0.96313,0.00000,0.03687,0.00000
58.20000,0.67194,0.93907,0.00000,0.06093,0.00000
58.25000,0.67194,0.94120,0.00000,0.05879,0.00000
58.30000,0.67194,0.97940,0.00000,0.02060,0.00000
58.35000,0.67194,0.98155,0.00000,0.01844,0.00000
58.40000,0.67194,0.98448,0.00000,0.01552,0.00000
58.45000,0.67194,0.98052,0.00000,0.01948,0.00000
58.50000,0.67194,0.99319,0.00000,0.00681,0.00000
58.55000,0.67194,0.98332,0.00000,0.01668,0.00000
58.60000,0.67194,0.97592,0.00000,0.02408,0.00000
58.65000,0.67194,0.97728,0.00000,0.02272,0.00000
58.70000,0.67194,0.99100,0.00000,0.00900,0.00000
58.75000,0.67194,0.94619,0.00000,0.05381,0.00000
58.80000,0.67194,0.93680,0.00000,0.06320,0.00000
58.85000,0.67194,0.96130,0.00000,0.03870,0.00000
58.90000,0.67194,0.96278,0.00000,0.03722,0.00000
58.95000,0.67194,0.96278,0.00000,0.03722,0.00000
59.00000,0.67194,0.96278,0.00000,0.03722,0.00000
59.05000,0.67194,0.96278,0.00000,0.03722,0.00000
59.10000,0.67194,0.96278,0.00000,0.03722,0.00000
59.15000,0.67194,0.96278,0.00000,0.03722,0.00000
59.20000,0.67194,0.96278,0.00000,0.03722,0.00000
59.25000,0.67194,0.96278,0.00000,0.03722,0.00000
59.30000,0.67194,0.96278,0.00000,0.03722,0.00000
59.35000,0.67194,0.96278,0.00000,0.03722,0.00000
59.40000,0.67194,0.96278,0.00000,0.03722,0.00000
59.45000,0.67194,0.96278,0.00000,0.03722,0.00000
59.50000,0.67194,0.96278,0.00000,0.03722,0.00000
59.55000,0.67194,0.96278,0.00000,0.03722,0.00000
59.60000,0.67194,0.96278,0.00000,0.03722,0.00000
59.65000,0.67194,0.96278,0.00000,0.03722,0.00000
