Time (seconds), Duration (seconds),pred_unlabelled,pred_down,pred_up
0.00000,0.52194,1.00000,0.00000,0.00000
0.07000,0.52194,1.00000,0.00000,0.00000
0.14000,0.52194,1.00000,0.00000,0.00000
0.21000,0.52194,1.00000,0.00000,0.00000
0.28000,0.52194,1.00000,0.00000,0.00000
0.35000,0.52194,1.00000,0.00000,0.00000
0.42000,0.52194,1.00000,0.00000,0.00000
0.49000,0.52194,0.99999,0.00001,0.00000
0.56000,0.52194,0.99996,0.00004,0.00000
0.63000,0.52194,0.99960,0.00040,0.00000
0.70000,0.52194,0.89122,0.10878,0.00000
0.77000,0.52194,0.27583,0.72416,0.00000
0.84000,0.52194,0.80116,0.19884,0.00000
0.91000,0.52194,0.99730,0.00270,0.00000
0.98000,0.52194,0.99649,0.00351,0.00000
1.05000,0.52194,0.99993,0.00007,0.00000
1.12000,0.52194,1.00000,0.00000,0.00000
1.19000,0.52194,1.00000,0.00000,0.00000
1.26000,0.52194,1.00000,0.00000,0.00000
1.33000,0.52194,1.00000,0.00000,0.00000
1.40000,0.52194,1.00000,0.00000,0.00000
1.47000,0.52194,1.00000,0.00000,0.00000
1.54000,0.52194,1.00000,0.00000,0.00000
1.61000,0.52194,1.00000,0.00000,0.00000
1.68000,0.52194,1.00000,0.00000,0.00000
1.75000,0.52194,1.00000,0.00000,0.00000
1.82000,0.52194,1.00000,0.00000,0.00000
1.89000,0.52194,1.00000,0.00000,0.00000
1.96000,0.52194,1.00000,0.00000,0.00000
2.03000,0.52194,1.00000,0.00000,0.00000
2.10000,0.52194,1.00000,0.00000,0.00000
2.17000,0.52194,1.00000,0.00000,0.00000
2.24000,0.52194,1.00000,0.00000,0.00000
2.31000,0.52194,1.00000,0.00000,0.00000
2.38000,0.52194,0.99998,0.00000,0.00002
2.45000,0.52194,1.00000,0.00000,0.00000
2.52000,0.52194,0.99985,0.00015,0.00000
2.59000,0.52194,0.91136,0.08859,0.00005
2.66000,0.52194,0.53876,0.46105,0.00019
2.73000,0.52194,0.99174,0.00826,0.00000
2.80000,0.52194,0.99928,0.00071,0.00000
2.87000,0.52194,0.99966,0.00033,0.00001
2.94000,0.52194,0.99999,0.00000,0.00000
3.01000,0.52194,1.00000,0.00000,0.00000
3.08000,0.52194,1.00000,0.00000,0.00000
3.15000,0.52194,1.00000,0.00000,0.00000
3.22000,0.52194,1.00000,0.00000,0.00000
3.29000,0.52194,1.00000,0.00000,0.00000
3.36000,0.52194,1.00000,0.00000,0.00000
3.43000,0.52194,1.00000,0.00000,0.00000
3.50000,0.52194,1.00000,0.00000,0.00000
3.57000,0.52194,1.00000,0.00000,0.00000
3.64000,0.52194,1.00000,0.00000,0.00000
3.71000,0.52194,1.00000,0.00000,0.00000
3.78000,0.52194,1.00000,0.00000,0.00000
3.85000,0.52194,1.00000,0.00000,0.00000
3.92000,0.52194,1.00000,0.00000,0.00000
3.99000,0.52194,1.00000,0.00000,0.00000
4.06000,0.52194,1.00000,0.00000,0.00000
4.13000,0.52194,1.00000,0.00000,0.00000
4.20000,0.52194,1.00000,0.00000,0.00000
4.27000,0.52194,1.00000,0.00000,0.00000
4.34000,0.52194,1.00000,0.00000,0.00000
4.41000,0.52194,1.00000,0.00000,0.00000
4.48000,0.52194,1.00000,0.00000,0.00000
4.55000,0.52194,0.99999,0.00001,0.00000
4.62000,0.52194,1.00000,0.00000,0.00000
4.69000,0.52194,0.99994,0.00006,0.00000
4.76000,0.52194,0.94293,0.05707,0.00000
4.83000,0.52194,0.03198,0.96802,0.00000
4.90000,0.52194,0.83105,0.16895,0.00000
4.97000,0.52194,0.99791,0.00209,0.00000
5.04000,0.52194,0.99959,0.00041,0.00000
5.11000,0.52194,0.99986,0.00013,0.00000
5.18000,0.52194,1.00000,0.00000,0.00000
5.25000,0.52194,1.00000,0.00000,0.00000
5.32000,0.52194,1.00000,0.00000,0.00000
5.39000,0.52194,1.00000,0.00000,0.00000
5.46000,0.52194,1.00000,0.00000,0.00000
5.53000,0.52194,1.00000,0.00000,0.00000
5.60000,0.52194,1.00000,0.00000,0.00000
5.67000,0.52194,1.00000,0.00000,0.00000
5.74000,0.52194,1.00000,0.00000,0.00000
5.81000,0.52194,1.00000,0.00000,0.00000
5.88000,0.52194,1.00000,0.00000,0.00000
5.95000,0.52194,1.00000,0.00000,0.00000
6.02000,0.52194,1.00000,0.00000,0.00000
6.09000,0.52194,1.00000,0.00000,0.00000
6.16000,0.52194,1.00000,0.00000,0.00000
6.23000,0.52194,1.00000,0.00000,0.00000
6.30000,0.52194,0.99999,0.00001,0.00000
6.37000,0.52194,1.00000,0.00000,0.00000
6.44000,0.52194,0.99998,0.00002,0.00000
6.51000,0.52194,0.99587,0.00412,0.00000
6.58000,0.52194,0.12000,0.88000,0.00001
6.65000,0.52194,0.06702,0.93298,0.00000
6.72000,0.52194,0.99710,0.00101,0.00189
6.79000,0.52194,0.99956,0.00026,0.00019
6.86000,0.52194,0.99975,0.00001,0.00023
6.93000,0.52194,0.99998,0.00001,0.00001
7.00000,0.52194,1.00000,0.00000,0.00000
7.07000,0.52194,1.00000,0.00000,0.00000
7.14000,0.52194,1.00000,0.00000,0.00000
7.21000,0.52194,1.00000,0.00000,0.00000
7.28000,0.52194,1.00000,0.00000,0.00000
7.35000,0.52194,1.00000,0.00000,0.00000
7.42000,0.52194,1.00000,0.00000,0.00000
7.49000,0.52194,1.00000,0.00000,0.00000
7.56000,0.52194,1.00000,0.00000,0.00000
7.63000,0.52194,1.00000,0.00000,0.00000
7.70000,0.52194,1.00000,0.00000,0.00000
7.77000,0.52194,1.00000,0.00000,0.00000
7.84000,0.52194,1.00000,0.00000,0.00000
7.91000,0.52194,1.00000,0.00000,0.00000
7.98000,0.52194,1.00000,0.00000,0.00000
8.05000,0.52194,1.00000,0.00000,0.00000
8.12000,0.52194,0.99999,0.00000,0.00001
8.19000,0.52194,1.00000,0.00000,0.00000
8.26000,0.52194,0.99995,0.00004,0.00001
8.33000,0.52194,0.99902,0.00014,0.00085
8.40000,0.52194,0.84327,0.13896,0.01777
8.47000,0.52194,0.31860,0.67732,0.00407
8.54000,0.52194,0.99542,0.00312,0.00147
8.61000,0.52194,0.99986,0.00007,0.00007
8.68000,0.52194,0.99978,0.00014,0.00009
8.75000,0.52194,0.99995,0.00005,0.00000
8.82000,0.52194,1.00000,0.00000,0.00000
8.89000,0.52194,1.00000,0.00000,0.00000
8.96000,0.52194,1.00000,0.00000,0.00000
9.03000,0.52194,1.00000,0.00000,0.00000
9.10000,0.52194,1.00000,0.00000,0.00000
9.17000,0.52194,1.00000,0.00000,0.00000
9.24000,0.52194,1.00000,0.00000,0.00000
9.31000,0.52194,1.00000,0.00000,0.00000
9.38000,0.52194,1.00000,0.00000,0.00000
9.45000,0.52194,1.00000,0.00000,0.00000
9.52000,0.52194,1.00000,0.00000,0.00000
9.59000,0.52194,1.00000,0.00000,0.00000
9.66000,0.52194,1.00000,0.00000,0.00000
9.73000,0.52194,1.00000,0.00000,0.00000
9.80000,0.52194,1.00000,0.00000,0.00000
9.87000,0.52194,1.00000,0.00000,0.00000
9.94000,0.52194,1.00000,0.00000,0.00000
10.01000,0.52194,1.00000,0.00000,0.00000
10.08000,0.52194,1.00000,0.00000,0.00000
10.15000,0.52194,1.00000,0.00000,0.00000
10.22000,0.52194,1.00000,0.00000,0.00000
10.29000,0.52194,1.00000,0.00000,0.00000
10.36000,0.52194,0.99995,0.00005,0.00000
10.43000,0.52194,0.99873,0.00118,0.00009
10.50000,0.52194,0.66479,0.33465,0.00056
10.57000,0.52194,0.48946,0.51054,0.00000
10.64000,0.52194,0.76913,0.23081,0.00006
10.71000,0.52194,0.26104,0.73896,0.00000
10.78000,0.52194,0.54717,0.45278,0.00005
10.85000,0.52194,0.77750,0.22207,0.00043
10.92000,0.52194,0.94918,0.05082,0.00001
10.99000,0.52194,0.99959,0.00041,0.00000
11.06000,0.52194,1.00000,0.00000,0.00000
11.13000,0.52194,1.00000,0.00000,0.00000
11.20000,0.52194,1.00000,0.00000,0.00000
11.27000,0.52194,1.00000,0.00000,0.00000
11.34000,0.52194,1.00000,0.00000,0.00000
11.41000,0.52194,1.00000,0.00000,0.00000
11.48000,0.52194,1.00000,0.00000,0.00000
11.55000,0.52194,1.00000,0.00000,0.00000
11.62000,0.52194,1.00000,0.00000,0.00000
11.69000,0.52194,1.00000,0.00000,0.00000
11.76000,0.52194,1.00000,0.00000,0.00000
11.83000,0.52194,1.00000,0.00000,0.00000
11.90000,0.52194,1.00000,0.00000,0.00000
11.97000,0.52194,1.00000,0.00000,0.00000
12.04000,0.52194,1.00000,0.00000,0.00000
12.11000,0.52194,1.00000,0.00000,0.00000
12.18000,0.52194,1.00000,0.00000,0.00000
12.25000,0.52194,1.00000,0.00000,0.00000
12.32000,0.52194,1.00000,0.00000,0.00000
12.39000,0.52194,1.00000,0.00000,0.00000
12.46000,0.52194,1.00000,0.00000,0.00000
12.53000,0.52194,0.99998,0.00002,0.00000
12.60000,0.52194,0.98962,0.01038,0.00000
12.67000,0.52194,0.17205,0.82795,0.00000
12.74000,0.52194,0.72056,0.27944,0.00000
12.81000,0.52194,0.99429,0.00571,0.00001
12.88000,0.52194,0.99961,0.00038,0.00000
12.95000,0.52194,0.99990,0.00007,0.00004
13.02000,0.52194,1.00000,0.00000,0.00000
13.09000,0.52194,1.00000,0.00000,0.00000
13.16000,0.52194,1.00000,0.00000,0.00000
13.23000,0.52194,1.00000,0.00000,0.00000
13.30000,0.52194,1.00000,0.00000,0.00000
13.37000,0.52194,1.00000,0.00000,0.00000
13.44000,0.52194,1.00000,0.00000,0.00000
13.51000,0.52194,1.00000,0.00000,0.00000
13.58000,0.52194,1.00000,0.00000,0.00000
13.65000,0.52194,1.00000,0.00000,0.00000
13.72000,0.52194,1.00000,0.00000,0.00000
13.79000,0.52194,1.00000,0.00000,0.00000
13.86000,0.52194,1.00000,0.00000,0.00000
13.93000,0.52194,1.00000,0.00000,0.00000
14.00000,0.52194,1.00000,0.00000,0.00000
14.07000,0.52194,1.00000,0.00000,0.00000
14.14000,0.52194,1.00000,0.00000,0.00000
14.21000,0.52194,1.00000,0.00000,0.00000
14.28000,0.52194,1.00000,0.00000,0.00000
14.35000,0.52194,1.00000,0.00000,0.00000
14.42000,0.52194,0.99999,0.00000,0.00000
14.49000,0.52194,1.00000,0.00000,0.00000
14.56000,0.52194,0.99992,0.00008,0.00000
14.63000,0.52194,0.51999,0.48001,0.00000
14.70000,0.52194,0.05675,0.94325,0.00000
14.77000,0.52194,0.56542,0.43458,0.00000
14.84000,0.52194,0.99305,0.00693,0.00001
14.91000,0.52194,0.99915,0.00085,0.00000
14.98000,0.52194,0.99976,0.00024,0.00000
15.05000,0.52194,0.99996,0.00003,0.00001
15.12000,0.52194,1.00000,0.00000,0.00000
15.19000,0.52194,1.00000,0.00000,0.00000
15.26000,0.52194,1.00000,0.00000,0.00000
15.33000,0.52194,1.00000,0.00000,0.00000
15.40000,0.52194,1.00000,0.00000,0.00000
15.47000,0.52194,1.00000,0.00000,0.00000
15.54000,0.52194,1.00000,0.00000,0.00000
15.61000,0.52194,1.00000,0.00000,0.00000
15.68000,0.52194,1.00000,0.00000,0.00000
15.75000,0.52194,1.00000,0.00000,0.00000
15.82000,0.52194,1.00000,0.00000,0.00000
15.89000,0.52194,1.00000,0.00000,0.00000
15.96000,0.52194,1.00000,0.00000,0.00000
16.03000,0.52194,1.00000,0.00000,0.00000
16.10000,0.52194,1.00000,0.00000,0.00000
16.17000,0.52194,1.00000,0.00000,0.00000
16.24000,0.52194,1.00000,0.00000,0.00000
16.31000,0.52194,1.00000,0.00000,0.00000
16.38000,0.52194,1.00000,0.00000,0.00000
16.45000,0.52194,1.00000,0.00000,0.00000
16.52000,0.52194,1.00000,0.00000,0.00000
16.59000,0.52194,1.00000,0.00000,0.00000
16.66000,0.52194,0.99995,0.00005,0.00000
16.73000,0.52194,0.99852,0.00148,0.00000
16.80000,0.52194,0.02498,0.97500,0.00002
16.87000,0.52194,0.70371,0.29622,0.00007
16.94000,0.52194,0.99619,0.00380,0.00001
17.01000,0.52194,0.99972,0.00028,0.00000
17.08000,0.52194,0.99992,0.00007,0.00000
17.15000,0.52194,0.99999,0.00000,0.00000
17.22000,0.52194,1.00000,0.00000,0.00000
17.29000,0.52194,1.00000,0.00000,0.00000
17.36000,0.52194,1.00000,0.00000,0.00000
17.43000,0.52194,1.00000,0.00000,0.00000
17.50000,0.52194,1.00000,0.00000,0.00000
17.57000,0.52194,1.00000,0.00000,0.00000
17.64000,0.52194,1.00000,0.00000,0.00000
17.71000,0.52194,1.00000,0.00000,0.00000
17.78000,0.52194,1.00000,0.00000,0.00000
17.85000,0.52194,1.00000,0.00000,0.00000
17.92000,0.52194,1.00000,0.00000,0.00000
17.99000,0.52194,1.00000,0.00000,0.00000
18.06000,0.52194,1.00000,0.00000,0.00000
18.13000,0.52194,1.00000,0.00000,0.00000
18.20000,0.52194,1.00000,0.00000,0.00000
18.27000,0.52194,1.00000,0.00000,0.00000
18.34000,0.52194,1.00000,0.00000,0.00000
18.41000,0.52194,1.00000,0.00000,0.00000
18.48000,0.52194,1.00000,0.00000,0.00000
18.55000,0.52194,1.00000,0.00000,0.00000
18.62000,0.52194,1.00000,0.00000,0.00000
18.69000,0.52194,0.99998,0.00002,0.00000
18.76000,0.52194,0.92397,0.07602,0.00001
18.83000,0.52194,0.14488,0.85495,0.00017
18.90000,0.52194,0.83528,0.16471,0.00001
18.97000,0.52194,0.99907,0.00092,0.00001
19.04000,0.52194,0.99979,0.00021,0.00000
19.11000,0.52194,0.99996,0.00004,0.00000
19.18000,0.52194,1.00000,0.00000,0.00000
19.25000,0.52194,1.00000,0.00000,0.00000
19.32000,0.52194,1.00000,0.00000,0.00000
19.39000,0.52194,1.00000,0.00000,0.00000
19.46000,0.52194,1.00000,0.00000,0.00000
19.53000,0.52194,1.00000,0.00000,0.00000
19.60000,0.52194,1.00000,0.00000,0.00000
19.67000,0.52194,1.00000,0.00000,0.00000
19.74000,0.52194,1.00000,0.00000,0.00000
19.81000,0.52194,1.00000,0.00000,0.00000
19.88000,0.52194,1.00000,0.00000,0.00000
19.95000,0.52194,1.00000,0.00000,0.00000
20.02000,0.52194,1.00000,0.00000,0.00000
20.09000,0.52194,1.00000,0.00000,0.00000
20.16000,0.52194,1.00000,0.00000,0.00000
20.23000,0.52194,1.00000,0.00000,0.00000
20.30000,0.52194,1.00000,0.00000,0.00000
20.37000,0.52194,1.00000,0.00000,0.00000
20.44000,0.52194,1.00000,0.00000,0.00000
20.51000,0.52194,1.00000,0.00000,0.00000
20.58000,0.52194,1.00000,0.00000,0.00000
20.65000,0.52194,1.00000,0.00000,0.00000
20.72000,0.52194,0.99999,0.00001,0.00000
20.79000,0.52194,0.99947,0.00053,0.00000
20.86000,0.52194,0.40754,0.59237,0.00009
20.93000,0.52194,0.45117,0.54879,0.00003
21.00000,0.52194,0.99013,0.00987,0.00000
21.07000,0.52194,0.99973,0.00027,0.00000
21.14000,0.52194,0.99999,0.00001,0.00000
21.21000,0.52194,0.99998,0.00002,0.00000
21.28000,0.52194,1.00000,0.00000,0.00000
21.35000,0.52194,1.00000,0.00000,0.00000
21.42000,0.52194,1.00000,0.00000,0.00000
21.49000,0.52194,1.00000,0.00000,0.00000
21.56000,0.52194,1.00000,0.00000,0.00000
21.63000,0.52194,1.00000,0.00000,0.00000
21.70000,0.52194,1.00000,0.00000,0.00000
21.77000,0.52194,1.00000,0.00000,0.00000
21.84000,0.52194,1.00000,0.00000,0.00000
21.91000,0.52194,1.00000,0.00000,0.00000
21.98000,0.52194,1.00000,0.00000,0.00000
22.05000,0.52194,1.00000,0.00000,0.00000
22.12000,0.52194,1.00000,0.00000,0.00000
22.19000,0.52194,1.00000,0.00000,0.00000
22.26000,0.52194,1.00000,0.00000,0.00000
22.33000,0.52194,1.00000,0.00000,0.00000
22.40000,0.52194,1.00000,0.00000,0.00000
22.47000,0.52194,1.00000,0.00000,0.00000
22.54000,0.52194,1.00000,0.00000,0.00000
22.61000,0.52194,0.99999,0.00000,0.00000
22.68000,0.52194,0.99998,0.00002,0.00000
22.75000,0.52194,1.00000,0.00000,0.00000
22.82000,0.52194,0.99163,0.00832,0.00005
22.89000,0.52194,0.23092,0.76907,0.00000
22.96000,0.52194,0.90154,0.09844,0.00002
23.03000,0.52194,0.94950,0.05047,0.00003
23.10000,0.52194,0.98868,0.01131,0.00000
23.17000,0.52194,0.95094,0.04905,0.00000
23.24000,0.52194,0.99324,0.00676,0.00000
23.31000,0.52194,0.99999,0.00001,0.00000
23.38000,0.52194,1.00000,0.00000,0.00000
23.45000,0.52194,1.00000,0.00000,0.00000
23.52000,0.52194,1.00000,0.00000,0.00000
23.59000,0.52194,1.00000,0.00000,0.00000
23.66000,0.52194,1.00000,0.00000,0.00000
23.73000,0.52194,1.00000,0.00000,0.00000
23.80000,0.52194,1.00000,0.00000,0.00000
23.87000,0.52194,1.00000,0.00000,0.00000
23.94000,0.52194,1.00000,0.00000,0.00000
24.01000,0.52194,1.00000,0.00000,0.00000
24.08000,0.52194,1.00000,0.00000,0.00000
24.15000,0.52194,0.99999,0.00000,0.00001
24.22000,0.52194,1.00000,0.00000,0.00000
24.29000,0.52194,0.99998,0.00001,0.00001
24.36000,0.52194,0.99990,0.00009,0.00001
24.43000,0.52194,0.98851,0.01004,0.00145
24.50000,0.52194,0.29813,0.70187,0.00000
24.57000,0.52194,0.21635,0.78365,0.00000
24.64000,0.52194,0.95383,0.04617,0.00000
24.71000,0.52194,0.99006,0.00994,0.00000
24.78000,0.52194,0.99951,0.00049,0.00000
24.85000,0.52194,0.99976,0.00024,0.00000
24.92000,0.52194,1.00000,0.00000,0.00000
24.99000,0.52194,1.00000,0.00000,0.00000
25.06000,0.52194,1.00000,0.00000,0.00000
25.13000,0.52194,1.00000,0.00000,0.00000
25.20000,0.52194,1.00000,0.00000,0.00000
25.27000,0.52194,1.00000,0.00000,0.00000
25.34000,0.52194,1.00000,0.00000,0.00000
25.41000,0.52194,1.00000,0.00000,0.00000
25.48000,0.52194,1.00000,0.00000,0.00000
25.55000,0.52194,1.00000,0.00000,0.00000
25.62000,0.52194,1.00000,0.00000,0.00000
25.69000,0.52194,1.00000,0.00000,0.00000
25.76000,0.52194,1.00000,0.00000,0.00000
25.83000,0.52194,1.00000,0.00000,0.00000
25.90000,0.52194,1.00000,0.00000,0.00000
25.97000,0.52194,1.00000,0.00000,0.00000
26.04000,0.52194,1.00000,0.00000,0.00000
26.11000,0.52194,1.00000,0.00000,0.00000
26.18000,0.52194,1.00000,0.00000,0.00000
26.25000,0.52194,1.00000,0.00000,0.00000
26.32000,0.52194,1.00000,0.00000,0.00000
26.39000,0.52194,1.00000,0.00000,0.00000
26.46000,0.52194,1.00000,0.00000,0.00000
26.53000,0.52194,1.00000,0.00000,0.00000
26.60000,0.52194,0.99996,0.00003,0.00000
26.67000,0.52194,0.99997,0.00003,0.00000
26.74000,0.52194,0.99855,0.00145,0.00000
26.81000,0.52194,0.39766,0.60231,0.00003
26.88000,0.52194,0.01358,0.98642,0.00000
26.95000,0.52194,0.80365,0.19601,0.00033
27.02000,0.52194,0.99393,0.00597,0.00010
27.09000,0.52194,0.99858,0.00125,0.00018
27.16000,0.52194,0.99979,0.00019,0.00002
27.23000,0.52194,0.99999,0.00000,0.00000
27.30000,0.52194,1.00000,0.00000,0.00000
27.37000,0.52194,1.00000,0.00000,0.00000
27.44000,0.52194,1.00000,0.00000,0.00000
27.51000,0.52194,1.00000,0.00000,0.00000
27.58000,0.52194,1.00000,0.00000,0.00000
27.65000,0.52194,1.00000,0.00000,0.00000
27.72000,0.52194,1.00000,0.00000,0.00000
27.79000,0.52194,1.00000,0.00000,0.00000
27.86000,0.52194,1.00000,0.00000,0.00000
27.93000,0.52194,1.00000,0.00000,0.00000
28.00000,0.52194,1.00000,0.00000,0.00000
28.07000,0.52194,1.00000,0.00000,0.00000
28.14000,0.52194,1.00000,0.00000,0.00000
28.21000,0.52194,1.00000,0.00000,0.00000
28.28000,0.52194,0.99997,0.00003,0.00000
28.35000,0.52194,0.99987,0.00013,0.00000
28.42000,0.52194,0.99982,0.00018,0.00000
28.49000,0.52194,0.80231,0.19744,0.00024
28.56000,0.52194,0.02616,0.97384,0.00000
28.63000,0.52194,0.43992,0.55966,0.00043
28.70000,0.52194,0.99197,0.00724,0.00079
28.77000,0.52194,0.99946,0.00037,0.00018
28.84000,0.52194,0.99978,0.00015,0.00007
28.91000,0.52194,0.99998,0.00001,0.00001
28.98000,0.52194,1.00000,0.00000,0.00000
29.05000,0.52194,1.00000,0.00000,0.00000
29.12000,0.52194,1.00000,0.00000,0.00000
29.19000,0.52194,1.00000,0.00000,0.00000
29.26000,0.52194,1.00000,0.00000,0.00000
29.33000,0.52194,1.00000,0.00000,0.00000
29.40000,0.52194,1.00000,0.00000,0.00000
29.47000,0.52194,1.00000,0.00000,0.00000
29.54000,0.52194,1.00000,0.00000,0.00000
29.61000,0.52194,1.00000,0.00000,0.00000
29.68000,0.52194,1.00000,0.00000,0.00000
29.75000,0.52194,1.00000,0.00000,0.00000
29.82000,0.52194,1.00000,0.00000,0.00000
29.89000,0.52194,1.00000,0.00000,0.00000
29.96000,0.52194,1.00000,0.00000,0.00000
30.03000,0.52194,1.00000,0.00000,0.00000
30.10000,0.52194,1.00000,0.00000,0.00000
30.17000,0.52194,1.00000,0.00000,0.00000
30.24000,0.52194,1.00000,0.00000,0.00000
30.31000,0.52194,1.00000,0.00000,0.00000
30.38000,0.52194,0.99999,0.00000,0.00001
30.45000,0.52194,0.99986,0.00009,0.00005
30.52000,0.52194,0.99740,0.00203,0.00057
30.59000,0.52194,0.05870,0.94087,0.00043
30.66000,0.52194,0.03516,0.96484,0.00000
30.73000,0.52194,0.82110,0.17889,0.00000
30.80000,0.52194,0.95469,0.04531,0.00000
30.87000,0.52194,0.98228,0.01772,0.00000
30.94000,0.52194,0.99967,0.00033,0.00000
31.01000,0.52194,1.00000,0.00000,0.00000
31.08000,0.52194,1.00000,0.00000,0.00000
31.15000,0.52194,1.00000,0.00000,0.00000
31.22000,0.52194,1.00000,0.00000,0.00000
31.29000,0.52194,1.00000,0.00000,0.00000
31.36000,0.52194,1.00000,0.00000,0.00000
31.43000,0.52194,1.00000,0.00000,0.00000
31.50000,0.52194,1.00000,0.00000,0.00000
31.57000,0.52194,1.00000,0.00000,0.00000
31.64000,0.52194,1.00000,0.00000,0.00000
31.71000,0.52194,1.00000,0.00000,0.00000
31.78000,0.52194,1.00000,0.00000,0.00000
31.85000,0.52194,1.00000,0.00000,0.00000
31.92000,0.52194,1.00000,0.00000,0.00000
31.99000,0.52194,1.00000,0.00000,0.00000
32.06000,0.52193,1.00000,0.00000,0.00000
32.13000,0.52194,1.00000,0.00000,0.00000
32.20000,0.52194,1.00000,0.00000,0.00000
32.27000,0.52194,1.00000,0.00000,0.00000
32.34000,0.52194,0.99999,0.00000,0.00001
32.41000,0.52194,1.00000,0.00000,0.00000
32.48000,0.52194,0.99983,0.00017,0.00000
32.55000,0.52194,0.99478,0.00522,0.00001
32.62000,0.52194,0.78829,0.21166,0.00006
32.69000,0.52194,0.79244,0.20756,0.00000
32.76000,0.52194,0.99615,0.00384,0.00000
32.83000,0.52193,0.99999,0.00000,0.00000
32.90000,0.52193,1.00000,0.00000,0.00000
32.97000,0.52193,1.00000,0.00000,0.00000
33.04000,0.52194,1.00000,0.00000,0.00000
33.11000,0.52194,1.00000,0.00000,0.00000
33.18000,0.52194,1.00000,0.00000,0.00000
33.25000,0.52194,1.00000,0.00000,0.00000
33.32000,0.52194,1.00000,0.00000,0.00000
33.39000,0.52194,1.00000,0.00000,0.00000
33.46000,0.52194,1.00000,0.00000,0.00000
33.53000,0.52194,1.00000,0.00000,0.00000
33.60000,0.52194,1.00000,0.00000,0.00000
33.67000,0.52194,1.00000,0.00000,0.00000
33.74000,0.52193,1.00000,0.00000,0.00000
33.81000,0.52193,1.00000,0.00000,0.00000
33.88000,0.52194,1.00000,0.00000,0.00000
33.95000,0.52194,1.00000,0.00000,0.00000
34.02000,0.52194,1.00000,0.00000,0.00000
34.09000,0.52194,1.00000,0.00000,0.00000
34.16000,0.52194,1.00000,0.00000,0.00000
34.23000,0.52194,1.00000,0.00000,0.00000
34.30000,0.52194,1.00000,0.00000,0.00000
34.37000,0.52194,1.00000,0.00000,0.00000
34.44000,0.52194,1.00000,0.00000,0.00000
34.51000,0.52194,0.99999,0.00000,0.00001
34.58000,0.52193,1.00000,0.00000,0.00000
34.65000,0.52193,0.99999,0.00001,0.00000
34.72000,0.52193,0.99961,0.00039,0.00000
34.79000,0.52194,0.59037,0.40944,0.00018
34.86000,0.52194,0.22436,0.77560,0.00004
34.93000,0.52194,0.87591,0.12409,0.00000
35.00000,0.52194,0.99908,0.00091,0.00001
35.07000,0.52194,0.99985,0.00014,0.00000
35.14000,0.52194,1.00000,0.00000,0.00000
35.21000,0.52194,1.00000,0.00000,0.00000
35.28000,0.52194,1.00000,0.00000,0.00000
35.35000,0.52194,1.00000,0.00000,0.00000
35.42000,0.52194,1.00000,0.00000,0.00000
35.49000,0.52193,1.00000,0.00000,0.00000
35.56000,0.52193,1.00000,0.00000,0.00000
35.63000,0.52194,1.00000,0.00000,0.00000
35.70000,0.52194,1.00000,0.00000,0.00000
35.77000,0.52194,1.00000,0.00000,0.00000
35.84000,0.52194,1.00000,0.00000,0.00000
35.91000,0.52194,1.00000,0.00000,0.00000
35.98000,0.52194,1.00000,0.00000,0.00000
36.05000,0.52194,1.00000,0.00000,0.00000
36.12000,0.52194,1.00000,0.00000,0.00000
36.19000,0.52194,1.00000,0.00000,0.00000
36.26000,0.52194,1.00000,0.00000,0.00000
36.33000,0.52193,1.00000,0.00000,0.00000
36.40000,0.52193,0.99999,0.00000,0.00001
36.47000,0.52193,1.00000,0.00000,0.00000
36.54000,0.52194,0.99989,0.00011,0.00000
36.61000,0.52194,0.99370,0.00630,0.00000
36.68000,0.52194,0.11370,0.88625,0.00005
36.75000,0.52194,0.36409,0.63591,0.00000
36.82000,0.52194,0.94735,0.05265,0.00000
36.89000,0.52194,0.99756,0.00239,0.00004
36.96000,0.52194,0.99999,0.00001,0.00000
37.03000,0.52194,1.00000,0.00000,0.00000
37.10000,0.52194,1.00000,0.00000,0.00000
37.17000,0.52194,1.00000,0.00000,0.00000
37.24000,0.52193,1.00000,0.00000,0.00000
37.31000,0.52193,1.00000,0.00000,0.00000
37.38000,0.52194,1.00000,0.00000,0.00000
37.45000,0.52194,1.00000,0.00000,0.00000
37.52000,0.52194,1.00000,0.00000,0.00000
37.59000,0.52194,1.00000,0.00000,0.00000
37.66000,0.52194,1.00000,0.00000,0.00000
37.73000,0.52194,1.00000,0.00000,0.00000
37.80000,0.52194,1.00000,0.00000,0.00000
37.87000,0.52194,1.00000,0.00000,0.00000
37.94000,0.52194,1.00000,0.00000,0.00000
38.01000,0.52194,1.00000,0.00000,0.00000
38.08000,0.52193,1.00000,0.00000,0.00000
38.15000,0.52193,1.00000,0.00000,0.00000
38.22000,0.52193,1.00000,0.00000,0.00000
38.29000,0.52194,0.99999,0.00000,0.00000
38.36000,0.52194,1.00000,0.00000,0.00000
38.43000,0.52194,0.99988,0.00012,0.00000
38.50000,0.52194,0.99671,0.00328,0.00000
38.57000,0.52194,0.82701,0.17280,0.00020
38.64000,0.52194,0.75150,0.24850,0.00000
38.71000,0.52194,0.97602,0.02398,0.00000
38.78000,0.52194,0.99517,0.00482,0.00001
38.85000,0.52194,0.99995,0.00000,0.00005
38.92000,0.52194,1.00000,0.00000,0.00000
38.99000,0.52193,1.00000,0.00000,0.00000
39.06000,0.52193,1.00000,0.00000,0.00000
39.13000,0.52194,1.00000,0.00000,0.00000
39.20000,0.52194,1.00000,0.00000,0.00000
39.27000,0.52194,1.00000,0.00000,0.00000
39.34000,0.52194,1.00000,0.00000,0.00000
39.41000,0.52194,1.00000,0.00000,0.00000
39.48000,0.52194,1.00000,0.00000,0.00000
39.55000,0.52194,1.00000,0.00000,0.00000
39.62000,0.52194,1.00000,0.00000,0.00000
39.69000,0.52194,1.00000,0.00000,0.00000
39.76000,0.52194,1.00000,0.00000,0.00000
39.83000,0.52193,1.00000,0.00000,0.00000
39.90000,0.52193,1.00000,0.00000,0.00000
39.97000,0.52193,1.00000,0.00000,0.00000
40.04000,0.52194,1.00000,0.00000,0.00000
40.11000,0.52194,1.00000,0.00000,0.00000
40.18000,0.52194,1.00000,0.00000,0.00000
40.25000,0.52194,1.00000,0.00000,0.00000
40.32000,0.52194,1.00000,0.00000,0.00000
40.39000,0.52194,1.00000,0.00000,0.00000
40.46000,0.52194,1.00000,0.00000,0.00000
40.53000,0.52194,0.99999,0.00000,0.00001
40.60000,0.52194,0.99999,0.00001,0.00000
40.67000,0.52194,0.99899,0.00101,0.00000
40.74000,0.52193,0.92733,0.07266,0.00001
40.81000,0.52193,0.00838,0.99162,0.00000
40.88000,0.52194,0.68865,0.31135,0.00000
40.95000,0.52194,0.99168,0.00832,0.00000
41.02000,0.52194,0.99866,0.00134,0.00000
41.09000,0.52194,1.00000,0.00000,0.00000
41.16000,0.52194,1.00000,0.00000,0.00000
41.23000,0.52194,1.00000,0.00000,0.00000
41.30000,0.52194,1.00000,0.00000,0.00000
41.37000,0.52194,1.00000,0.00000,0.00000
41.44000,0.52194,1.00000,0.00000,0.00000
41.51000,0.52194,1.00000,0.00000,0.00000
41.58000,0.52193,1.00000,0.00000,0.00000
41.65000,0.52193,1.00000,0.00000,0.00000
41.72000,0.52193,1.00000,0.00000,0.00000
41.79000,0.52194,1.00000,0.00000,0.00000
41.86000,0.52194,1.00000,0.00000,0.00000
41.93000,0.52194,1.00000,0.00000,0.00000
42.00000,0.52194,1.00000,0.00000,0.00000
42.07000,0.52194,1.00000,0.00000,0.00000
42.14000,0.52194,1.00000,0.00000,0.00000
42.21000,0.52194,1.00000,0.00000,0.00000
42.28000,0.52194,1.00000,0.00000,0.00000
42.35000,0.52194,1.00000,0.00000,0.00000
42.42000,0.52194,1.00000,0.00000,0.00000
42.49000,0.52193,0.99999,0.00000,0.00001
42.56000,0.52193,0.99999,0.00000,0.00001
42.63000,0.52194,0.99980,0.00019,0.00002
42.70000,0.52194,0.98389,0.01576,0.00035
42.77000,0.52194,0.68039,0.31763,0.00199
42.84000,0.52194,0.47417,0.52580,0.00003
42.91000,0.52194,0.98712,0.01283,0.00006
42.98000,0.52194,0.99604,0.00394,0.00002
43.05000,0.52194,0.99999,0.00001,0.00000
43.12000,0.52194,1.00000,0.00000,0.00000
43.19000,0.52194,1.00000,0.00000,0.00000
43.26000,0.52194,1.00000,0.00000,0.00000
43.33000,0.52193,1.00000,0.00000,0.00000
43.40000,0.52193,1.00000,0.00000,0.00000
43.47000,0.52193,1.00000,0.00000,0.00000
43.54000,0.52194,1.00000,0.00000,0.00000
43.61000,0.52194,1.00000,0.00000,0.00000
43.68000,0.52194,1.00000,0.00000,0.00000
43.75000,0.52194,1.00000,0.00000,0.00000
43.82000,0.52194,1.00000,0.00000,0.00000
43.89000,0.52194,1.00000,0.00000,0.00000
43.96000,0.52194,1.00000,0.00000,0.00000
44.03000,0.52194,1.00000,0.00000,0.00000
44.10000,0.52194,1.00000,0.00000,0.00000
44.17000,0.52194,1.00000,0.00000,0.00000
44.24000,0.52193,1.00000,0.00000,0.00000
44.31000,0.52193,1.00000,0.00000,0.00000
44.38000,0.52194,1.00000,0.00000,0.00000
44.45000,0.52194,0.99999,0.00000,0.00001
44.52000,0.52194,0.99892,0.00107,0.00001
44.59000,0.52194,0.96573,0.03420,0.00007
44.66000,0.52194,0.90694,0.09288,0.00019
44.73000,0.52194,0.33959,0.66040,0.00001
44.80000,0.52194,0.91976,0.08022,0.00001
44.87000,0.52194,0.99628,0.00372,0.00000
44.94000,0.52194,1.00000,0.00000,0.00000
45.01000,0.52194,1.00000,0.00000,0.00000
45.08000,0.52193,1.00000,0.00000,0.00000
45.15000,0.52193,1.00000,0.00000,0.00000
45.22000,0.52193,1.00000,0.00000,0.00000
45.29000,0.52194,1.00000,0.00000,0.00000
45.36000,0.52194,1.00000,0.00000,0.00000
45.43000,0.52194,1.00000,0.00000,0.00000
45.50000,0.52194,1.00000,0.00000,0.00000
45.57000,0.52194,1.00000,0.00000,0.00000
45.64000,0.52194,1.00000,0.00000,0.00000
45.71000,0.52194,1.00000,0.00000,0.00000
45.78000,0.52194,1.00000,0.00000,0.00000
45.85000,0.52194,1.00000,0.00000,0.00000
45.92000,0.52194,1.00000,0.00000,0.00000
45.99000,0.52193,1.00000,0.00000,0.00000
46.06000,0.52193,1.00000,0.00000,0.00000
46.13000,0.52194,1.00000,0.00000,0.00000
46.20000,0.52194,1.00000,0.00000,0.00000
46.27000,0.52194,1.00000,0.00000,0.00000
46.34000,0.52194,1.00000,0.00000,0.00000
46.41000,0.52194,1.00000,0.00000,0.00000
46.48000,0.52194,0.99999,0.00000,0.00001
46.55000,0.52194,0.99998,0.00002,0.00000
46.62000,0.52194,0.98054,0.01945,0.00001
46.69000,0.52194,0.88980,0.10991,0.00029
46.76000,0.52194,0.11348,0.88652,0.00000
46.83000,0.52193,0.89702,0.10295,0.00003
46.90000,0.52193,0.97299,0.02699,0.00001
46.97000,0.52193,0.99986,0.00013,0.00000
47.04000,0.52194,1.00000,0.00000,0.00000
47.11000,0.52194,1.00000,0.00000,0.00000
47.18000,0.52194,1.00000,0.00000,0.00000
47.25000,0.52194,1.00000,0.00000,0.00000
47.32000,0.52194,1.00000,0.00000,0.00000
47.39000,0.52194,1.00000,0.00000,0.00000
47.46000,0.52194,1.00000,0.00000,0.00000
47.53000,0.52194,1.00000,0.00000,0.00000
47.60000,0.52194,1.00000,0.00000,0.00000
47.67000,0.52194,1.00000,0.00000,0.00000
47.74000,0.52193,1.00000,0.00000,0.00000
47.81000,0.52193,1.00000,0.00000,0.00000
47.88000,0.52194,1.00000,0.00000,0.00000
47.95000,0.52194,1.00000,0.00000,0.00000
48.02000,0.52194,1.00000,0.00000,0.00000
48.09000,0.52194,1.00000,0.00000,0.00000
48.16000,0.52194,1.00000,0.00000,0.00000
48.23000,0.52194,1.00000,0.00000,0.00000
48.30000,0.52194,1.00000,0.00000,0.00000
48.37000,0.52194,1.00000,0.00000,0.00000
48.44000,0.52194,1.00000,0.00000,0.00000
48.51000,0.52194,0.99999,0.00000,0.00001
48.58000,0.52193,0.99929,0.00068,0.00003
48.65000,0.52193,0.99272,0.00711,0.00017
48.72000,0.52193,0.96465,0.03438,0.00097
48.79000,0.52194,0.84685,0.15312,0.00003
48.86000,0.52194,0.99263,0.00733,0.00004
48.93000,0.52194,0.99860,0.00139,0.00000
49.00000,0.52194,1.00000,0.00000,0.00000
49.07000,0.52194,1.00000,0.00000,0.00000
49.14000,0.52194,1.00000,0.00000,0.00000
49.21000,0.52194,1.00000,0.00000,0.00000
49.28000,0.52194,1.00000,0.00000,0.00000
49.35000,0.52194,1.00000,0.00000,0.00000
49.42000,0.52194,1.00000,0.00000,0.00000
49.49000,0.52193,1.00000,0.00000,0.00000
49.56000,0.52193,1.00000,0.00000,0.00000
49.63000,0.52194,1.00000,0.00000,0.00000
49.70000,0.52194,1.00000,0.00000,0.00000
49.77000,0.52194,1.00000,0.00000,0.00000
49.84000,0.52194,1.00000,0.00000,0.00000
49.91000,0.52194,1.00000,0.00000,0.00000
49.98000,0.52194,1.00000,0.00000,0.00000
50.05000,0.52194,1.00000,0.00000,0.00000
50.12000,0.52194,1.00000,0.00000,0.00000
50.19000,0.52194,1.00000,0.00000,0.00000
50.26000,0.52194,1.00000,0.00000,0.00000
50.33000,0.52193,1.00000,0.00000,0.00000
50.40000,0.52193,0.99999,0.00000,0.00001
50.47000,0.52193,0.99999,0.00001,0.00000
50.54000,0.52194,0.99949,0.00050,0.00001
50.61000,0.52194,0.97287,0.02707,0.00006
50.68000,0.52194,0.92831,0.07160,0.00009
50.75000,0.52194,0.28069,0.71930,0.00000
50.82000,0.52194,0.97028,0.02972,0.00000
50.89000,0.52194,0.99979,0.00021,0.00000
50.96000,0.52194,1.00000,0.00000,0.00000
51.03000,0.52194,1.00000,0.00000,0.00000
51.10000,0.52194,1.00000,0.00000,0.00000
51.17000,0.52194,1.00000,0.00000,0.00000
51.24000,0.52193,1.00000,0.00000,0.00000
51.31000,0.52193,1.00000,0.00000,0.00000
51.38000,0.52194,1.00000,0.00000,0.00000
51.45000,0.52194,1.00000,0.00000,0.00000
51.52000,0.52194,1.00000,0.00000,0.00000
51.59000,0.52194,1.00000,0.00000,0.00000
51.66000,0.52194,1.00000,0.00000,0.00000
51.73000,0.52194,1.00000,0.00000,0.00000
51.80000,0.52194,1.00000,0.00000,0.00000
51.87000,0.52194,1.00000,0.00000,0.00000
51.94000,0.52194,1.00000,0.00000,0.00000
52.01000,0.52194,1.00000,0.00000,0.00000
52.08000,0.52193,1.00000,0.00000,0.00000
52.15000,0.52193,1.00000,0.00000,0.00000
52.22000,0.52193,1.00000,0.00000,0.00000
52.29000,0.52194,1.00000,0.00000,0.00000
52.36000,0.52194,0.99997,0.00001,0.00002
52.43000,0.52194,0.99995,0.00001,0.00004
52.50000,0.52194,0.99628,0.00042,0.00330
52.57000,0.52194,0.66412,0.29931,0.03657
52.64000,0.52194,0.90619,0.07047,0.02334
52.71000,0.52194,0.49740,0.50242,0.00018
52.78000,0.52194,0.12559,0.87427,0.00014
52.85000,0.52194,0.24968,0.75030,0.00003
52.92000,0.52194,0.31105,0.68894,0.00000
52.99000,0.52193,0.98903,0.01021,0.00076
53.06000,0.52193,0.99930,0.00069,0.00001
53.13000,0.52194,0.99988,0.00012,0.00000
53.20000,0.52194,0.99999,0.00001,0.00000
53.27000,0.52194,1.00000,0.00000,0.00000
53.34000,0.52194,1.00000,0.00000,0.00000
53.41000,0.52194,1.00000,0.00000,0.00000
53.48000,0.52194,1.00000,0.00000,0.00000
53.55000,0.52194,1.00000,0.00000,0.00000
53.62000,0.52194,1.00000,0.00000,0.00000
53.69000,0.52194,1.00000,0.00000,0.00000
53.76000,0.52194,1.00000,0.00000,0.00000
53.83000,0.52193,1.00000,0.00000,0.00000
53.90000,0.52193,1.00000,0.00000,0.00000
53.97000,0.52193,1.00000,0.00000,0.00000
54.04000,0.52194,1.00000,0.00000,0.00000
54.11000,0.52194,1.00000,0.00000,0.00000
54.18000,0.52194,1.00000,0.00000,0.00000
54.25000,0.52194,1.00000,0.00000,0.00000
54.32000,0.52194,1.00000,0.00000,0.00000
54.39000,0.52194,0.99998,0.00002,0.00000
54.46000,0.52194,0.99987,0.00013,0.00000
54.53000,0.52194,0.99930,0.00070,0.00000
54.60000,0.52194,0.08058,0.91938,0.00004
54.67000,0.52194,0.67254,0.32746,0.00000
54.74000,0.52193,0.99879,0.00121,0.00000
54.81000,0.52193,0.99949,0.00051,0.00000
54.88000,0.52194,0.99995,0.00004,0.00001
54.95000,0.52194,0.99999,0.00000,0.00001
55.02000,0.52194,1.00000,0.00000,0.00000
55.09000,0.52194,1.00000,0.00000,0.00000
55.16000,0.52194,1.00000,0.00000,0.00000
55.23000,0.52194,1.00000,0.00000,0.00000
55.30000,0.52194,1.00000,0.00000,0.00000
55.37000,0.52194,1.00000,0.00000,0.00000
55.44000,0.52194,1.00000,0.00000,0.00000
55.51000,0.52194,1.00000,0.00000,0.00000
55.58000,0.52193,1.00000,0.00000,0.00000
55.65000,0.52193,1.00000,0.00000,0.00000
55.72000,0.52193,1.00000,0.00000,0.00000
55.79000,0.52194,1.00000,0.00000,0.00000
55.86000,0.52194,1.00000,0.00000,0.00000
55.93000,0.52194,1.00000,0.00000,0.00000
56.00000,0.52194,1.00000,0.00000,0.00000
56.07000,0.52194,1.00000,0.00000,0.00000
56.14000,0.52194,1.00000,0.00000,0.00000
56.21000,0.52194,1.00000,0.00000,0.00000
56.28000,0.52194,1.00000,0.00000,0.00000
56.35000,0.52194,1.00000,0.00000,0.00000
56.42000,0.52194,1.00000,0.00000,0.00000
56.49000,0.52193,1.00000,0.00000,0.00000
56.56000,0.52193,1.00000,0.00000,0.00000
56.63000,0.52194,1.00000,0.00000,0.00000
56.70000,0.52194,1.00000,0.00000,0.00000
56.77000,0.52194,1.00000,0.00000,0.00000
56.84000,0.52194,1.00000,0.00000,0.00000
56.91000,0.52194,0.92035,0.07958,0.00007
56.98000,0.52194,0.04166,0.95834,0.00001
57.05000,0.52194,0.91229,0.08770,0.00000
57.12000,0.52194,0.99786,0.00212,0.00002
57.19000,0.52194,0.99983,0.00017,0.00000
57.26000,0.52194,0.99996,0.00003,0.00000
57.33000,0.52193,1.00000,0.00000,0.00000
57.40000,0.52193,1.00000,0.00000,0.00000
57.47000,0.52193,1.00000,0.00000,0.00000
57.54000,0.52194,1.00000,0.00000,0.00000
57.61000,0.52194,1.00000,0.00000,0.00000
57.68000,0.52194,1.00000,0.00000,0.00000
57.75000,0.52194,1.00000,0.00000,0.00000
57.82000,0.52194,1.00000,0.00000,0.00000
57.89000,0.52194,1.00000,0.00000,0.00000
57.96000,0.52194,1.00000,0.00000,0.00000
58.03000,0.52194,1.00000,0.00000,0.00000
58.10000,0.52194,1.00000,0.00000,0.00000
58.17000,0.52194,0.99999,0.00000,0.00001
58.24000,0.52193,0.99999,0.00001,0.00000
58.31000,0.52193,0.99996,0.00004,0.00000
58.38000,0.52194,0.99658,0.00342,0.00000
58.45000,0.52194,0.96781,0.03219,0.00000
58.52000,0.52194,0.06048,0.93952,0.00000
58.59000,0.52194,0.82266,0.17734,0.00000
58.66000,0.52194,0.99749,0.00251,0.00000
58.73000,0.52194,0.99901,0.00098,0.00001
58.80000,0.52194,0.99962,0.00034,0.00003
58.87000,0.52194,0.99998,0.00001,0.00000
58.94000,0.52194,1.00000,0.00000,0.00000
59.01000,0.52194,1.00000,0.00000,0.00000
59.08000,0.52193,1.00000,0.00000,0.00000
59.15000,0.52193,1.00000,0.00000,0.00000
59.22000,0.52193,1.00000,0.00000,0.00000
59.29000,0.52194,1.00000,0.00000,0.00000
59.36000,0.52194,1.00000,0.00000,0.00000
59.43000,0.52194,1.00000,0.00000,0.00000
59.50000,0.52194,1.00000,0.00000,0.00000
59.57000,0.52194,1.00000,0.00000,0.00000
59.64000,0.52194,1.00000,0.00000,0.00000
59.71000,0.52194,1.00000,0.00000,0.00000
59.78000,0.52194,1.00000,0.00000,0.00000
59.85000,0.52194,1.00000,0.00000,0.00000
59.92000,0.52194,1.00000,0.00000,0.00000
59.99000,0.52193,1.00000,0.00000,0.00000
60.06000,0.52193,1.00000,0.00000,0.00000
60.13000,0.52194,1.00000,0.00000,0.00000
60.20000,0.52194,1.00000,0.00000,0.00000
60.27000,0.52194,1.00000,0.00000,0.00000
60.34000,0.52194,1.00000,0.00000,0.00000
60.41000,0.52194,0.99999,0.00000,0.00000
60.48000,0.52194,0.99996,0.00004,0.00000
60.55000,0.52194,0.99994,0.00006,0.00000
60.62000,0.52194,0.99797,0.00203,0.00000
60.69000,0.52194,0.11766,0.88234,0.00000
60.76000,0.52194,0.93176,0.06824,0.00000
60.83000,0.52193,0.99993,0.00007,0.00000
60.90000,0.52193,0.99989,0.00010,0.00000
60.97000,0.52193,0.99994,0.00004,0.00002
61.04000,0.52194,1.00000,0.00000,0.00000
61.11000,0.52194,1.00000,0.00000,0.00000
61.18000,0.52194,1.00000,0.00000,0.00000
61.25000,0.52194,1.00000,0.00000,0.00000
61.32000,0.52194,1.00000,0.00000,0.00000
61.39000,0.52194,1.00000,0.00000,0.00000
61.46000,0.52194,1.00000,0.00000,0.00000
