Time (seconds), Duration (seconds),pred_unlabelled,pred_baby_cry,pred_cough,pred_water_tap
0.00000,0.67194,0.99344,0.00651,0.00000,0.00006
0.05000,0.67194,0.99821,0.00120,0.00000,0.00060
0.10000,0.67194,0.99540,0.00456,0.00000,0.00004
0.15000,0.67194,0.99705,0.00197,0.00000,0.00097
0.20000,0.67194,0.99540,0.00456,0.00000,0.00004
0.25000,0.67194,0.99746,0.00188,0.00000,0.00066
0.30000,0.67194,0.99807,0.00178,0.00000,0.00016
0.35000,0.67194,0.99865,0.00104,0.00000,0.00030
0.40000,0.67194,0.99706,0.00272,0.00000,0.00022
0.45000,0.67194,0.99850,0.00047,0.00000,0.00103
0.50000,0.67194,0.99519,0.00426,0.00000,0.00055
0.55000,0.67194,0.99471,0.00434,0.00000,0.00095
0.60000,0.67194,0.99591,0.00386,0.00000,0.00023
0.65000,0.67194,0.99437,0.00519,0.00000,0.00044
0.70000,0.67194,0.98854,0.01134,0.00000,0.00012
0.75000,0.67194,0.99619,0.00363,0.00000,0.00018
0.80000,0.67194,0.99440,0.00534,0.00000,0.00026
0.85000,0.67194,0.98972,0.00949,0.00000,0.00079
0.90000,0.67194,0.98972,0.01013,0.00000,0.00015
0.95000,0.67194,0.98484,0.01432,0.00000,0.00085
1.00000,0.67194,0.98034,0.01902,0.00000,0.00064
1.05000,0.67194,0.99614,0.00336,0.00000,0.00049
1.10000,0.67194,0.99440,0.00525,0.00000,0.00035
1.15000,0.67194,0.99411,0.00568,0.00000,0.00021
1.20000,0.67194,0.99374,0.00602,0.00000,0.00024
1.25000,0.67194,0.99752,0.00217,0.00000,0.00031
1.30000,0.67194,0.99770,0.00219,0.00000,0.00011
1.35000,0.67194,0.99866,0.00076,0.00000,0.00059
1.40000,0.67194,0.99608,0.00367,0.00000,0.00024
1.45000,0.67194,0.99704,0.00222,0.00000,0.00074
1.50000,0.67194,0.99785,0.00183,0.00000,0.00031
1.55000,0.67194,0.99822,0.00145,0.00000,0.00032
1.60000,0.67194,0.99737,0.00176,0.00000,0.00087
1.65000,0.67194,0.99721,0.00163,0.00000,0.00117
1.70000,0.67194,0.99734,0.00104,0.00000,0.00162
1.75000,0.67194,0.99657,0.00185,0.00000,0.00157
1.80000,0.67194,0.99289,0.00133,0.00000,0.00578
1.85000,0.67194,0.98398,0.00613,0.00000,0.00989
1.90000,0.67194,0.99243,0.00078,0.00000,0.00679
1.95000,0.67194,0.98479,0.00187,0.00000,0.01334
2.00000,0.67194,0.98431,0.00078,0.00000,0.01491
2.05000,0.67194,0.99240,0.00106,0.00000,0.00654
2.10000,0.67194,0.98890,0.00092,0.00000,0.01018
2.15000,0.67194,0.98898,0.00144,0.00000,0.00958
2.20000,0.67194,0.99517,0.00055,0.00000,0.00428
2.25000,0.67194,0.96965,0.00101,0.00000,0.02934
2.30000,0.67194,0.99504,0.00070,0.00000,0.00426
2.35000,0.67194,0.99128,0.00087,0.00000,0.00784
2.40000,0.67194,0.99434,0.00049,0.00000,0.00516
2.45000,0.67194,0.99735,0.00144,0.00000,0.00121
2.50000,0.67194,0.99733,0.00112,0.00000,0.00156
2.55000,0.67194,0.99724,0.00109,0.00000,0.00167
2.60000,0.67194,0.99885,0.00080,0.00000,0.00035
2.65000,0.67194,0.99791,0.00037,0.00000,0.00172
2.70000,0.67194,0.99723,0.00064,0.00000,0.00213
2.75000,0.67194,0.99619,0.00183,0.00000,0.00198
2.80000,0.67194,0.98918,0.00145,0.00000,0.00936
2.85000,0.67194,0.99763,0.00113,0.00000,0.00124
2.90000,0.67194,0.99711,0.00058,0.00000,0.00231
2.95000,0.67194,0.99770,0.00121,0.00000,0.00109
3.00000,0.67194,0.99701,0.00134,0.00000,0.00165
3.05000,0.67194,0.99648,0.00183,0.00000,0.00169
3.10000,0.67194,0.99172,0.00173,0.00000,0.00654
3.15000,0.67194,0.99035,0.00121,0.00000,0.00843
3.20000,0.67194,0.99111,0.00122,0.00000,0.00767
3.25000,0.67194,0.98872,0.00289,0.00000,0.00838
3.30000,0.67194,0.98505,0.00252,0.00000,0.01243
3.35000,0.67194,0.99149,0.00309,0.00000,0.00542
3.40000,0.67194,0.97418,0.00199,0.00000,0.02383
3.45000,0.67194,0.97470,0.00406,0.00000,0.02125
3.50000,0.67194,0.98523,0.00062,0.00000,0.01415
3.55000,0.67194,0.98532,0.00486,0.00000,0.00983
3.60000,0.67194,0.96697,0.00095,0.00000,0.03208
3.65000,0.67194,0.96706,0.00181,0.00000,0.03113
3.70000,0.67194,0.97397,0.00053,0.00000,0.02549
3.75000,0.67194,0.99433,0.00098,0.00000,0.00470
3.80000,0.67194,0.99220,0.00076,0.00000,0.00704
3.85000,0.67194,0.98972,0.00114,0.00000,0.00914
3.90000,0.67194,0.99067,0.00110,0.00000,0.00823
3.95000,0.67194,0.99521,0.00045,0.00001,0.00433
4.00000,0.67194,0.99057,0.00066,0.00000,0.00877
4.05000,0.67194,0.98925,0.00222,0.00000,0.00852
4.10000,0.67194,0.99523,0.00078,0.00000,0.00399
4.15000,0.67194,0.99307,0.00152,0.00000,0.00541
4.20000,0.67194,0.99450,0.00042,0.00000,0.00508
4.25000,0.67194,0.99637,0.00112,0.00000,0.00251
4.30000,0.67194,0.99565,0.00067,0.00000,0.00368
4.35000,0.67194,0.99319,0.00123,0.00000,0.00559
4.40000,0.67194,0.99299,0.00148,0.00000,0.00553
4.45000,0.67194,0.99681,0.00071,0.00000,0.00248
4.50000,0.67194,0.98939,0.00145,0.00000,0.00916
4.55000,0.67194,0.98922,0.00222,0.00000,0.00856
4.60000,0.67194,0.98285,0.00071,0.00000,0.01643
4.65000,0.67194,0.98277,0.00374,0.00000,0.01349
4.70000,0.67194,0.97709,0.00209,0.00000,0.02083
4.75000,0.67194,0.97175,0.00463,0.00000,0.02362
4.80000,0.67194,0.92335,0.00372,0.00001,0.07292
4.85000,0.67194,0.96416,0.00671,0.00000,0.02913
4.90000,0.67194,0.96094,0.00760,0.00000,0.03146
4.95000,0.67194,0.94653,0.00382,0.00001,0.04964
5.00000,0.67194,0.77722,0.00215,0.00001,0.22062
5.05000,0.67194,0.89777,0.00362,0.00002,0.09859
5.10000,0.67194,0.79207,0.00344,0.00001,0.20448
5.15000,0.67194,0.91297,0.00519,0.00001,0.08183
5.20000,0.67194,0.94326,0.00094,0.00010,0.05570
5.25000,0.67194,0.94666,0.00445,0.00002,0.04888
5.30000,0.67194,0.93044,0.00437,0.00000,0.06519
5.35000,0.67194,0.89680,0.00278,0.00001,0.10041
5.40000,0.67194,0.97549,0.00117,0.00003,0.02331
5.45000,0.67194,0.97134,0.00231,0.00003,0.02632
5.50000,0.67194,0.93973,0.00152,0.00001,0.05874
5.55000,0.67194,0.99385,0.00291,0.00001,0.00323
5.60000,0.67194,0.99122,0.00172,0.00001,0.00704
5.65000,0.67194,0.98918,0.00555,0.00001,0.00525
5.70000,0.67194,0.97389,0.00108,0.00001,0.02502
5.75000,0.67194,0.97950,0.00566,0.00000,0.01484
5.80000,0.67194,0.98835,0.00328,0.00000,0.00837
5.85000,0.67194,0.95858,0.00584,0.00003,0.03556
5.90000,0.67194,0.96055,0.00082,0.00001,0.03862
5.95000,0.67194,0.98453,0.00275,0.00001,0.01271
6.00000,0.67194,0.96064,0.00060,0.00004,0.03872
6.05000,0.67194,0.94676,0.00172,0.00002,0.05150
6.10000,0.67194,0.95234,0.00085,0.00002,0.04678
6.15000,0.67194,0.95891,0.00110,0.00000,0.03999
6.20000,0.67194,0.84553,0.00095,0.00000,0.15352
6.25000,0.67194,0.98194,0.00188,0.00000,0.01618
6.30000,0.67194,0.91271,0.00079,0.00000,0.08649
6.35000,0.67194,0.99344,0.00177,0.00000,0.00479
6.40000,0.67194,0.96105,0.00063,0.00000,0.03832
6.45000,0.67194,0.99092,0.00342,0.00000,0.00566
6.50000,0.67194,0.99273,0.00193,0.00000,0.00535
6.55000,0.67194,0.99544,0.00227,0.00000,0.00229
6.60000,0.67194,0.97390,0.00186,0.00000,0.02425
6.65000,0.67194,0.99236,0.00276,0.00000,0.00488
6.70000,0.67194,0.96649,0.00157,0.00000,0.03194
6.75000,0.67194,0.98796,0.00678,0.00000,0.00525
6.80000,0.67194,0.95416,0.03901,0.00000,0.00684
6.85000,0.67194,0.99115,0.00265,0.00000,0.00620
6.90000,0.67194,0.98794,0.01037,0.00000,0.00169
6.95000,0.67194,0.99022,0.00259,0.00000,0.00720
7.00000,0.67194,0.98997,0.00484,0.00000,0.00519
7.05000,0.67194,0.98890,0.00299,0.00000,0.00811
7.10000,0.67194,0.99232,0.00357,0.00000,0.00411
7.15000,0.67194,0.97640,0.00139,0.00000,0.02221
7.20000,0.67194,0.99467,0.00385,0.00000,0.00148
7.25000,0.67194,0.98729,0.00170,0.00000,0.01101
7.30000,0.67194,0.99409,0.00386,0.00000,0.00205
7.35000,0.67194,0.98614,0.00207,0.00000,0.01179
7.40000,0.67194,0.98132,0.00180,0.00000,0.01689
7.45000,0.67194,0.99343,0.00288,0.00000,0.00368
7.50000,0.67194,0.96844,0.00565,0.00000,0.02591
7.55000,0.67194,0.97058,0.00631,0.00000,0.02311
7.60000,0.67194,0.95803,0.00431,0.00001,0.03765
7.65000,0.67194,0.98880,0.00573,0.00000,0.00547
7.70000,0.67194,0.83020,0.00148,0.00000,0.16832
7.75000,0.67194,0.98468,0.00653,0.00000,0.00879
7.80000,0.67194,0.90594,0.00295,0.00000,0.09112
7.85000,0.67194,0.99167,0.00546,0.00000,0.00286
7.90000,0.67194,0.85264,0.00177,0.00000,0.14559
7.95000,0.67194,0.99397,0.00315,0.00000,0.00288
8.00000,0.67194,0.97966,0.00120,0.00000,0.01914
8.05000,0.67194,0.99477,0.00212,0.00000,0.00311
8.10000,0.67194,0.97069,0.00161,0.00000,0.02770
8.15000,0.67194,0.99500,0.00340,0.00000,0.00159
8.20000,0.67194,0.99604,0.00087,0.00000,0.00309
8.25000,0.67194,0.99589,0.00131,0.00000,0.00280
8.30000,0.67194,0.99438,0.00130,0.00000,0.00432
8.35000,0.67194,0.99384,0.00177,0.00000,0.00439
8.40000,0.67194,0.99304,0.00198,0.00000,0.00498
8.45000,0.67194,0.99221,0.00169,0.00000,0.00610
8.50000,0.67194,0.98955,0.00147,0.00000,0.00898
8.55000,0.67194,0.99010,0.00345,0.00000,0.00644
8.60000,0.67194,0.98884,0.00188,0.00000,0.00928
8.65000,0.67194,0.98443,0.00066,0.00000,0.01491
8.70000,0.67194,0.98108,0.00084,0.00000,0.01808
8.75000,0.67194,0.97505,0.00241,0.00000,0.02255
8.80000,0.67194,0.97972,0.00052,0.00000,0.01976
8.85000,0.67194,0.97777,0.00109,0.00000,0.02114
8.90000,0.67194,0.95695,0.00049,0.00000,0.04255
8.95000,0.67194,0.98638,0.00182,0.00000,0.01180
9.00000,0.67194,0.98782,0.00037,0.00000,0.01182
9.05000,0.67194,0.99097,0.00030,0.00000,0.00873
9.10000,0.67194,0.98728,0.00035,0.00000,0.01237
9.15000,0.67194,0.99274,0.00083,0.00000,0.00642
9.20000,0.67194,0.96263,0.00088,0.00000,0.03648
9.25000,0.67194,0.98609,0.00088,0.00001,0.01303
9.30000,0.67194,0.98398,0.00146,0.00001,0.01456
9.35000,0.67194,0.99357,0.00211,0.00000,0.00432
9.40000,0.67194,0.98281,0.00120,0.00000,0.01599
9.45000,0.67194,0.98981,0.00410,0.00000,0.00609
9.50000,0.67194,0.99290,0.00111,0.00000,0.00599
9.55000,0.67194,0.99035,0.00201,0.00000,0.00763
9.60000,0.67194,0.98997,0.00266,0.00000,0.00737
9.65000,0.67194,0.99283,0.00123,0.00000,0.00594
9.70000,0.67194,0.99296,0.00160,0.00000,0.00544
9.75000,0.67194,0.99562,0.00157,0.00000,0.00280
9.80000,0.67194,0.99624,0.00282,0.00000,0.00094
9.85000,0.67194,0.99326,0.00289,0.00000,0.00385
9.90000,0.67194,0.98808,0.00311,0.00000,0.00881
9.95000,0.67194,0.97986,0.00530,0.00000,0.01484
10.00000,0.67194,0.96976,0.00183,0.00000,0.02841
10.05000,0.67194,0.98436,0.00490,0.00000,0.01073
10.10000,0.67194,0.97857,0.00173,0.00000,0.01970
10.15000,0.67194,0.96735,0.01110,0.00000,0.02154
10.20000,0.67194,0.85258,0.00370,0.00000,0.14372
10.25000,0.67194,0.94285,0.00670,0.00000,0.05045
10.30000,0.67194,0.88572,0.01414,0.00000,0.10014
10.35000,0.67194,0.95691,0.01344,0.00000,0.02965
10.40000,0.67194,0.91916,0.00373,0.00000,0.07711
10.45000,0.67194,0.97965,0.00321,0.00000,0.01714
10.50000,0.67194,0.97502,0.00375,0.00000,0.02123
10.55000,0.67194,0.98037,0.00894,0.00000,0.01069
10.60000,0.67194,0.98755,0.00143,0.00001,0.01102
10.65000,0.67194,0.97321,0.00742,0.00000,0.01936
10.70000,0.67194,0.98282,0.00587,0.00000,0.01130
10.75000,0.67194,0.98875,0.00352,0.00000,0.00773
10.80000,0.67194,0.98199,0.00129,0.00000,0.01672
10.85000,0.67194,0.98901,0.00344,0.00000,0.00755
10.90000,0.67194,0.97000,0.00047,0.00000,0.02953
10.95000,0.67194,0.96324,0.00676,0.00000,0.02999
11.00000,0.67194,0.98716,0.00161,0.00000,0.01123
11.05000,0.67194,0.97006,0.00159,0.00000,0.02835
11.10000,0.67194,0.94447,0.00245,0.00000,0.05308
11.15000,0.67194,0.95311,0.00706,0.00000,0.03983
11.20000,0.67194,0.96450,0.00129,0.00000,0.03421
11.25000,0.67194,0.97190,0.00364,0.00000,0.02446
11.30000,0.67194,0.97947,0.00239,0.00000,0.01814
11.35000,0.67194,0.94762,0.00152,0.00000,0.05086
11.40000,0.67194,0.98538,0.00499,0.00000,0.00963
11.45000,0.67194,0.98130,0.00116,0.00000,0.01754
11.50000,0.67194,0.98571,0.00099,0.00000,0.01330
11.55000,0.67194,0.97414,0.00288,0.00000,0.02297
11.60000,0.67194,0.98333,0.00478,0.00000,0.01188
11.65000,0.67194,0.99016,0.00139,0.00000,0.00845
11.70000,0.67194,0.98936,0.00415,0.00000,0.00649
11.75000,0.67194,0.95061,0.00114,0.00000,0.04825
11.80000,0.67194,0.98435,0.00116,0.00000,0.01449
11.85000,0.67194,0.96778,0.00101,0.00000,0.03121
11.90000,0.67194,0.98704,0.00170,0.00000,0.01126
11.95000,0.67194,0.91368,0.00016,0.00000,0.08616
12.00000,0.67194,0.97922,0.00516,0.00000,0.01562
12.05000,0.67194,0.93345,0.00067,0.00000,0.06588
12.10000,0.67194,0.98223,0.00054,0.00000,0.01723
12.15000,0.67194,0.87407,0.00040,0.00000,0.12553
12.20000,0.67194,0.94099,0.00125,0.00000,0.05776
12.25000,0.67194,0.75743,0.00037,0.00000,0.24220
12.30000,0.67194,0.93965,0.00172,0.00000,0.05862
12.35000,0.67194,0.82701,0.00025,0.00000,0.17274
12.40000,0.67194,0.97531,0.00200,0.00000,0.02269
12.45000,0.67194,0.89075,0.00050,0.00000,0.10875
12.50000,0.67194,0.95445,0.00212,0.00000,0.04343
12.55000,0.67194,0.97099,0.00092,0.00000,0.02809
12.60000,0.67194,0.96182,0.00383,0.00000,0.03435
12.65000,0.67194,0.90507,0.00274,0.00000,0.09218
12.70000,0.67194,0.96884,0.00646,0.00000,0.02470
12.75000,0.67194,0.94407,0.00527,0.00000,0.05066
12.80000,0.67194,0.97770,0.00443,0.00000,0.01787
12.85000,0.67194,0.93377,0.00539,0.00000,0.06084
12.90000,0.67194,0.95955,0.00543,0.00000,0.03502
12.95000,0.67194,0.91581,0.00270,0.00000,0.08149
13.00000,0.67194,0.94603,0.00909,0.00000,0.04488
13.05000,0.67194,0.95677,0.00448,0.00001,0.03874
13.10000,0.67194,0.97246,0.00259,0.00000,0.02495
13.15000,0.67194,0.95761,0.00558,0.00000,0.03681
13.20000,0.67194,0.95502,0.00352,0.00000,0.04146
13.25000,0.67194,0.95513,0.00083,0.00000,0.04404
13.30000,0.67194,0.89051,0.00133,0.00000,0.10815
13.35000,0.67194,0.89375,0.00147,0.00001,0.10477
13.40000,0.67194,0.89136,0.00093,0.00000,0.10771
13.45000,0.67194,0.97687,0.00129,0.00001,0.02184
13.50000,0.67194,0.92897,0.00090,0.00000,0.07013
13.55000,0.67194,0.97908,0.00133,0.00000,0.01959
13.60000,0.67194,0.90487,0.00045,0.00000,0.09468
13.65000,0.67194,0.96850,0.00111,0.00000,0.03039
13.70000,0.67194,0.90013,0.00083,0.00000,0.09904
13.75000,0.67194,0.97235,0.00264,0.00000,0.02501
13.80000,0.67194,0.76798,0.00082,0.00000,0.23119
13.85000,0.67194,0.98157,0.00182,0.00000,0.01661
13.90000,0.67194,0.91154,0.00137,0.00000,0.08709
13.95000,0.67194,0.98028,0.00403,0.00000,0.01569
14.00000,0.67194,0.94235,0.00081,0.00000,0.05684
14.05000,0.67194,0.96967,0.00394,0.00000,0.02638
14.10000,0.67194,0.95753,0.00413,0.00000,0.03834
14.15000,0.67194,0.98551,0.00301,0.00000,0.01148
14.20000,0.67194,0.95436,0.00168,0.00000,0.04396
14.25000,0.67194,0.98204,0.00240,0.00000,0.01555
14.30000,0.67194,0.95071,0.00262,0.00000,0.04667
14.35000,0.67194,0.96670,0.00117,0.00000,0.03213
14.40000,0.67194,0.97618,0.00229,0.00000,0.02152
14.45000,0.67194,0.98385,0.00145,0.00000,0.01469
14.50000,0.67194,0.97690,0.00251,0.00000,0.02059
14.55000,0.67194,0.98458,0.00091,0.00000,0.01451
14.60000,0.67194,0.96694,0.00820,0.00000,0.02486
14.65000,0.67194,0.98406,0.00577,0.00000,0.01017
14.70000,0.67194,0.96996,0.00150,0.00000,0.02855
14.75000,0.67194,0.98133,0.00161,0.00000,0.01706
14.80000,0.67194,0.98756,0.00188,0.00000,0.01056
14.85000,0.67194,0.94517,0.00056,0.00000,0.05427
14.90000,0.67194,0.96037,0.00099,0.00000,0.03864
14.95000,0.67194,0.80633,0.00025,0.00000,0.19343
15.00000,0.67194,0.97575,0.00041,0.00001,0.02384
15.05000,0.67194,0.75464,0.00020,0.00000,0.24516
15.10000,0.67194,0.95709,0.00128,0.00001,0.04162
15.15000,0.67194,0.85801,0.00018,0.00000,0.14181
15.20000,0.67194,0.97954,0.00080,0.00000,0.01966
15.25000,0.67194,0.55228,0.00034,0.00000,0.44738
15.30000,0.67194,0.99233,0.00124,0.00000,0.00642
15.35000,0.67194,0.88644,0.00064,0.00001,0.11292
15.40000,0.67194,0.99026,0.00293,0.00000,0.00681
15.45000,0.67194,0.97252,0.00107,0.00000,0.02641
15.50000,0.67194,0.99208,0.00638,0.00000,0.00153
15.55000,0.67194,0.99648,0.00199,0.00000,0.00152
15.60000,0.67194,0.98548,0.00604,0.00000,0.00847
15.65000,0.67194,0.99227,0.00189,0.00000,0.00584
15.70000,0.67194,0.98770,0.00473,0.00000,0.00757
15.75000,0.67194,0.98945,0.00331,0.00000,0.00723
15.80000,0.67194,0.99243,0.00390,0.00000,0.00367
15.85000,0.67194,0.99202,0.00221,0.00000,0.00577
15.90000,0.67194,0.98915,0.00338,0.00000,0.00747
15.95000,0.67194,0.99260,0.00174,0.00000,0.00566
16.00000,0.67194,0.98455,0.00338,0.00000,0.01207
16.05000,0.67194,0.99332,0.00201,0.00000,0.00467
16.10000,0.67194,0.99416,0.00060,0.00000,0.00524
16.15000,0.67194,0.99317,0.00108,0.00000,0.00575
16.20000,0.67194,0.99060,0.00041,0.00000,0.00899
16.25000,0.67194,0.98083,0.00194,0.00000,0.01722
16.30000,0.67194,0.98476,0.00229,0.00000,0.01295
16.35000,0.67194,0.99514,0.00073,0.00000,0.00413
16.40000,0.67194,0.98984,0.00379,0.00000,0.00638
16.45000,0.67194,0.99559,0.00133,0.00000,0.00307
16.50000,0.67194,0.99231,0.00102,0.00000,0.00666
16.55000,0.67194,0.97318,0.00281,0.00000,0.02402
16.60000,0.67194,0.98905,0.00131,0.00000,0.00964
16.65000,0.67194,0.97527,0.00070,0.00000,0.02402
16.70000,0.67194,0.98515,0.00080,0.00000,0.01405
16.75000,0.67194,0.97079,0.00132,0.00000,0.02788
16.80000,0.67194,0.97732,0.00094,0.00000,0.02174
16.85000,0.67194,0.98855,0.00145,0.00000,0.01000
16.90000,0.67194,0.97999,0.00153,0.00000,0.01849
16.95000,0.67194,0.96988,0.00392,0.00000,0.02620
17.00000,0.67194,0.99184,0.00081,0.00000,0.00735
17.05000,0.67194,0.98768,0.00089,0.00000,0.01143
17.10000,0.67194,0.98726,0.00360,0.00000,0.00913
17.15000,0.67194,0.99106,0.00124,0.00000,0.00770
17.20000,0.67194,0.99240,0.00109,0.00000,0.00651
17.25000,0.67194,0.99182,0.00197,0.00000,0.00622
17.30000,0.67194,0.98971,0.00464,0.00000,0.00566
17.35000,0.67194,0.99257,0.00174,0.00000,0.00569
17.40000,0.67194,0.99049,0.00193,0.00000,0.00757
17.45000,0.67194,0.97444,0.00299,0.00000,0.02257
17.50000,0.67194,0.99221,0.00377,0.00000,0.00401
17.55000,0.67194,0.99228,0.00430,0.00000,0.00342
17.60000,0.67194,0.97641,0.00848,0.00000,0.01511
17.65000,0.67194,0.97917,0.00402,0.00000,0.01682
17.70000,0.67194,0.96387,0.00916,0.00000,0.02697
17.75000,0.67194,0.97401,0.00898,0.00000,0.01701
17.80000,0.67194,0.96147,0.01012,0.00000,0.02841
17.85000,0.67194,0.97029,0.01641,0.00000,0.01330
17.90000,0.67194,0.98418,0.00561,0.00000,0.01021
17.95000,0.67194,0.98473,0.01148,0.00000,0.00379
18.00000,0.67194,0.98660,0.00393,0.00000,0.00947
18.05000,0.67194,0.99426,0.00342,0.00000,0.00231
18.10000,0.67194,0.99361,0.00335,0.00000,0.00304
18.15000,0.67194,0.98708,0.01063,0.00000,0.00229
18.20000,0.67194,0.98664,0.00995,0.00000,0.00341
18.25000,0.67194,0.99183,0.00766,0.00000,0.00051
18.30000,0.67194,0.99444,0.00373,0.00000,0.00183
18.35000,0.67194,0.99251,0.00682,0.00000,0.00067
18.40000,0.67194,0.99457,0.00304,0.00000,0.00238
18.45000,0.67194,0.98998,0.00925,0.00000,0.00077
18.50000,0.67194,0.99685,0.00109,0.00000,0.00206
18.55000,0.67194,0.99123,0.00358,0.00000,0.00519
18.60000,0.67194,0.99636,0.00131,0.00000,0.00232
18.65000,0.67194,0.99322,0.00437,0.00000,0.00241
18.70000,0.67194,0.99689,0.00165,0.00000,0.00146
18.75000,0.67194,0.99331,0.00338,0.00000,0.00330
18.80000,0.67194,0.99775,0.00173,0.00000,0.00052
18.85000,0.67194,0.99332,0.00401,0.00000,0.00267
18.90000,0.67194,0.99258,0.00552,0.00000,0.00190
18.95000,0.67194,0.99656,0.00259,0.00000,0.00085
19.00000,0.67194,0.99772,0.00120,0.00000,0.00108
19.05000,0.67194,0.99592,0.00342,0.00000,0.00065
19.10000,0.67194,0.99206,0.00394,0.00000,0.00400
19.15000,0.67194,0.99469,0.00383,0.00000,0.00148
19.20000,0.67194,0.99345,0.00420,0.00000,0.00235
19.25000,0.67194,0.99590,0.00281,0.00000,0.00129
19.30000,0.67194,0.99559,0.00205,0.00000,0.00237
19.35000,0.67194,0.99516,0.00239,0.00000,0.00245
19.40000,0.67194,0.99222,0.00425,0.00000,0.00353
19.45000,0.67194,0.99577,0.00088,0.00000,0.00336
19.50000,0.67194,0.98908,0.00186,0.00000,0.00906
19.55000,0.67194,0.96523,0.00164,0.00000,0.03313
19.60000,0.67194,0.97011,0.01041,0.00000,0.01948
19.65000,0.67194,0.92329,0.00112,0.00000,0.07559
19.70000,0.67194,0.99128,0.00269,0.00000,0.00603
19.75000,0.67194,0.96248,0.00072,0.00000,0.03680
19.80000,0.67194,0.97425,0.00794,0.00000,0.01781
19.85000,0.67194,0.97125,0.00128,0.00000,0.02746
19.90000,0.67194,0.98418,0.00138,0.00000,0.01445
19.95000,0.67194,0.94501,0.00224,0.00000,0.05275
20.00000,0.67194,0.99105,0.00327,0.00000,0.00567
20.05000,0.67194,0.97640,0.00219,0.00000,0.02141
20.10000,0.67194,0.98644,0.00242,0.00000,0.01113
20.15000,0.67194,0.98622,0.00107,0.00000,0.01270
20.20000,0.67194,0.98689,0.00394,0.00000,0.00917
20.25000,0.67194,0.98493,0.00122,0.00000,0.01385
20.30000,0.67194,0.99054,0.00422,0.00000,0.00525
20.35000,0.67194,0.96351,0.00151,0.00000,0.03499
20.40000,0.67194,0.99531,0.00128,0.00000,0.00341
20.45000,0.67194,0.98122,0.00199,0.00000,0.01679
20.50000,0.67194,0.99646,0.00051,0.00000,0.00303
20.55000,0.67194,0.99682,0.00104,0.00000,0.00214
20.60000,0.67194,0.99656,0.00055,0.00000,0.00289
20.65000,0.67194,0.99416,0.00121,0.00000,0.00463
20.70000,0.67194,0.99679,0.00179,0.00000,0.00142
20.75000,0.67194,0.99847,0.00043,0.00000,0.00109
20.80000,0.67194,0.99855,0.00087,0.00000,0.00058
20.85000,0.67194,0.99643,0.00126,0.00000,0.00231
20.90000,0.67194,0.99857,0.00085,0.00000,0.00058
20.95000,0.67194,0.99877,0.00073,0.00000,0.00050
21.00000,0.67194,0.99457,0.00524,0.00000,0.00019
21.05000,0.67194,0.99495,0.00484,0.00000,0.00021
21.10000,0.67194,0.99792,0.00180,0.00000,0.00028
21.15000,0.67194,0.99639,0.00341,0.00000,0.00021
21.20000,0.67194,0.99451,0.00538,0.00000,0.00011
21.25000,0.67194,0.99697,0.00246,0.00000,0.00057
21.30000,0.67194,0.99398,0.00592,0.00000,0.00011
21.35000,0.67194,0.99745,0.00232,0.00000,0.00023
21.40000,0.67194,0.99748,0.00246,0.00000,0.00006
21.45000,0.67194,0.99818,0.00171,0.00000,0.00011
21.50000,0.67194,0.99780,0.00204,0.00000,0.00016
21.55000,0.67194,0.99424,0.00555,0.00000,0.00020
21.60000,0.67194,0.99489,0.00498,0.00000,0.00013
21.65000,0.67194,0.99710,0.00277,0.00000,0.00013
21.70000,0.67194,0.99879,0.00110,0.00000,0.00012
21.75000,0.67194,0.99911,0.00078,0.00000,0.00012
21.80000,0.67194,0.99937,0.00049,0.00000,0.00014
21.85000,0.67194,0.99883,0.00105,0.00000,0.00012
21.90000,0.67194,0.99928,0.00056,0.00000,0.00016
21.95000,0.67194,0.99950,0.00041,0.00000,0.00009
22.00000,0.67194,0.99857,0.00111,0.00000,0.00031
22.05000,0.67194,0.99798,0.00175,0.00000,0.00027
22.10000,0.67194,0.99793,0.00178,0.00000,0.00029
22.15000,0.67194,0.99868,0.00083,0.00000,0.00049
22.20000,0.67194,0.99853,0.00047,0.00000,0.00100
22.25000,0.67194,0.99858,0.00029,0.00000,0.00114
22.30000,0.67194,0.99574,0.00307,0.00000,0.00120
22.35000,0.67194,0.99820,0.00103,0.00000,0.00077
22.40000,0.67194,0.99604,0.00142,0.00000,0.00254
22.45000,0.67194,0.99683,0.00087,0.00000,0.00229
22.50000,0.67194,0.99563,0.00129,0.00000,0.00308
22.55000,0.67194,0.99453,0.00077,0.00000,0.00470
22.60000,0.67194,0.99235,0.00177,0.00000,0.00588
22.65000,0.67194,0.99472,0.00080,0.00001,0.00447
22.70000,0.67194,0.97410,0.00474,0.00000,0.02116
22.75000,0.67194,0.97176,0.00134,0.00001,0.02689
22.80000,0.67194,0.97933,0.00199,0.00001,0.01867
22.85000,0.67194,0.96760,0.00252,0.00001,0.02987
22.90000,0.67194,0.98857,0.00418,0.00000,0.00724
22.95000,0.67194,0.99005,0.00145,0.00000,0.00849
23.00000,0.67194,0.98613,0.00551,0.00000,0.00835
23.05000,0.67194,0.99385,0.00080,0.00000,0.00535
23.10000,0.67194,0.99252,0.00447,0.00000,0.00301
23.15000,0.67194,0.99560,0.00257,0.00000,0.00183
23.20000,0.67194,0.99540,0.00337,0.00000,0.00123
23.25000,0.67194,0.99744,0.00151,0.00000,0.00106
23.30000,0.67194,0.99572,0.00398,0.00000,0.00030
23.35000,0.67194,0.99769,0.00208,0.00000,0.00023
23.40000,0.67194,0.99735,0.00250,0.00000,0.00015
23.45000,0.67194,0.99709,0.00156,0.00000,0.00135
23.50000,0.67194,0.99525,0.00421,0.00000,0.00054
23.55000,0.67194,0.99777,0.00125,0.00000,0.00098
23.60000,0.67194,0.99483,0.00482,0.00000,0.00035
23.65000,0.67194,0.99745,0.00142,0.00000,0.00113
23.70000,0.67194,0.99750,0.00218,0.00000,0.00032
23.75000,0.67194,0.99752,0.00178,0.00000,0.00070
23.80000,0.67194,0.99743,0.00184,0.00000,0.00074
23.85000,0.67194,0.99779,0.00090,0.00000,0.00131
23.90000,0.67194,0.99813,0.00099,0.00000,0.00088
23.95000,0.67194,0.99760,0.00031,0.00000,0.00209
24.00000,0.67194,0.99820,0.00102,0.00000,0.00078
24.05000,0.67194,0.99761,0.00157,0.00000,0.00082
24.10000,0.67194,0.99797,0.00129,0.00000,0.00074
24.15000,0.67194,0.99684,0.00232,0.00000,0.00084
24.20000,0.67194,0.99634,0.00235,0.00000,0.00131
24.25000,0.67194,0.99484,0.00214,0.00000,0.00303
24.30000,0.67194,0.99545,0.00349,0.00000,0.00105
24.35000,0.67194,0.99685,0.00132,0.00000,0.00183
24.40000,0.67194,0.99365,0.00425,0.00000,0.00210
24.45000,0.67194,0.99633,0.00096,0.00000,0.00270
24.50000,0.67194,0.99698,0.00109,0.00000,0.00193
24.55000,0.67194,0.99431,0.00058,0.00000,0.00512
24.60000,0.67194,0.98933,0.00063,0.00000,0.01004
24.65000,0.67194,0.99666,0.00212,0.00000,0.00123
24.70000,0.67194,0.99389,0.00035,0.00000,0.00576
24.75000,0.67194,0.99383,0.00020,0.00000,0.00598
24.80000,0.67194,0.99262,0.00032,0.00000,0.00706
24.85000,0.67194,0.99670,0.00064,0.00000,0.00267
24.90000,0.67194,0.99140,0.00130,0.00000,0.00730
24.95000,0.67194,0.99500,0.00021,0.00000,0.00479
25.00000,0.67194,0.99405,0.00133,0.00000,0.00462
25.05000,0.67194,0.99551,0.00122,0.00000,0.00326
25.10000,0.67194,0.99184,0.00301,0.00000,0.00515
25.15000,0.67194,0.99607,0.00114,0.00000,0.00278
25.20000,0.67194,0.99579,0.00060,0.00000,0.00361
25.25000,0.67194,0.99570,0.00027,0.00000,0.00403
25.30000,0.67194,0.99465,0.00083,0.00000,0.00452
25.35000,0.67194,0.99823,0.00043,0.00000,0.00134
25.40000,0.67194,0.99565,0.00116,0.00000,0.00320
25.45000,0.67194,0.99779,0.00133,0.00000,0.00088
25.50000,0.67194,0.99709,0.00117,0.00000,0.00174
25.55000,0.67194,0.99549,0.00170,0.00000,0.00281
25.60000,0.67194,0.99466,0.00170,0.00000,0.00364
25.65000,0.67194,0.99574,0.00213,0.00000,0.00213
25.70000,0.67194,0.99616,0.00237,0.00000,0.00148
25.75000,0.67194,0.99682,0.00132,0.00000,0.00186
25.80000,0.67194,0.99166,0.00648,0.00000,0.00185
25.85000,0.67194,0.99360,0.00438,0.00000,0.00202
25.90000,0.67194,0.99775,0.00188,0.00000,0.00037
25.95000,0.67194,0.99512,0.00396,0.00000,0.00092
26.00000,0.67194,0.99486,0.00428,0.00000,0.00087
26.05000,0.67194,0.99572,0.00405,0.00000,0.00023
26.10000,0.67194,0.99683,0.00179,0.00000,0.00139
26.15000,0.67194,0.99439,0.00510,0.00000,0.00051
26.20000,0.67194,0.99680,0.00161,0.00000,0.00160
26.25000,0.67194,0.99743,0.00226,0.00000,0.00030
26.30000,0.67194,0.99382,0.00138,0.00000,0.00480
26.35000,0.67194,0.99586,0.00322,0.00000,0.00093
26.40000,0.67194,0.99206,0.00153,0.00000,0.00641
26.45000,0.67194,0.99729,0.00166,0.00000,0.00105
26.50000,0.67194,0.98708,0.00046,0.00000,0.01246
26.55000,0.67194,0.99590,0.00193,0.00000,0.00217
26.60000,0.67194,0.98685,0.00111,0.00000,0.01205
26.65000,0.67194,0.99680,0.00117,0.00000,0.00203
26.70000,0.67194,0.99544,0.00115,0.00000,0.00341
26.75000,0.67194,0.99586,0.00113,0.00000,0.00302
26.80000,0.67194,0.99697,0.00096,0.00000,0.00208
26.85000,0.67194,0.99774,0.00113,0.00000,0.00113
26.90000,0.67194,0.99706,0.00197,0.00000,0.00097
26.95000,0.67194,0.99489,0.00361,0.00000,0.00150
27.00000,0.67194,0.99678,0.00262,0.00000,0.00060
27.05000,0.67194,0.99205,0.00422,0.00000,0.00373
27.10000,0.67194,0.99582,0.00392,0.00000,0.00025
27.15000,0.67194,0.99531,0.00216,0.00000,0.00253
27.20000,0.67194,0.99634,0.00320,0.00000,0.00046
27.25000,0.67194,0.99550,0.00170,0.00000,0.00280
27.30000,0.67194,0.99550,0.00345,0.00000,0.00105
27.35000,0.67194,0.98755,0.00131,0.00000,0.01113
27.40000,0.67194,0.99586,0.00171,0.00000,0.00244
27.45000,0.67194,0.99464,0.00083,0.00000,0.00453
27.50000,0.67194,0.99665,0.00267,0.00000,0.00068
27.55000,0.67194,0.99142,0.00121,0.00000,0.00737
27.60000,0.67194,0.99543,0.00050,0.00000,0.00407
27.65000,0.67194,0.99139,0.00101,0.00000,0.00760
27.70000,0.67194,0.99258,0.00067,0.00000,0.00676
27.75000,0.67194,0.99741,0.00072,0.00000,0.00188
27.80000,0.67194,0.99756,0.00068,0.00000,0.00175
27.85000,0.67194,0.99874,0.00092,0.00000,0.00034
27.90000,0.67194,0.99804,0.00043,0.00000,0.00153
27.95000,0.67194,0.99804,0.00120,0.00000,0.00076
28.00000,0.67194,0.99763,0.00046,0.00000,0.00190
28.05000,0.67194,0.99718,0.00203,0.00000,0.00079
28.10000,0.67194,0.99767,0.00151,0.00000,0.00082
28.15000,0.67194,0.99596,0.00344,0.00000,0.00059
28.20000,0.67194,0.99786,0.00160,0.00000,0.00054
28.25000,0.67194,0.99690,0.00291,0.00000,0.00019
28.30000,0.67194,0.99800,0.00139,0.00000,0.00061
28.35000,0.67194,0.99482,0.00324,0.00000,0.00194
28.40000,0.67194,0.98647,0.01202,0.00000,0.00150
28.45000,0.67194,0.97358,0.02134,0.00000,0.00508
28.50000,0.67194,0.98469,0.00924,0.00000,0.00607
28.55000,0.67194,0.98327,0.00270,0.00000,0.01402
28.60000,0.67194,0.98404,0.00455,0.00000,0.01141
28.65000,0.67194,0.90910,0.00311,0.00000,0.08779
28.70000,0.67194,0.98276,0.00138,0.00000,0.01585
28.75000,0.67194,0.86335,0.00035,0.00000,0.13630
28.80000,0.67194,0.91913,0.00073,0.00001,0.08014
28.85000,0.67194,0.89978,0.00044,0.00000,0.09977
28.90000,0.67194,0.95730,0.00025,0.00000,0.04245
28.95000,0.67194,0.96693,0.00022,0.00000,0.03285
29.00000,0.67194,0.97767,0.00022,0.00000,0.02211
29.05000,0.67194,0.97423,0.00029,0.00000,0.02547
29.10000,0.67194,0.98553,0.00048,0.00000,0.01399
29.15000,0.67194,0.91783,0.00019,0.00000,0.08198
29.20000,0.67194,0.97630,0.00042,0.00000,0.02328
29.25000,0.67194,0.87596,0.00053,0.00000,0.12351
29.30000,0.67194,0.96125,0.00039,0.00000,0.03836
29.35000,0.67194,0.96471,0.00012,0.00000,0.03517
29.40000,0.67194,0.97834,0.00014,0.00000,0.02152
29.45000,0.67194,0.93092,0.00017,0.00000,0.06891
29.50000,0.67194,0.96340,0.00086,0.00000,0.03575
29.55000,0.67194,0.97356,0.00038,0.00000,0.02606
29.60000,0.67194,0.98947,0.00015,0.00000,0.01038
29.65000,0.67194,0.99330,0.00082,0.00000,0.00588
29.70000,0.67194,0.99561,0.00054,0.00000,0.00384
29.75000,0.67194,0.99578,0.00277,0.00000,0.00145
29.80000,0.67194,0.99851,0.00018,0.00000,0.00130
29.85000,0.67194,0.99613,0.00031,0.00000,0.00356
29.90000,0.67194,0.99235,0.00021,0.00000,0.00744
29.95000,0.67194,0.99175,0.00021,0.00000,0.00804
30.00000,0.67194,0.98582,0.00010,0.00000,0.01408
30.05000,0.67194,0.93477,0.00009,0.00000,0.06514
30.10000,0.67194,0.94415,0.00014,0.00000,0.05571
30.15000,0.67194,0.84170,0.00008,0.00000,0.15822
30.20000,0.67194,0.91105,0.00018,0.00000,0.08877
30.25000,0.67194,0.61748,0.00008,0.00000,0.38244
30.30000,0.67194,0.78768,0.00015,0.00000,0.21217
30.35000,0.67194,0.86421,0.00004,0.00000,0.13575
30.40000,0.67194,0.88477,0.00018,0.00000,0.11505
30.45000,0.67194,0.90552,0.00029,0.00000,0.09419
30.50000,0.67194,0.92323,0.00071,0.00000,0.07606
30.55000,0.67194,0.99177,0.00091,0.00000,0.00732
30.60000,0.67194,0.99124,0.00024,0.00000,0.00852
30.65000,0.67194,0.99721,0.00032,0.00000,0.00247
30.70000,0.67194,0.99839,0.00039,0.00000,0.00123
30.75000,0.67194,0.99797,0.00014,0.00000,0.00189
30.80000,0.67194,0.99668,0.00230,0.00000,0.00102
30.85000,0.67194,0.98864,0.00184,0.00000,0.00953
30.90000,0.67194,0.99093,0.00661,0.00000,0.00246
30.95000,0.67194,0.99438,0.00114,0.00000,0.00448
31.00000,0.67194,0.99519,0.00366,0.00000,0.00115
31.05000,0.67194,0.99293,0.00440,0.00000,0.00267
31.10000,0.67194,0.99566,0.00187,0.00000,0.00246
31.15000,0.67194,0.98510,0.00256,0.00000,0.01234
31.20000,0.67194,0.97773,0.00804,0.00000,0.01422
31.25000,0.67194,0.96892,0.00900,0.00000,0.02208
31.30000,0.67194,0.98955,0.00450,0.00000,0.00595
31.35000,0.67194,0.97285,0.00416,0.00000,0.02299
31.40000,0.67194,0.98473,0.00703,0.00000,0.00824
31.45000,0.67194,0.94463,0.00334,0.00000,0.05203
31.50000,0.67194,0.98865,0.00662,0.00000,0.00473
31.55000,0.67194,0.97408,0.00616,0.00000,0.01977
31.60000,0.67194,0.98779,0.00707,0.00000,0.00514
31.65000,0.67194,0.95143,0.01362,0.00000,0.03495
31.70000,0.67194,0.99224,0.00630,0.00000,0.00146
31.75000,0.67194,0.98553,0.00624,0.00000,0.00823
31.80000,0.67194,0.98387,0.01437,0.00000,0.00177
31.85000,0.67194,0.98569,0.00367,0.00000,0.01064
31.90000,0.67194,0.99121,0.00246,0.00000,0.00633
31.95000,0.67194,0.98848,0.00116,0.00000,0.01036
32.00000,0.67194,0.99478,0.00048,0.00000,0.00474
32.05000,0.67194,0.96264,0.00060,0.00000,0.03676
32.10000,0.67194,0.97706,0.00082,0.00000,0.02212
32.15000,0.67194,0.96823,0.00108,0.00000,0.03069
32.20000,0.67194,0.98975,0.00115,0.00000,0.00910
32.25000,0.67194,0.99039,0.00036,0.00000,0.00925
32.30000,0.67194,0.98943,0.00048,0.00000,0.01009
32.35000,0.67194,0.98004,0.00017,0.00000,0.01980
32.40000,0.67194,0.98914,0.00020,0.00000,0.01066
32.45000,0.67194,0.97019,0.00026,0.00000,0.02955
32.50000,0.67194,0.98815,0.00054,0.00000,0.01131
32.55000,0.67194,0.97675,0.00029,0.00000,0.02296
32.60000,0.67194,0.99260,0.00030,0.00000,0.00710
32.65000,0.67194,0.98849,0.00048,0.00000,0.01103
32.70000,0.67194,0.98042,0.00028,0.00000,0.01930
32.75000,0.67194,0.98637,0.00059,0.00000,0.01303
32.80000,0.67194,0.98585,0.00226,0.00000,0.01189
32.85000,0.67194,0.98581,0.00152,0.00000,0.01267
32.90000,0.67194,0.97612,0.00317,0.00000,0.02072
32.95000,0.67194,0.98683,0.00149,0.00000,0.01168
33.00000,0.67194,0.98503,0.00547,0.00000,0.00950
33.05000,0.67194,0.98913,0.00527,0.00000,0.00560
33.10000,0.67194,0.98960,0.00491,0.00000,0.00549
33.15000,0.67194,0.99355,0.00511,0.00000,0.00134
33.20000,0.67194,0.97664,0.02152,0.00000,0.00184
33.25000,0.67194,0.98850,0.01035,0.00000,0.00115
33.30000,0.67194,0.99107,0.00800,0.00000,0.00094
33.35000,0.67194,0.99462,0.00513,0.00000,0.00024
33.40000,0.67194,0.99419,0.00487,0.00000,0.00093
33.45000,0.67194,0.99316,0.00664,0.00000,0.00021
33.50000,0.67194,0.99055,0.00903,0.00000,0.00042
33.55000,0.67194,0.99322,0.00637,0.00000,0.00040
33.60000,0.67194,0.98385,0.01587,0.00000,0.00029
33.65000,0.67194,0.99072,0.00865,0.00000,0.00063
33.70000,0.67194,0.99602,0.00307,0.00000,0.00091
33.75000,0.67194,0.99098,0.00752,0.00000,0.00149
33.80000,0.67194,0.99661,0.00257,0.00000,0.00082
33.85000,0.67194,0.99614,0.00164,0.00000,0.00222
33.90000,0.67194,0.99566,0.00296,0.00000,0.00137
33.95000,0.67194,0.98272,0.00567,0.00000,0.01161
34.00000,0.67194,0.99543,0.00239,0.00000,0.00218
34.05000,0.67194,0.98240,0.00160,0.00000,0.01600
34.10000,0.67194,0.98985,0.00216,0.00000,0.00799
34.15000,0.67194,0.98111,0.00240,0.00000,0.01649
34.20000,0.67194,0.98497,0.00293,0.00000,0.01209
34.25000,0.67194,0.99622,0.00045,0.00000,0.00333
34.30000,0.67194,0.99175,0.00028,0.00000,0.00798
34.35000,0.67194,0.98952,0.00169,0.00000,0.00879
34.40000,0.67194,0.96715,0.00357,0.00000,0.02928
34.45000,0.67194,0.99006,0.00115,0.00000,0.00879
34.50000,0.67194,0.99172,0.00026,0.00000,0.00801
34.55000,0.67194,0.98466,0.00237,0.00000,0.01297
34.60000,0.67194,0.98027,0.00223,0.00000,0.01750
34.65000,0.67194,0.99498,0.00037,0.00000,0.00465
34.70000,0.67194,0.98953,0.00026,0.00000,0.01021
34.75000,0.67194,0.98948,0.00098,0.00000,0.00955
34.80000,0.67194,0.98001,0.00166,0.00000,0.01833
34.85000,0.67194,0.99133,0.00106,0.00000,0.00761
34.90000,0.67194,0.97762,0.00075,0.00000,0.02163
34.95000,0.67194,0.97578,0.00257,0.00000,0.02164
35.00000,0.67194,0.99063,0.00165,0.00000,0.00772
35.05000,0.67194,0.99251,0.00160,0.00000,0.00589
35.10000,0.67194,0.99153,0.00139,0.00000,0.00707
35.15000,0.67194,0.97300,0.00163,0.00000,0.02537
35.20000,0.67194,0.97770,0.00336,0.00000,0.01895
35.25000,0.67194,0.98513,0.00148,0.00000,0.01338
35.30000,0.67194,0.97282,0.00102,0.00000,0.02616
35.35000,0.67194,0.91037,0.00296,0.00000,0.08667
35.40000,0.67194,0.97129,0.00297,0.00000,0.02574
35.45000,0.67194,0.98676,0.00156,0.00000,0.01168
35.50000,0.67194,0.99318,0.00226,0.00000,0.00456
35.55000,0.67194,0.99116,0.00171,0.00000,0.00713
35.60000,0.67194,0.99474,0.00276,0.00000,0.00249
35.65000,0.67194,0.99401,0.00304,0.00000,0.00295
35.70000,0.67194,0.99278,0.00127,0.00000,0.00595
35.75000,0.67194,0.99549,0.00221,0.00000,0.00230
35.80000,0.67194,0.99405,0.00153,0.00000,0.00443
35.85000,0.67194,0.99626,0.00032,0.00000,0.00342
35.90000,0.67194,0.98339,0.00114,0.00000,0.01547
35.95000,0.67194,0.99151,0.00151,0.00000,0.00698
36.00000,0.67194,0.99002,0.00215,0.00000,0.00783
36.05000,0.67194,0.98491,0.00225,0.00000,0.01284
36.10000,0.67194,0.98458,0.00601,0.00000,0.00940
36.15000,0.67194,0.97757,0.00290,0.00000,0.01954
36.20000,0.67194,0.98129,0.00167,0.00000,0.01704
36.25000,0.67194,0.99146,0.00141,0.00000,0.00714
36.30000,0.67194,0.92049,0.00127,0.00000,0.07823
36.35000,0.67194,0.96799,0.00246,0.00000,0.02954
36.40000,0.67194,0.93864,0.00191,0.00000,0.05945
36.45000,0.67194,0.98562,0.00112,0.00000,0.01326
36.50000,0.67194,0.95747,0.00099,0.00000,0.04154
36.55000,0.67194,0.97952,0.00090,0.00000,0.01959
36.60000,0.67194,0.97296,0.00134,0.00000,0.02570
36.65000,0.67194,0.95452,0.00033,0.00000,0.04515
36.70000,0.67194,0.97038,0.00041,0.00000,0.02921
36.75000,0.67194,0.94514,0.00139,0.00000,0.05348
36.80000,0.67194,0.98962,0.00152,0.00000,0.00885
36.85000,0.67194,0.97017,0.00033,0.00000,0.02950
36.90000,0.67194,0.97903,0.00110,0.00000,0.01987
36.95000,0.67194,0.93915,0.00324,0.00000,0.05760
37.00000,0.67194,0.98083,0.00342,0.00000,0.01575
37.05000,0.67194,0.98726,0.00078,0.00000,0.01196
37.10000,0.67194,0.99400,0.00231,0.00000,0.00369
37.15000,0.67194,0.98807,0.00234,0.00000,0.00960
37.20000,0.67194,0.98571,0.00374,0.00000,0.01055
37.25000,0.67194,0.99509,0.00191,0.00000,0.00300
37.30000,0.67194,0.99346,0.00447,0.00000,0.00208
37.35000,0.67194,0.99431,0.00179,0.00000,0.00390
37.40000,0.67194,0.99338,0.00328,0.00000,0.00334
37.45000,0.67194,0.99616,0.00072,0.00000,0.00312
37.50000,0.67194,0.99481,0.00403,0.00000,0.00116
37.55000,0.67194,0.99604,0.00221,0.00000,0.00175
37.60000,0.67194,0.99488,0.00318,0.00000,0.00194
37.65000,0.67194,0.98997,0.00400,0.00000,0.00602
37.70000,0.67194,0.99419,0.00293,0.00000,0.00288
37.75000,0.67194,0.98694,0.00745,0.00000,0.00562
37.80000,0.67194,0.99211,0.00521,0.00000,0.00269
37.85000,0.67194,0.98306,0.00506,0.00000,0.01188
37.90000,0.67194,0.99005,0.00235,0.00000,0.00760
37.95000,0.67194,0.98762,0.00325,0.00000,0.00914
38.00000,0.67194,0.98914,0.00099,0.00000,0.00987
38.05000,0.67194,0.99388,0.00306,0.00000,0.00307
38.10000,0.67194,0.99117,0.00160,0.00000,0.00723
38.15000,0.67194,0.99592,0.00156,0.00000,0.00252
38.20000,0.67194,0.99513,0.00044,0.00000,0.00442
38.25000,0.67194,0.99357,0.00140,0.00000,0.00503
38.30000,0.67194,0.99560,0.00036,0.00000,0.00405
38.35000,0.67194,0.99287,0.00034,0.00000,0.00679
38.40000,0.67194,0.99191,0.00023,0.00000,0.00786
38.45000,0.67194,0.99636,0.00054,0.00000,0.00310
38.50000,0.67194,0.98778,0.00146,0.00000,0.01075
38.55000,0.67194,0.99520,0.00160,0.00000,0.00319
38.60000,0.67194,0.99659,0.00121,0.00000,0.00219
38.65000,0.67194,0.99215,0.00113,0.00000,0.00671
38.70000,0.67194,0.99463,0.00267,0.00000,0.00270
38.75000,0.67194,0.99387,0.00144,0.00000,0.00468
38.80000,0.67194,0.99623,0.00235,0.00000,0.00142
38.85000,0.67194,0.99888,0.00045,0.00000,0.00066
38.90000,0.67194,0.99657,0.00277,0.00000,0.00065
38.95000,0.67194,0.99799,0.00117,0.00000,0.00084
39.00000,0.67194,0.99795,0.00160,0.00000,0.00045
39.05000,0.67194,0.99826,0.00085,0.00000,0.00089
39.10000,0.67194,0.99821,0.00076,0.00000,0.00103
39.15000,0.67194,0.99552,0.00047,0.00000,0.00401
39.20000,0.67194,0.99815,0.00067,0.00000,0.00119
39.25000,0.67194,0.99598,0.00011,0.00000,0.00391
39.30000,0.67194,0.99859,0.00029,0.00000,0.00112
39.35000,0.67194,0.99876,0.00031,0.00000,0.00093
39.40000,0.67194,0.99919,0.00016,0.00000,0.00065
39.45000,0.67194,0.99681,0.00040,0.00000,0.00279
39.50000,0.67194,0.99688,0.00036,0.00000,0.00275
39.55000,0.67194,0.98012,0.00041,0.00000,0.01946
39.60000,0.67194,0.99680,0.00051,0.00001,0.00268
39.65000,0.67194,0.99581,0.00048,0.00000,0.00371
39.70000,0.67194,0.99727,0.00074,0.00000,0.00199
39.75000,0.67194,0.99919,0.00019,0.00000,0.00062
39.80000,0.67194,0.99820,0.00060,0.00000,0.00120
39.85000,0.67194,0.99678,0.00094,0.00000,0.00228
39.90000,0.67194,0.99683,0.00120,0.00000,0.00197
39.95000,0.67194,0.99583,0.00166,0.00000,0.00251
40.00000,0.67194,0.99816,0.00043,0.00001,0.00140
40.05000,0.67194,0.99493,0.00331,0.00000,0.00176
40.10000,0.67194,0.99715,0.00214,0.00000,0.00071
40.15000,0.67194,0.99511,0.00307,0.00000,0.00181
40.20000,0.67194,0.99335,0.00572,0.00000,0.00093
40.25000,0.67194,0.99566,0.00294,0.00000,0.00140
40.30000,0.67194,0.99344,0.00559,0.00000,0.00096
40.35000,0.67194,0.99219,0.00534,0.00000,0.00247
40.40000,0.67194,0.98555,0.01278,0.00000,0.00167
40.45000,0.67194,0.99003,0.00692,0.00000,0.00306
40.50000,0.67194,0.97862,0.01984,0.00000,0.00154
40.55000,0.67194,0.99137,0.00789,0.00000,0.00075
40.60000,0.67194,0.99311,0.00527,0.00000,0.00162
40.65000,0.67194,0.99590,0.00362,0.00000,0.00048
40.70000,0.67194,0.99686,0.00278,0.00000,0.00036
40.75000,0.67194,0.99164,0.00775,0.00000,0.00061
40.80000,0.67194,0.98526,0.01327,0.00000,0.00147
40.85000,0.67194,0.99296,0.00591,0.00000,0.00112
40.90000,0.67194,0.98209,0.01678,0.00000,0.00113
40.95000,0.67194,0.99554,0.00405,0.00000,0.00041
41.00000,0.67194,0.98960,0.00987,0.00000,0.00052
41.05000,0.67194,0.99751,0.00210,0.00000,0.00039
41.10000,0.67194,0.99219,0.00766,0.00000,0.00015
41.15000,0.67194,0.99767,0.00212,0.00000,0.00021
41.20000,0.67194,0.99682,0.00272,0.00000,0.00045
41.25000,0.67194,0.99620,0.00355,0.00000,0.00025
41.30000,0.67194,0.99662,0.00198,0.00000,0.00139
41.35000,0.67194,0.99444,0.00485,0.00000,0.00072
41.40000,0.67194,0.99760,0.00119,0.00000,0.00120
41.45000,0.67194,0.99308,0.00624,0.00000,0.00068
41.50000,0.67194,0.99731,0.00077,0.00000,0.00193
41.55000,0.67194,0.99816,0.00160,0.00000,0.00025
41.60000,0.67194,0.99442,0.00134,0.00000,0.00424
41.65000,0.67194,0.99659,0.00133,0.00000,0.00207
41.70000,0.67194,0.99524,0.00091,0.00000,0.00385
41.75000,0.67194,0.99693,0.00146,0.00000,0.00162
41.80000,0.67194,0.99640,0.00172,0.00000,0.00188
41.85000,0.67194,0.99762,0.00074,0.00000,0.00164
41.90000,0.67194,0.99530,0.00166,0.00000,0.00303
41.95000,0.67194,0.99788,0.00188,0.00000,0.00025
42.00000,0.67194,0.99271,0.00100,0.00000,0.00629
42.05000,0.67194,0.99654,0.00181,0.00000,0.00165
42.10000,0.67194,0.99164,0.00157,0.00000,0.00679
42.15000,0.67194,0.99604,0.00292,0.00000,0.00104
42.20000,0.67194,0.99372,0.00333,0.00000,0.00295
42.25000,0.67194,0.99443,0.00494,0.00000,0.00064
42.30000,0.67194,0.99432,0.00325,0.00000,0.00243
42.35000,0.67194,0.99302,0.00526,0.00000,0.00172
42.40000,0.67194,0.99417,0.00215,0.00000,0.00368
42.45000,0.67194,0.99519,0.00436,0.00000,0.00045
42.50000,0.67194,0.99558,0.00313,0.00000,0.00129
42.55000,0.67194,0.98219,0.01662,0.00000,0.00119
42.60000,0.67194,0.99520,0.00406,0.00000,0.00074
42.65000,0.67194,0.99544,0.00425,0.00000,0.00031
42.70000,0.67194,0.99760,0.00170,0.00000,0.00070
42.75000,0.67194,0.99500,0.00477,0.00000,0.00023
42.80000,0.67194,0.99697,0.00274,0.00000,0.00029
42.85000,0.67194,0.99399,0.00494,0.00000,0.00108
42.90000,0.67194,0.99532,0.00406,0.00000,0.00062
42.95000,0.67194,0.99688,0.00210,0.00000,0.00102
43.00000,0.67194,0.99751,0.00230,0.00000,0.00018
43.05000,0.67194,0.99870,0.00069,0.00000,0.00061
43.10000,0.67194,0.99668,0.00320,0.00000,0.00012
43.15000,0.67194,0.99778,0.00120,0.00000,0.00102
43.20000,0.67194,0.99700,0.00263,0.00000,0.00037
43.25000,0.67194,0.99747,0.00081,0.00000,0.00172
43.30000,0.67194,0.99682,0.00277,0.00000,0.00041
43.35000,0.67194,0.99598,0.00101,0.00000,0.00301
43.40000,0.67194,0.99825,0.00088,0.00000,0.00086
43.45000,0.67194,0.99814,0.00077,0.00000,0.00109
43.50000,0.67194,0.99786,0.00076,0.00000,0.00138
43.55000,0.67194,0.99668,0.00093,0.00000,0.00238
43.60000,0.67194,0.98916,0.00104,0.00000,0.00980
43.65000,0.67194,0.99372,0.00215,0.00000,0.00413
43.70000,0.67194,0.98905,0.00169,0.00000,0.00925
43.75000,0.67194,0.99726,0.00133,0.00000,0.00141
43.80000,0.67194,0.99302,0.00099,0.00000,0.00599
43.85000,0.67194,0.99682,0.00285,0.00000,0.00033
43.90000,0.67194,0.99734,0.00155,0.00000,0.00111
43.95000,0.67194,0.99789,0.00183,0.00000,0.00028
44.00000,0.67194,0.99622,0.00114,0.00000,0.00264
44.05000,0.67194,0.98974,0.00999,0.00000,0.00027
44.10000,0.67194,0.99310,0.00654,0.00000,0.00036
44.15000,0.67194,0.99415,0.00538,0.00000,0.00047
44.20000,0.67194,0.99549,0.00415,0.00000,0.00036
44.25000,0.67194,0.99255,0.00694,0.00000,0.00051
44.30000,0.67194,0.99571,0.00408,0.00000,0.00021
44.35000,0.67194,0.99618,0.00310,0.00000,0.00072
44.40000,0.67194,0.99788,0.00162,0.00000,0.00050
44.45000,0.67194,0.99751,0.00172,0.00000,0.00076
44.50000,0.67194,0.99760,0.00180,0.00000,0.00060
44.55000,0.67194,0.99207,0.00682,0.00000,0.00111
44.60000,0.67194,0.99680,0.00107,0.00000,0.00213
44.65000,0.67194,0.99145,0.00269,0.00000,0.00585
44.70000,0.67194,0.99766,0.00078,0.00000,0.00155
44.75000,0.67194,0.99319,0.00167,0.00000,0.00514
44.80000,0.67194,0.99526,0.00365,0.00000,0.00108
44.85000,0.67194,0.99062,0.00164,0.00000,0.00774
44.90000,0.67194,0.99614,0.00297,0.00000,0.00088
44.95000,0.67194,0.99032,0.00216,0.00001,0.00752
45.00000,0.67194,0.99165,0.00468,0.00000,0.00367
45.05000,0.67194,0.98418,0.00518,0.00001,0.01063
45.10000,0.67194,0.99435,0.00441,0.00000,0.00124
45.15000,0.67194,0.99555,0.00106,0.00000,0.00339
45.20000,0.67194,0.99550,0.00384,0.00000,0.00065
45.25000,0.67194,0.99758,0.00102,0.00001,0.00140
45.30000,0.67194,0.99760,0.00198,0.00000,0.00042
45.35000,0.67194,0.99658,0.00209,0.00000,0.00133
45.40000,0.67194,0.99677,0.00264,0.00000,0.00059
45.45000,0.67194,0.99800,0.00069,0.00000,0.00130
45.50000,0.67194,0.99874,0.00071,0.00000,0.00055
45.55000,0.67194,0.99814,0.00087,0.00000,0.00098
45.60000,0.67194,0.99708,0.00240,0.00000,0.00052
45.65000,0.67194,0.99619,0.00324,0.00000,0.00057
45.70000,0.67194,0.99878,0.00035,0.00000,0.00087
45.75000,0.67194,0.99789,0.00142,0.00000,0.00070
45.80000,0.67194,0.99853,0.00124,0.00000,0.00023
45.85000,0.67194,0.99771,0.00102,0.00000,0.00127
45.90000,0.67194,0.99863,0.00101,0.00000,0.00036
45.95000,0.67194,0.99698,0.00131,0.00000,0.00172
46.00000,0.67194,0.99276,0.00593,0.00000,0.00131
46.05000,0.67194,0.99752,0.00158,0.00000,0.00090
46.10000,0.67194,0.99718,0.00224,0.00000,0.00058
46.15000,0.67194,0.99348,0.00200,0.00000,0.00453
46.20000,0.67194,0.99473,0.00348,0.00000,0.00180
46.25000,0.67194,0.99347,0.00162,0.00000,0.00491
46.30000,0.67194,0.99780,0.00112,0.00000,0.00108
46.35000,0.67194,0.99497,0.00259,0.00000,0.00244
46.40000,0.67194,0.99668,0.00257,0.00000,0.00076
46.45000,0.67194,0.99456,0.00247,0.00000,0.00297
46.50000,0.67194,0.99727,0.00228,0.00000,0.00044
46.55000,0.67194,0.99407,0.00423,0.00000,0.00169
46.60000,0.67194,0.99505,0.00360,0.00000,0.00135
46.65000,0.67194,0.99580,0.00124,0.00000,0.00296
46.70000,0.67194,0.99553,0.00365,0.00000,0.00082
46.75000,0.67194,0.99677,0.00154,0.00000,0.00169
46.80000,0.67194,0.99789,0.00124,0.00000,0.00086
46.85000,0.67194,0.99511,0.00409,0.00000,0.00080
46.90000,0.67194,0.99531,0.00264,0.00000,0.00204
46.95000,0.67194,0.99359,0.00428,0.00000,0.00213
47.00000,0.67194,0.99480,0.00324,0.00000,0.00195
47.05000,0.67194,0.99730,0.00136,0.00000,0.00134
47.10000,0.67194,0.99582,0.00233,0.00000,0.00185
47.15000,0.67194,0.99580,0.00326,0.00000,0.00094
47.20000,0.67194,0.99761,0.00134,0.00000,0.00105
47.25000,0.67194,0.99900,0.00045,0.00000,0.00054
47.30000,0.67194,0.99662,0.00139,0.00000,0.00198
47.35000,0.67194,0.99562,0.00334,0.00000,0.00103
47.40000,0.67194,0.99792,0.00096,0.00000,0.00111
47.45000,0.67194,0.99630,0.00306,0.00000,0.00064
47.50000,0.67194,0.99751,0.00136,0.00000,0.00113
47.55000,0.67194,0.99748,0.00121,0.00000,0.00131
47.60000,0.67194,0.99669,0.00119,0.00000,0.00212
47.65000,0.67194,0.99605,0.00322,0.00000,0.00073
47.70000,0.67194,0.99837,0.00083,0.00000,0.00081
47.75000,0.67194,0.99562,0.00241,0.00000,0.00196
47.80000,0.67194,0.99692,0.00142,0.00000,0.00166
47.85000,0.67194,0.99779,0.00047,0.00000,0.00174
47.90000,0.67194,0.99576,0.00045,0.00000,0.00379
47.95000,0.67194,0.99564,0.00089,0.00000,0.00347
48.00000,0.67194,0.99036,0.00422,0.00000,0.00542
48.05000,0.67194,0.98817,0.00168,0.00000,0.01016
48.10000,0.67194,0.99434,0.00156,0.00000,0.00410
48.15000,0.67194,0.98198,0.00074,0.00000,0.01728
48.20000,0.67194,0.99570,0.00208,0.00000,0.00222
48.25000,0.67194,0.98552,0.00258,0.00000,0.01190
48.30000,0.67194,0.99034,0.00529,0.00000,0.00437
48.35000,0.67194,0.98387,0.00264,0.00000,0.01349
48.40000,0.67194,0.99399,0.00391,0.00000,0.00210
48.45000,0.67194,0.98363,0.00277,0.00000,0.01360
48.50000,0.67194,0.98436,0.01367,0.00000,0.00197
48.55000,0.67194,0.98573,0.00334,0.00000,0.01092
48.60000,0.67194,0.98300,0.01423,0.00000,0.00277
48.65000,0.67194,0.95043,0.00301,0.00000,0.04657
48.70000,0.67194,0.98596,0.00632,0.00000,0.00772
48.75000,0.67194,0.95438,0.00129,0.00000,0.04432
48.80000,0.67194,0.98521,0.00641,0.00000,0.00838
48.85000,0.67194,0.94207,0.00130,0.00000,0.05663
48.90000,0.67194,0.97401,0.00393,0.00001,0.02205
48.95000,0.67194,0.97335,0.00079,0.00001,0.02585
49.00000,0.67194,0.98125,0.00115,0.00001,0.01760
49.05000,0.67194,0.98026,0.00178,0.00001,0.01794
49.10000,0.67194,0.98024,0.00171,0.00001,0.01804
49.15000,0.67194,0.98473,0.00026,0.00001,0.01501
49.20000,0.67194,0.99487,0.00037,0.00000,0.00476
49.25000,0.67194,0.99112,0.00256,0.00000,0.00632
49.30000,0.67194,0.99516,0.00020,0.00000,0.00464
49.35000,0.67194,0.99244,0.00137,0.00000,0.00619
49.40000,0.67194,0.99474,0.00167,0.00000,0.00358
49.45000,0.67194,0.99424,0.00241,0.00000,0.00335
49.50000,0.67194,0.99551,0.00132,0.00000,0.00318
49.55000,0.67194,0.99704,0.00222,0.00000,0.00074
49.60000,0.67194,0.99828,0.00075,0.00000,0.00096
49.65000,0.67194,0.99631,0.00275,0.00000,0.00094
49.70000,0.67194,0.99482,0.00138,0.00000,0.00381
49.75000,0.67194,0.99725,0.00109,0.00000,0.00165
49.80000,0.67194,0.99634,0.00126,0.00000,0.00240
49.85000,0.67194,0.99740,0.00136,0.00000,0.00124
49.90000,0.67194,0.99620,0.00085,0.00000,0.00295
49.95000,0.67194,0.99792,0.00076,0.00000,0.00132
50.00000,0.67194,0.99627,0.00072,0.00000,0.00301
50.05000,0.67194,0.99452,0.00093,0.00000,0.00455
50.10000,0.67194,0.99340,0.00159,0.00000,0.00500
50.15000,0.67194,0.98800,0.00108,0.00000,0.01092
50.20000,0.67194,0.99704,0.00053,0.00000,0.00243
50.25000,0.67194,0.99483,0.00041,0.00000,0.00476
50.30000,0.67194,0.99563,0.00059,0.00000,0.00378
50.35000,0.67194,0.98971,0.00075,0.00000,0.00954
50.40000,0.67194,0.98679,0.00052,0.00000,0.01269
50.45000,0.67194,0.97981,0.00106,0.00000,0.01913
50.50000,0.67194,0.93454,0.00194,0.00000,0.06352
50.55000,0.67194,0.91782,0.00116,0.00001,0.08101
50.60000,0.67194,0.93392,0.00067,0.00000,0.06540
50.65000,0.67194,0.92421,0.00094,0.00001,0.07484
50.70000,0.67194,0.93758,0.00142,0.00000,0.06100
50.75000,0.67194,0.90447,0.00125,0.00000,0.09428
50.80000,0.67194,0.88160,0.00040,0.00000,0.11800
50.85000,0.67194,0.82578,0.00076,0.00000,0.17345
50.90000,0.67194,0.70754,0.00022,0.00000,0.29224
50.95000,0.67194,0.90682,0.00028,0.00000,0.09290
51.00000,0.67194,0.92787,0.00013,0.00000,0.07199
51.05000,0.67194,0.96452,0.00030,0.00000,0.03518
51.10000,0.67194,0.95058,0.00011,0.00000,0.04931
51.15000,0.67194,0.99471,0.00016,0.00000,0.00513
51.20000,0.67194,0.98015,0.00021,0.00000,0.01964
51.25000,0.67194,0.99120,0.00045,0.00000,0.00835
51.30000,0.67194,0.98128,0.00035,0.00000,0.01836
51.35000,0.67194,0.98989,0.00027,0.00000,0.00984
51.40000,0.67194,0.98286,0.00039,0.00000,0.01675
51.45000,0.67194,0.98776,0.00023,0.00000,0.01201
51.50000,0.67194,0.99173,0.00052,0.00000,0.00774
51.55000,0.67194,0.98566,0.00026,0.00000,0.01408
51.60000,0.67194,0.99305,0.00080,0.00000,0.00614
51.65000,0.67194,0.99389,0.00053,0.00000,0.00557
51.70000,0.67194,0.99614,0.00080,0.00000,0.00306
51.75000,0.67194,0.99052,0.00111,0.00000,0.00838
51.80000,0.67194,0.99472,0.00230,0.00000,0.00298
51.85000,0.67194,0.98576,0.00053,0.00000,0.01370
51.90000,0.67194,0.98892,0.00246,0.00000,0.00862
51.95000,0.67194,0.98842,0.00110,0.00001,0.01048
52.00000,0.67194,0.98027,0.00097,0.00001,0.01875
52.05000,0.67194,0.99284,0.00140,0.00001,0.00576
52.10000,0.67194,0.99159,0.00244,0.00000,0.00597
52.15000,0.67194,0.99659,0.00146,0.00000,0.00195
52.20000,0.67194,0.99333,0.00180,0.00000,0.00487
52.25000,0.67194,0.99307,0.00359,0.00000,0.00334
52.30000,0.67194,0.99035,0.00155,0.00000,0.00810
52.35000,0.67194,0.99052,0.00527,0.00000,0.00421
52.40000,0.67194,0.99608,0.00075,0.00000,0.00317
52.45000,0.67194,0.99407,0.00308,0.00000,0.00285
52.50000,0.67194,0.99123,0.00120,0.00000,0.00757
52.55000,0.67194,0.99541,0.00130,0.00000,0.00329
52.60000,0.67194,0.99189,0.00162,0.00000,0.00649
52.65000,0.67194,0.98877,0.00114,0.00000,0.01009
52.70000,0.67194,0.98704,0.00235,0.00000,0.01061
52.75000,0.67194,0.95786,0.00127,0.00000,0.04087
52.80000,0.67194,0.99252,0.00151,0.00000,0.00597
52.85000,0.67194,0.96691,0.00107,0.00000,0.03202
52.90000,0.67194,0.99193,0.00228,0.00000,0.00579
52.95000,0.67194,0.97171,0.00037,0.00000,0.02792
53.00000,0.67194,0.99251,0.00094,0.00000,0.00655
53.05000,0.67194,0.94813,0.00241,0.00000,0.04946
53.10000,0.67194,0.98845,0.00368,0.00000,0.00786
53.15000,0.67194,0.96916,0.00134,0.00000,0.02950
53.20000,0.67194,0.99096,0.00176,0.00000,0.00728
53.25000,0.67194,0.95148,0.00032,0.00000,0.04819
53.30000,0.67194,0.98194,0.00466,0.00000,0.01339
53.35000,0.67194,0.98677,0.00144,0.00000,0.01179
53.40000,0.67194,0.99134,0.00292,0.00000,0.00573
53.45000,0.67194,0.99594,0.00197,0.00000,0.00209
53.50000,0.67194,0.99414,0.00102,0.00000,0.00484
53.55000,0.67194,0.99783,0.00062,0.00000,0.00155
53.60000,0.67194,0.99258,0.00047,0.00000,0.00694
53.65000,0.67194,0.99220,0.00050,0.00000,0.00730
53.70000,0.67194,0.98409,0.00283,0.00000,0.01308
53.75000,0.67194,0.97582,0.00115,0.00003,0.02301
53.80000,0.67194,0.98824,0.00369,0.00001,0.00806
53.85000,0.67194,0.98957,0.00070,0.00001,0.00972
53.90000,0.67194,0.97571,0.00060,0.00001,0.02368
53.95000,0.67194,0.98225,0.00140,0.00003,0.01632
54.00000,0.67194,0.95109,0.00256,0.00001,0.04634
54.05000,0.67194,0.97857,0.00091,0.00001,0.02052
54.10000,0.67194,0.98988,0.00027,0.00000,0.00984
54.15000,0.67194,0.97236,0.00081,0.00001,0.02682
54.20000,0.67194,0.97814,0.00058,0.00000,0.02128
54.25000,0.67194,0.99467,0.00100,0.00000,0.00433
54.30000,0.67194,0.99025,0.00121,0.00000,0.00854
54.35000,0.67194,0.99515,0.00031,0.00000,0.00453
54.40000,0.67194,0.97731,0.00089,0.00000,0.02180
54.45000,0.67194,0.99179,0.00161,0.00000,0.00660
54.50000,0.67194,0.99566,0.00081,0.00000,0.00353
54.55000,0.67194,0.99087,0.00065,0.00000,0.00848
54.60000,0.67194,0.99257,0.00043,0.00000,0.00700
54.65000,0.67194,0.98245,0.00030,0.00000,0.01725
54.70000,0.67194,0.99371,0.00062,0.00001,0.00567
54.75000,0.67194,0.98066,0.00020,0.00000,0.01914
54.80000,0.67194,0.99715,0.00027,0.00001,0.00257
54.85000,0.67194,0.99369,0.00029,0.00000,0.00602
54.90000,0.67194,0.99767,0.00012,0.00000,0.00221
54.95000,0.67194,0.99500,0.00007,0.00000,0.00493
55.00000,0.67194,0.99688,0.00065,0.00000,0.00246
55.05000,0.67194,0.98931,0.00016,0.00000,0.01052
55.10000,0.67194,0.99565,0.00053,0.00000,0.00382
55.15000,0.67194,0.97361,0.00028,0.00000,0.02611
55.20000,0.67194,0.99711,0.00063,0.00000,0.00226
55.25000,0.67194,0.97761,0.00094,0.00000,0.02144
55.30000,0.67194,0.99362,0.00368,0.00000,0.00270
55.35000,0.67194,0.99273,0.00041,0.00000,0.00687
55.40000,0.67194,0.99337,0.00050,0.00001,0.00612
55.45000,0.67194,0.95955,0.00252,0.00001,0.03793
55.50000,0.67194,0.97235,0.00182,0.00001,0.02583
55.55000,0.67194,0.98574,0.00075,0.00002,0.01349
55.60000,0.67194,0.98357,0.00153,0.00000,0.01490
55.65000,0.67194,0.98120,0.00110,0.00001,0.01770
55.70000,0.67194,0.98263,0.00120,0.00002,0.01615
55.75000,0.67194,0.99269,0.00043,0.00007,0.00680
55.80000,0.67194,0.94690,0.00084,0.00002,0.05225
55.85000,0.67194,0.99143,0.00089,0.00000,0.00767
55.90000,0.67194,0.94010,0.00062,0.00001,0.05926
55.95000,0.67194,0.97620,0.00053,0.00001,0.02326
56.00000,0.67194,0.99522,0.00020,0.00001,0.00457
56.05000,0.67194,0.99611,0.00046,0.00001,0.00343
56.10000,0.67194,0.99048,0.00092,0.00000,0.00861
56.15000,0.67194,0.98297,0.00031,0.00000,0.01672
56.20000,0.67194,0.98636,0.00070,0.00000,0.01293
56.25000,0.67194,0.98577,0.00088,0.00000,0.01334
56.30000,0.67194,0.99606,0.00019,0.00000,0.00376
56.35000,0.67194,0.99664,0.00041,0.00000,0.00295
56.40000,0.67194,0.99555,0.00050,0.00000,0.00394
56.45000,0.67194,0.99200,0.00097,0.00000,0.00704
56.50000,0.67194,0.99624,0.00027,0.00000,0.00349
56.55000,0.67194,0.98153,0.00067,0.00000,0.01779
56.60000,0.67194,0.99342,0.00077,0.00001,0.00580
56.65000,0.67194,0.99374,0.00062,0.00000,0.00563
56.70000,0.67194,0.98093,0.00132,0.00000,0.01774
56.75000,0.67194,0.98318,0.00205,0.00000,0.01477
56.80000,0.67194,0.98603,0.00035,0.00000,0.01362
56.85000,0.67194,0.98273,0.00463,0.00000,0.01264
56.90000,0.67194,0.98873,0.00125,0.00000,0.01002
56.95000,0.67194,0.99485,0.00224,0.00000,0.00291
57.00000,0.67194,0.99465,0.00120,0.00000,0.00416
57.05000,0.67194,0.99366,0.00377,0.00000,0.00257
57.10000,0.67194,0.98230,0.00238,0.00000,0.01532
57.15000,0.67194,0.99599,0.00189,0.00000,0.00212
57.20000,0.67194,0.97537,0.00051,0.00000,0.02411
57.25000,0.67194,0.98640,0.00191,0.00000,0.01169
57.30000,0.67194,0.98968,0.00052,0.00000,0.00979
57.35000,0.67194,0.97980,0.00203,0.00000,0.01817
57.40000,0.67194,0.96562,0.00109,0.00000,0.03329
57.45000,0.67194,0.96737,0.00138,0.00000,0.03125
57.50000,0.67194,0.96820,0.00111,0.00001,0.03069
57.55000,0.67194,0.95949,0.00200,0.00001,0.03850
57.60000,0.67194,0.95047,0.00220,0.00001,0.04733
57.65000,0.67194,0.95642,0.00220,0.00001,0.04137
57.70000,0.67194,0.97238,0.00194,0.00002,0.02566
57.75000,0.67194,0.98249,0.00165,0.00000,0.01586
57.80000,0.67194,0.97746,0.00099,0.00001,0.02154
57.85000,0.67194,0.99499,0.00190,0.00000,0.00312
57.90000,0.67194,0.99082,0.00068,0.00002,0.00848
57.95000,0.67194,0.97709,0.00212,0.00000,0.02079
58.00000,0.67194,0.98687,0.00153,0.00000,0.01160
58.05000,0.67194,0.99551,0.00077,0.00001,0.00371
58.10000,0.67194,0.97976,0.00078,0.00000,0.01946
58.15000,0.67194,0.99072,0.00127,0.00000,0.00801
58.20000,0.67194,0.97705,0.00060,0.00000,0.02234
58.25000,0.67194,0.98110,0.00037,0.00000,0.01853
58.30000,0.67194,0.99060,0.00027,0.00000,0.00913
58.35000,0.67194,0.98693,0.00037,0.00000,0.01270
58.40000,0.67194,0.99372,0.00076,0.00000,0.00552
58.45000,0.67194,0.98720,0.00033,0.00000,0.01247
58.50000,0.67194,0.99095,0.00042,0.00000,0.00863
58.55000,0.67194,0.99386,0.00070,0.00000,0.00544
58.60000,0.67194,0.99368,0.00035,0.00000,0.00596
58.65000,0.67194,0.99143,0.00123,0.00000,0.00734
58.70000,0.67194,0.99474,0.00044,0.00000,0.00482
58.75000,0.67194,0.99337,0.00047,0.00000,0.00615
58.80000,0.67194,0.99732,0.00029,0.00000,0.00239
58.85000,0.67194,0.98833,0.00026,0.00000,0.01140
58.90000,0.67194,0.99632,0.00096,0.00000,0.00272
58.95000,0.67194,0.98540,0.00024,0.00000,0.01435
59.00000,0.67194,0.99744,0.00036,0.00000,0.00220
59.05000,0.67194,0.97552,0.00012,0.00000,0.02436
59.10000,0.67194,0.99315,0.00023,0.00000,0.00661
59.15000,0.67194,0.98747,0.00006,0.00000,0.01247
59.20000,0.67194,0.99520,0.00017,0.00000,0.00463
59.25000,0.67194,0.98074,0.00019,0.00000,0.01907
59.30000,0.67194,0.98549,0.00033,0.00000,0.01418
