Time (seconds), Duration (seconds),pred_unlabelled,pred_sirens
0.00000,1.01194,0.97973,0.02027
0.12000,1.01194,0.97456,0.02544
0.24000,1.01194,0.94692,0.05308
0.36000,1.01194,0.97215,0.02785
0.48000,1.01194,0.98120,0.01880
0.60000,1.01194,0.98501,0.01499
0.72000,1.01194,0.98233,0.01767
0.84000,1.01194,0.98020,0.01980
0.96000,1.01194,0.97922,0.02078
1.08000,1.01194,0.98560,0.01440
1.20000,1.01194,0.97629,0.02371
1.32000,1.01194,0.96324,0.03676
1.44000,1.01194,0.96484,0.03516
1.56000,1.01194,0.94932,0.05068
1.68000,1.01194,0.96936,0.03064
1.80000,1.01194,0.90076,0.09924
1.92000,1.01194,0.66143,0.33857
2.04000,1.01194,0.33666,0.66335
2.16000,1.01194,0.11989,0.88011
2.28000,1.01194,0.09151,0.90849
2.40000,1.01194,0.00807,0.99193
2.52000,1.01194,0.01923,0.98077
2.64000,1.01194,0.00602,0.99398
2.76000,1.01194,0.00197,0.99803
2.88000,1.01194,0.01518,0.98482
3.00000,1.01194,0.01267,0.98733
3.12000,1.01194,0.02509,0.97491
3.24000,1.01194,0.02789,0.97211
3.36000,1.01194,0.01627,0.98373
3.48000,1.01194,0.09085,0.90915
3.60000,1.01194,0.00914,0.99086
3.72000,1.01194,0.01338,0.98662
3.84000,1.01194,0.00544,0.99456
3.96000,1.01194,0.00820,0.99180
4.08000,1.01194,0.00861,0.99139
4.20000,1.01194,0.01090,0.98910
4.32000,1.01194,0.00933,0.99067
4.44000,1.01194,0.00665,0.99335
4.56000,1.01194,0.00351,0.99649
4.68000,1.01194,0.00160,0.99840
4.80000,1.01194,0.00379,0.99621
4.92000,1.01194,0.00371,0.99629
5.04000,1.01194,0.01965,0.98035
5.16000,1.01194,0.01631,0.98369
5.28000,1.01194,0.00536,0.99464
5.40000,1.01194,0.02907,0.97093
5.52000,1.01194,0.00777,0.99223
5.64000,1.01194,0.01520,0.98480
5.76000,1.01194,0.00625,0.99375
5.88000,1.01194,0.00471,0.99529
6.00000,1.01194,0.01442,0.98558
6.12000,1.01194,0.00526,0.99474
6.24000,1.01194,0.00860,0.99140
6.36000,1.01194,0.00804,0.99196
6.48000,1.01194,0.01369,0.98631
6.60000,1.01194,0.00219,0.99781
6.72000,1.01194,0.01471,0.98529
6.84000,1.01194,0.00286,0.99714
6.96000,1.01194,0.01527,0.98473
7.08000,1.01194,0.00346,0.99654
7.20000,1.01194,0.01309,0.98691
7.32000,1.01194,0.00301,0.99699
7.44000,1.01194,0.01638,0.98362
7.56000,1.01194,0.01049,0.98951
7.68000,1.01194,0.01366,0.98634
7.80000,1.01194,0.00619,0.99381
7.92000,1.01194,0.01295,0.98705
8.04000,1.01194,0.00419,0.99581
8.16000,1.01194,0.00439,0.99561
8.28000,1.01194,0.00617,0.99383
8.40000,1.01194,0.01277,0.98723
8.52000,1.01194,0.01378,0.98622
8.64000,1.01194,0.01108,0.98892
8.76000,1.01194,0.02695,0.97305
8.88000,1.01194,0.00474,0.99526
9.00000,1.01194,0.02133,0.97867
9.12000,1.01194,0.00660,0.99340
9.24000,1.01194,0.01659,0.98341
9.36000,1.01194,0.00537,0.99463
9.48000,1.01194,0.03953,0.96047
9.60000,1.01194,0.00601,0.99399
9.72000,1.01194,0.01295,0.98705
9.84000,1.01194,0.00296,0.99704
9.96000,1.01194,0.00732,0.99268
10.08000,1.01194,0.00374,0.99626
10.20000,1.01194,0.00403,0.99597
10.32000,1.01194,0.00814,0.99186
10.44000,1.01194,0.00284,0.99716
10.56000,1.01194,0.01105,0.98895
10.68000,1.01194,0.00196,0.99804
10.80000,1.01194,0.04404,0.95596
10.92000,1.01194,0.01124,0.98876
11.04000,1.01194,0.00591,0.99409
11.16000,1.01194,0.00428,0.99572
11.28000,1.01194,0.00278,0.99722
11.40000,1.01194,0.00362,0.99638
11.52000,1.01194,0.00591,0.99409
11.64000,1.01194,0.00151,0.99849
11.76000,1.01194,0.00152,0.99848
11.88000,1.01194,0.00104,0.99896
12.00000,1.01194,0.00195,0.99805
12.12000,1.01194,0.00131,0.99869
12.24000,1.01194,0.00130,0.99870
12.36000,1.01194,0.00043,0.99957
12.48000,1.01194,0.00423,0.99577
12.60000,1.01194,0.00204,0.99796
12.72000,1.01194,0.00643,0.99357
12.84000,1.01194,0.01134,0.98866
12.96000,1.01194,0.00494,0.99506
13.08000,1.01194,0.03212,0.96788
13.20000,1.01194,0.00801,0.99199
13.32000,1.01194,0.01861,0.98139
13.44000,1.01194,0.00520,0.99480
13.56000,1.01194,0.03013,0.96987
13.68000,1.01194,0.00940,0.99060
13.80000,1.01194,0.05081,0.94919
13.92000,1.01194,0.00926,0.99074
14.04000,1.01194,0.04692,0.95308
14.16000,1.01194,0.01352,0.98648
14.28000,1.01194,0.04100,0.95900
14.40000,1.01194,0.01737,0.98263
14.52000,1.01194,0.03382,0.96618
14.64000,1.01194,0.02357,0.97643
14.76000,1.01194,0.02495,0.97505
14.88000,1.01194,0.02093,0.97907
15.00000,1.01194,0.02778,0.97222
15.12000,1.01194,0.02540,0.97460
15.24000,1.01194,0.05554,0.94446
15.36000,1.01194,0.03700,0.96300
15.48000,1.01194,0.02965,0.97035
15.60000,1.01194,0.00960,0.99040
15.72000,1.01194,0.02043,0.97957
15.84000,1.01194,0.00548,0.99452
15.96000,1.01194,0.01874,0.98126
16.08000,1.01194,0.00919,0.99081
16.20000,1.01194,0.02714,0.97286
16.32000,1.01194,0.02250,0.97750
16.44000,1.01194,0.02132,0.97868
16.56000,1.01194,0.01386,0.98614
16.68000,1.01194,0.03427,0.96573
16.80000,1.01194,0.00959,0.99041
16.92000,1.01194,0.02395,0.97605
17.04000,1.01194,0.01170,0.98830
17.16000,1.01194,0.02731,0.97269
17.28000,1.01194,0.00993,0.99007
17.40000,1.01194,0.02681,0.97319
17.52000,1.01194,0.01948,0.98052
17.64000,1.01194,0.02306,0.97694
17.76000,1.01194,0.02650,0.97350
17.88000,1.01194,0.01151,0.98849
18.00000,1.01194,0.02107,0.97893
18.12000,1.01194,0.01926,0.98074
18.24000,1.01194,0.01545,0.98455
18.36000,1.01194,0.01580,0.98420
18.48000,1.01194,0.01402,0.98598
18.60000,1.01194,0.04326,0.95674
18.72000,1.01194,0.01481,0.98519
18.84000,1.01194,0.03090,0.96910
18.96000,1.01194,0.03315,0.96685
19.08000,1.01194,0.02022,0.97978
19.20000,1.01194,0.01389,0.98611
19.32000,1.01194,0.02237,0.97763
19.44000,1.01194,0.02487,0.97513
19.56000,1.01194,0.02841,0.97159
19.68000,1.01194,0.01433,0.98567
19.80000,1.01194,0.03971,0.96029
19.92000,1.01194,0.01583,0.98417
20.04000,1.01194,0.03138,0.96862
20.16000,1.01194,0.01952,0.98048
20.28000,1.01194,0.04185,0.95815
20.40000,1.01194,0.01809,0.98191
20.52000,1.01194,0.04559,0.95441
20.64000,1.01194,0.01310,0.98690
20.76000,1.01194,0.03354,0.96646
20.88000,1.01194,0.02390,0.97610
21.00000,1.01194,0.06638,0.93362
21.12000,1.01194,0.02296,0.97704
21.24000,1.01194,0.02362,0.97638
21.36000,1.01194,0.01418,0.98582
21.48000,1.01194,0.02018,0.97982
21.60000,1.01194,0.02639,0.97361
21.72000,1.01194,0.16861,0.83139
21.84000,1.01194,0.03648,0.96352
21.96000,1.01194,0.11944,0.88056
22.08000,1.01194,0.09722,0.90278
22.20000,1.01194,0.06376,0.93624
22.32000,1.01194,0.01568,0.98432
22.44000,1.01194,0.03338,0.96662
22.56000,1.01194,0.00916,0.99084
22.68000,1.01194,0.07212,0.92788
22.80000,1.01194,0.04177,0.95823
22.92000,1.01194,0.00253,0.99747
23.04000,1.01194,0.01280,0.98720
23.16000,1.01194,0.00680,0.99320
23.28000,1.01194,0.01881,0.98119
23.40000,1.01194,0.00917,0.99083
23.52000,1.01194,0.00368,0.99632
23.64000,1.01194,0.00957,0.99043
23.76000,1.01194,0.08339,0.91661
23.88000,1.01194,0.00444,0.99556
24.00000,1.01194,0.00585,0.99415
24.12000,1.01194,0.00386,0.99614
24.24000,1.01194,0.01149,0.98851
24.36000,1.01194,0.00655,0.99345
24.48000,1.01194,0.00293,0.99707
24.60000,1.01194,0.00590,0.99410
24.72000,1.01194,0.00294,0.99706
24.84000,1.01194,0.00191,0.99809
24.96000,1.01194,0.00079,0.99921
25.08000,1.01194,0.00265,0.99735
25.20000,1.01194,0.00478,0.99522
25.32000,1.01194,0.02579,0.97421
25.44000,1.01194,0.01954,0.98046
25.56000,1.01194,0.00500,0.99500
25.68000,1.01194,0.00951,0.99049
25.80000,1.01194,0.00668,0.99332
25.92000,1.01194,0.00786,0.99214
26.04000,1.01194,0.00684,0.99316
26.16000,1.01194,0.00443,0.99557
26.28000,1.01194,0.00493,0.99507
26.40000,1.01194,0.00276,0.99724
26.52000,1.01194,0.00625,0.99375
26.64000,1.01194,0.00152,0.99848
26.76000,1.01194,0.00793,0.99207
26.88000,1.01194,0.00695,0.99305
27.00000,1.01194,0.00428,0.99572
27.12000,1.01194,0.00230,0.99770
27.24000,1.01194,0.00249,0.99751
27.36000,1.01194,0.00526,0.99474
27.48000,1.01194,0.00268,0.99732
27.60000,1.01194,0.00176,0.99824
27.72000,1.01194,0.00086,0.99914
27.84000,1.01194,0.00229,0.99771
27.96000,1.01194,0.00016,0.99984
28.08000,1.01194,0.00005,0.99995
28.20000,1.01194,0.00014,0.99986
28.32000,1.01194,0.00005,0.99995
28.44000,1.01194,0.00014,0.99986
28.56000,1.01194,0.00004,0.99996
28.68000,1.01194,0.00030,0.99970
28.80000,1.01194,0.00028,0.99972
28.92000,1.01194,0.00163,0.99837
29.04000,1.01194,0.01582,0.98418
29.16000,1.01194,0.04065,0.95935
29.28000,1.01194,0.01779,0.98221
29.40000,1.01194,0.00281,0.99719
29.52000,1.01194,0.00354,0.99646
29.64000,1.01194,0.01616,0.98384
29.76000,1.01194,0.00282,0.99718
29.88000,1.01194,0.00143,0.99857
30.00000,1.01194,0.00004,0.99996
30.12000,1.01194,0.00025,0.99975
30.24000,1.01194,0.00058,0.99942
30.36000,1.01194,0.00521,0.99479
30.48000,1.01194,0.01675,0.98325
30.60000,1.01194,0.01519,0.98481
30.72000,1.01194,0.02471,0.97529
30.84000,1.01194,0.00429,0.99571
30.96000,1.01194,0.01705,0.98295
31.08000,1.01194,0.01350,0.98650
31.20000,1.01194,0.01528,0.98472
31.32000,1.01194,0.00979,0.99021
31.44000,1.01194,0.00271,0.99729
31.56000,1.01194,0.00755,0.99245
31.68000,1.01194,0.00312,0.99688
31.80000,1.01194,0.01955,0.98045
31.92000,1.01194,0.00212,0.99788
32.04000,1.01194,0.01166,0.98834
32.16000,1.01194,0.00123,0.99877
32.28000,1.01194,0.00457,0.99543
32.40000,1.01194,0.00514,0.99486
32.52000,1.01194,0.00801,0.99199
32.64000,1.01194,0.00092,0.99908
32.76000,1.01194,0.00742,0.99258
32.88000,1.01194,0.00038,0.99962
33.00000,1.01194,0.00015,0.99985
33.12000,1.01194,0.00005,0.99995
33.24000,1.01194,0.00002,0.99998
33.36000,1.01194,0.00002,0.99998
33.48000,1.01194,0.00001,0.99999
33.60000,1.01194,0.00003,0.99997
33.72000,1.01194,0.00033,0.99967
33.84000,1.01194,0.00342,0.99658
33.96000,1.01194,0.00937,0.99063
34.08000,1.01194,0.02498,0.97502
34.20000,1.01194,0.02514,0.97486
34.32000,1.01194,0.02589,0.97411
34.44000,1.01194,0.01995,0.98005
34.56000,1.01194,0.00343,0.99657
34.68000,1.01194,0.02040,0.97960
34.80000,1.01194,0.01901,0.98099
34.92000,1.01194,0.00147,0.99853
35.04000,1.01194,0.01840,0.98160
35.16000,1.01194,0.00112,0.99888
35.28000,1.01194,0.00080,0.99920
35.40000,1.01194,0.00742,0.99258
35.52000,1.01194,0.00527,0.99473
35.64000,1.01194,0.04463,0.95537
35.76000,1.01194,0.07976,0.92024
35.88000,1.01194,0.05971,0.94029
36.00000,1.01194,0.05041,0.94959
36.12000,1.01194,0.00711,0.99289
36.24000,1.01194,0.06117,0.93883
36.36000,1.01194,0.03969,0.96031
36.48000,1.01194,0.02687,0.97313
36.60000,1.01194,0.01548,0.98452
36.72000,1.01194,0.01615,0.98385
36.84000,1.01194,0.01445,0.98555
36.96000,1.01194,0.05721,0.94279
37.08000,1.01194,0.05126,0.94874
37.20000,1.01194,0.03396,0.96604
37.32000,1.01194,0.03440,0.96560
37.44000,1.01194,0.16209,0.83791
37.56000,1.01194,0.18449,0.81551
37.68000,1.01194,0.50807,0.49193
37.80000,1.01194,0.69350,0.30650
37.92000,1.01194,0.66533,0.33467
38.04000,1.01194,0.77015,0.22985
38.16000,1.01194,0.69912,0.30088
38.28000,1.01194,0.58185,0.41815
38.40000,1.01194,0.66960,0.33040
38.52000,1.01194,0.72953,0.27047
38.64000,1.01194,0.89332,0.10668
38.76000,1.01194,0.75662,0.24338
38.88000,1.01194,0.86326,0.13674
39.00000,1.01194,0.77913,0.22087
39.12000,1.01194,0.79132,0.20868
39.24000,1.01194,0.37120,0.62880
39.36000,1.01194,0.81028,0.18972
39.48000,1.01194,0.66407,0.33593
39.60000,1.01194,0.66115,0.33885
39.72000,1.01194,0.62076,0.37924
39.84000,1.01194,0.69294,0.30706
39.96000,1.01194,0.68369,0.31631
40.08000,1.01194,0.86045,0.13955
40.20000,1.01194,0.67284,0.32716
40.32000,1.01194,0.83311,0.16689
40.44000,1.01194,0.45289,0.54711
40.56000,1.01194,0.50887,0.49113
40.68000,1.01194,0.35670,0.64330
40.80000,1.01194,0.21427,0.78573
40.92000,1.01194,0.21172,0.78828
41.04000,1.01194,0.30580,0.69420
41.16000,1.01194,0.16430,0.83570
41.28000,1.01194,0.21102,0.78898
41.40000,1.01194,0.29644,0.70356
41.52000,1.01194,0.50539,0.49461
41.64000,1.01194,0.74494,0.25506
41.76000,1.01194,0.69454,0.30546
41.88000,1.01194,0.84557,0.15443
42.00000,1.01194,0.88253,0.11747
42.12000,1.01194,0.93883,0.06117
42.24000,1.01194,0.83877,0.16123
42.36000,1.01194,0.83210,0.16790
42.48000,1.01194,0.77081,0.22919
42.60000,1.01194,0.71567,0.28433
42.72000,1.01194,0.61229,0.38771
42.84000,1.01194,0.60631,0.39369
42.96000,1.01194,0.74187,0.25813
43.08000,1.01194,0.82668,0.17332
43.20000,1.01194,0.64244,0.35756
43.32000,1.01194,0.85898,0.14102
43.44000,1.01194,0.78844,0.21156
43.56000,1.01194,0.92228,0.07772
43.68000,1.01194,0.81281,0.18719
43.80000,1.01194,0.91456,0.08544
43.92000,1.01194,0.93651,0.06349
44.04000,1.01194,0.97790,0.02210
44.16000,1.01194,0.89373,0.10627
44.28000,1.01194,0.96000,0.04000
44.40000,1.01194,0.96834,0.03166
44.52000,1.01194,0.97275,0.02725
44.64000,1.01194,0.97698,0.02302
44.76000,1.01194,0.96356,0.03644
44.88000,1.01194,0.94373,0.05627
45.00000,1.01194,0.95867,0.04133
45.12000,1.01194,0.92613,0.07387
45.24000,1.01194,0.93750,0.06250
45.36000,1.01194,0.95947,0.04053
45.48000,1.01194,0.95347,0.04653
45.60000,1.01194,0.97609,0.02391
45.72000,1.01194,0.92488,0.07512
45.84000,1.01194,0.93058,0.06942
45.96000,1.01194,0.82546,0.17454
46.08000,1.01194,0.65388,0.34612
46.20000,1.01194,0.72813,0.27187
46.32000,1.01194,0.79415,0.20585
46.44000,1.01194,0.54862,0.45138
46.56000,1.01194,0.79208,0.20792
46.68000,1.01194,0.80539,0.19461
46.80000,1.01194,0.75001,0.24999
46.92000,1.01194,0.89887,0.10113
47.04000,1.01194,0.90771,0.09229
47.16000,1.01194,0.84527,0.15473
47.28000,1.01194,0.82075,0.17925
47.40000,1.01194,0.64379,0.35621
