Time(Seconds),Length(Seconds),Label(string),Confidence(double),Comment(string)
0.911,0.127,touch,1.0,
1.404,0.1200000000000001,touch,1.0,
1.972,0.137,touch,1.0,
2.37,0.1549999999999998,touch,1.0,
2.896,0.16400000000000015,touch,1.0,
3.474,0.1559999999999997,touch,1.0,
4.066,0.14700000000000024,touch,1.0,
4.755,0.1280000000000001,touch,1.0,
5.065,0.12899999999999956,touch,1.0,
5.415,0.1280000000000001,touch,1.0,
5.718,0.17900000000000027,touch,1.0,
6.879,0.28500000000000014,touch,1.0,
7.425,0.22299999999999986,touch,1.0,
7.945,0.17600000000000016,touch,1.0,
8.427,0.17400000000000126,touch,1.0,
8.921,0.19000000000000128,touch,1.0,
9.357,0.19000000000000128,touch,1.0,
9.84,0.15000000000000036,touch,1.0,
10.338,0.17700000000000138,touch,1.0,
10.787,0.21399999999999864,touch,1.0,
11.248,0.20199999999999996,touch,1.0,
11.69,0.1750000000000007,touch,1.0,
12.122,0.2110000000000003,touch,1.0,
12.571,0.1739999999999995,touch,1.0,
13.039,0.19100000000000072,touch,1.0,
13.51,0.21300000000000097,touch,1.0,
13.991,0.1980000000000004,touch,1.0,
14.474,0.2259999999999991,touch,1.0,
14.983,0.18799999999999883,touch,1.0,
15.484,0.17800000000000082,touch,1.0,
15.976,0.16799999999999748,touch,1.0,
16.474,0.18400000000000105,touch,1.0,
17.003,0.17800000000000082,touch,1.0,
17.471,0.1769999999999996,touch,1.0,
17.962,0.18599999999999994,touch,1.0,
18.44,0.16499999999999915,touch,1.0,
18.915,0.17300000000000182,touch,1.0,
19.312,0.16600000000000037,touch,1.0,
19.762,0.17299999999999827,touch,1.0,
20.145,0.16300000000000026,touch,1.0,
20.592,0.15000000000000213,touch,1.0,
20.973,0.15700000000000003,touch,1.0,
21.429,0.1440000000000019,touch,1.0,
21.817,0.21199999999999974,touch,1.0,
22.307,0.18400000000000105,touch,1.0,
22.678,0.2309999999999981,touch,1.0,
23.147,0.16400000000000148,touch,1.0,
23.65,0.16300000000000026,touch,1.0,
24.164,0.16499999999999915,touch,1.0,
24.588,0.1739999999999995,touch,1.0,
25.085,0.1869999999999976,touch,1.0,
25.544,0.1819999999999986,touch,1.0,
26.059,0.1769999999999996,touch,1.0,
26.591,0.1789999999999985,touch,1.0,
27.198,0.14199999999999946,touch,1.0,
27.749,0.1479999999999997,touch,1.0,
28.274,0.1479999999999997,touch,1.0,
28.878,0.10200000000000031,touch,1.0,
29.31,0.14300000000000068,touch,1.0,
29.88,0.12300000000000111,touch,1.0,
30.216,0.14099999999999824,touch,1.0,
30.761,0.15600000000000236,touch,1.0,
31.105,0.1269999999999989,touch,1.0,
31.489,0.1529999999999987,touch,1.0,
31.921,0.10500000000000398,touch,1.0,
32.357,0.1490000000000009,touch,1.0,
32.805,0.1630000000000038,touch,1.0,
33.34,0.20599999999999596,touch,1.0,
33.811,0.15400000000000347,touch,1.0,
34.24,0.11599999999999966,touch,1.0,
34.681,0.13000000000000256,touch,1.0,
35.099,0.14300000000000068,touch,1.0,
35.52,0.1629999999999967,touch,1.0,
35.985,0.16799999999999926,touch,1.0,
36.484,0.15699999999999648,touch,1.0,
36.867,0.142000000000003,touch,1.0,
37.243,0.15800000000000125,touch,1.0,
37.631,0.15800000000000125,touch,1.0,
37.961,0.17999999999999972,touch,1.0,
38.356,0.17099999999999937,touch,1.0,
38.738,0.1630000000000038,touch,1.0,
39.168,0.17900000000000205,touch,1.0,
39.647,0.1880000000000024,touch,1.0,
40.101,0.16600000000000392,touch,1.0,
40.487,0.19500000000000028,touch,1.0,
41.014,0.15399999999999636,touch,1.0,
41.383,0.16799999999999926,touch,1.0,
41.812,0.1769999999999996,touch,1.0,
42.348,0.10500000000000398,touch,1.0,
42.673,0.17599999999999483,touch,1.0,
43.104,0.16199999999999903,touch,1.0,
44.051,0.10799999999999699,touch,1.0,
45.09,0.0969999999999942,touch,1.0,
45.385,0.3990000000000009,touch,1.0,
45.978,0.1700000000000017,touch,1.0,
46.389,0.11299999999999955,touch,1.0,
47.337,0.045999999999999375,touch,1.0,
47.869,0.12400000000000233,touch,1.0,
