Time (seconds), Duration (seconds),pred_unlabelled,pred_touch
0.00000,0.50900,0.99743,0.00257
0.10600,0.49800,0.99821,0.00179
0.21300,0.47500,0.99892,0.00108
0.30200,0.47400,0.98863,0.01137
0.41200,0.45200,0.94967,0.05033
0.52000,0.44100,0.74442,0.25558
0.61100,0.44200,0.94362,0.05638
0.69500,0.45400,0.76968,0.23032
0.78400,0.47200,0.54103,0.45897
0.87400,0.45800,0.34569,0.65431
0.97100,0.43800,0.88629,0.11371
1.06100,0.42300,0.88154,0.11846
1.15900,0.40300,0.92053,0.07947
1.26400,0.37800,0.49590,0.50410
1.34000,0.40100,0.36211,0.63789
1.41700,0.42900,0.96493,0.03507
1.49200,0.45400,0.96071,0.03929
1.56800,0.47500,0.91701,0.08299
1.65000,0.50000,0.43346,0.56654
1.75200,0.50400,0.79530,0.20470
1.85700,0.50500,0.76504,0.23496
1.95400,0.51200,0.68555,0.31445
2.05200,0.51700,0.72811,0.27189
2.16000,0.50500,0.85636,0.14364
2.26600,0.50900,0.88164,0.11836
2.37300,0.50300,0.82798,0.17202
2.47600,0.49700,0.77462,0.22538
2.57900,0.50500,0.88162,0.11838
2.67700,0.51600,0.91738,0.08262
2.78300,0.51200,0.80683,0.19317
2.88500,0.51000,0.97743,0.02257
2.98400,0.50100,0.96987,0.03013
3.09500,0.46900,0.91266,0.08734
3.20300,0.43500,0.89963,0.10037
3.30400,0.41000,0.96706,0.03294
3.40900,0.39500,0.96179,0.03821
3.49300,0.40000,0.94666,0.05334
3.57100,0.41100,0.48006,0.51994
3.64500,0.44100,0.64484,0.35516
3.72200,0.47000,0.94478,0.05522
3.81200,0.48200,0.99825,0.00175
3.90100,0.48900,0.98422,0.01578
3.99000,0.50700,0.72789,0.27211
4.09500,0.50400,0.72465,0.27535
4.20200,0.49700,0.86968,0.13032
4.30200,0.49800,0.95242,0.04758
4.40000,0.50400,0.79142,0.20858
4.50600,0.48700,0.80326,0.19674
4.61100,0.47200,0.95794,0.04206
4.70900,0.48200,0.98894,0.01106
4.81100,0.48300,0.90446,0.09554
4.91200,0.48300,0.91948,0.08052
5.00200,0.49100,0.98918,0.01082
5.09400,0.49200,0.98883,0.01117
5.20100,0.47300,0.78022,0.21978
5.30500,0.44400,0.77144,0.22856
5.40400,0.41400,0.91288,0.08712
5.50400,0.40000,0.96269,0.03731
5.59500,0.41200,0.89392,0.10608
5.68200,0.42300,0.87397,0.12603
5.75600,0.45400,0.98757,0.01243
5.82500,0.47900,0.97924,0.02076
5.91400,0.46600,0.74743,0.25257
6.01300,0.47700,0.65466,0.34534
6.11600,0.46700,0.73190,0.26810
6.22000,0.46400,0.99600,0.00400
6.31200,0.47400,0.99583,0.00417
6.39000,0.50200,0.77634,0.22366
6.50000,0.49600,0.72276,0.27724
6.59300,0.50300,0.75249,0.24751
6.69200,0.51100,0.97713,0.02287
6.79700,0.51500,0.99143,0.00857
6.90200,0.50100,0.74207,0.25793
7.00800,0.49100,0.93345,0.06655
7.10700,0.47000,0.96096,0.03904
7.21500,0.44000,0.89253,0.10747
7.32300,0.40700,0.94296,0.05704
7.41100,0.39100,0.94461,0.05539
7.50600,0.37500,0.99787,0.00213
7.58500,0.37500,0.99420,0.00580
7.66200,0.37300,0.96650,0.03350
7.73700,0.38100,0.50276,0.49724
7.81100,0.40800,0.58379,0.41621
7.88800,0.43800,0.93754,0.06246
7.97000,0.45700,0.99461,0.00539
8.04300,0.48300,0.97536,0.02464
8.12800,0.48100,0.65545,0.34455
8.23000,0.45900,0.57195,0.42805
8.33700,0.43400,0.85587,0.14413
8.43700,0.44000,0.97583,0.02417
8.53500,0.44200,0.94852,0.05148
8.61800,0.45100,0.83848,0.16152
8.69700,0.47600,0.92739,0.07261
8.78300,0.48000,0.96904,0.03096
8.88600,0.46400,0.98281,0.01719
8.98600,0.44600,0.75612,0.24388
9.07600,0.43600,0.83407,0.16593
9.18400,0.41000,0.96105,0.03895
9.27200,0.40100,0.99636,0.00364
9.35900,0.39000,0.99845,0.00155
9.44000,0.38700,0.98350,0.01650
9.52100,0.38300,0.75431,0.24569
9.60200,0.40400,0.68014,0.31986
9.68100,0.40300,0.96172,0.03828
9.75600,0.40400,0.95240,0.04760
9.83500,0.39800,0.89933,0.10067
9.91200,0.40900,0.74082,0.25918
10.01500,0.40900,0.77794,0.22206
10.09200,0.43600,0.98803,0.01197
10.16800,0.46000,0.98094,0.01906
10.24100,0.49900,0.85363,0.14637
10.33000,0.51000,0.87587,0.12413
10.43300,0.51400,0.96522,0.03478
10.53800,0.50400,0.99895,0.00105
10.64000,0.48100,0.99579,0.00421
10.74800,0.46100,0.95350,0.04650
10.85100,0.45900,0.89100,0.10900
10.95900,0.45700,0.94993,0.05007
11.05100,0.46600,0.98397,0.01603
11.12700,0.48800,0.95265,0.04735
11.21800,0.49600,0.96762,0.03238
11.32000,0.48600,0.97056,0.02944
11.42400,0.48400,0.99686,0.00314
11.52700,0.48500,0.98019,0.01981
11.62500,0.50400,0.88792,0.11209
11.72300,0.51300,0.89508,0.10492
11.81800,0.50200,0.97414,0.02586
11.91500,0.47900,0.99890,0.00110
12.02100,0.46900,0.99473,0.00527
12.13800,0.46800,0.89251,0.10749
12.24400,0.48400,0.97598,0.02402
12.32800,0.51200,0.79210,0.20790
12.40100,0.55300,0.91586,0.08414
12.50100,0.57300,0.97911,0.02089
12.61600,0.57700,0.98617,0.01383
12.73800,0.56500,0.95630,0.04370
12.85100,0.57400,0.95811,0.04189
12.96600,0.56000,0.96488,0.03512
13.08700,0.56500,0.99510,0.00490
13.20300,0.57400,0.99713,0.00287
13.31600,0.55900,0.95520,0.04480
13.43800,0.53700,0.99035,0.00965
13.53700,0.55500,0.97313,0.02687
13.66600,0.54000,0.95048,0.04952
13.78800,0.53400,0.97195,0.02805
13.88300,0.55100,0.99247,0.00753
13.98700,0.52700,0.99379,0.00621
14.10400,0.48700,0.95265,0.04735
14.21500,0.47700,0.92063,0.07937
14.33600,0.47600,0.94198,0.05802
14.44200,0.48600,0.99617,0.00383
14.52200,0.52800,0.99560,0.00440
14.59800,0.57900,0.93038,0.06962
14.70300,0.58600,0.90946,0.09054
14.82200,0.59000,0.98768,0.01232
14.94100,0.59200,0.99143,0.00857
15.06300,0.57300,0.93149,0.06851
15.19000,0.56000,0.94999,0.05001
15.30200,0.56500,0.97340,0.02660
15.42300,0.55100,0.99744,0.00256
15.54500,0.53900,0.94769,0.05231
15.64800,0.55200,0.95971,0.04029
15.76200,0.55500,0.98675,0.01325
15.88000,0.56100,0.98635,0.01365
15.98500,0.57300,0.90874,0.09126
16.09500,0.55700,0.87998,0.12002
16.21400,0.52300,0.94591,0.05409
16.33000,0.48500,0.99504,0.00496
16.45200,0.47900,0.99787,0.00213
16.57000,0.48100,0.98605,0.01395
16.66000,0.51100,0.93627,0.06373
16.74600,0.54900,0.96340,0.03660
16.82300,0.58700,0.98221,0.01779
16.94300,0.58700,0.93691,0.06309
17.06300,0.59200,0.61373,0.38627
17.18200,0.58300,0.69009,0.30991
17.30500,0.55400,0.94014,0.05986
17.42300,0.52700,0.99083,0.00917
17.54200,0.52600,0.99582,0.00418
17.66400,0.52800,0.89210,0.10790
17.77300,0.53800,0.86637,0.13363
17.86700,0.55800,0.96209,0.03791
17.96300,0.57800,0.99674,0.00326
18.08200,0.57800,0.99435,0.00565
18.20400,0.55700,0.88715,0.11285
18.32200,0.51600,0.85016,0.14984
18.43500,0.47800,0.96909,0.03091
18.55600,0.45400,0.99332,0.00668
18.67100,0.45800,0.99771,0.00229
18.77000,0.47800,0.99219,0.00781
18.84600,0.52600,0.95837,0.04163
18.92200,0.55200,0.96156,0.03844
19.02200,0.57500,0.99220,0.00780
19.14100,0.57800,0.99163,0.00837
19.25800,0.57100,0.98870,0.01130
19.38300,0.56500,0.99279,0.00721
19.48700,0.56000,0.98807,0.01193
19.60900,0.53600,0.91697,0.08303
19.73100,0.53800,0.86634,0.13366
19.84200,0.55200,0.97048,0.02952
19.95800,0.54800,0.83029,0.16971
20.05400,0.57200,0.92714,0.07286
20.15900,0.58900,0.89741,0.10259
20.28000,0.58700,0.99590,0.00410
20.40400,0.57000,0.99535,0.00465
20.51700,0.53200,0.94438,0.05562
20.64000,0.48600,0.93605,0.06395
20.75900,0.44400,0.93524,0.06476
20.87900,0.44400,0.99668,0.00332
20.98100,0.46600,0.99338,0.00662
21.05800,0.50500,0.98239,0.01761
21.13300,0.55000,0.91233,0.08767
21.21700,0.58200,0.97069,0.02931
21.33600,0.58000,0.98926,0.01074
21.45600,0.57800,0.92887,0.07113
21.57500,0.57400,0.98315,0.01685
21.69500,0.56600,0.88755,0.11245
21.80900,0.54400,0.92471,0.07529
21.92600,0.53600,0.97528,0.02472
22.04600,0.51000,0.98432,0.01568
22.15900,0.50600,0.99340,0.00660
22.27000,0.52000,0.99377,0.00623
22.36200,0.53200,0.99374,0.00626
22.47700,0.53700,0.99506,0.00494
22.56400,0.57700,0.99338,0.00662
22.67900,0.54100,0.98243,0.01757
22.80200,0.49700,0.95382,0.04618
22.90500,0.48800,0.96371,0.03629
23.02600,0.48700,0.98923,0.01077
23.15000,0.47500,0.99206,0.00794
23.22700,0.50400,0.99448,0.00552
23.30800,0.54600,0.99075,0.00925
23.40600,0.56500,0.90375,0.09625
23.52300,0.56100,0.93425,0.06575
23.63700,0.56500,0.97665,0.02335
23.74500,0.55900,0.98722,0.01278
23.86500,0.55500,0.93428,0.06572
23.98200,0.54100,0.94593,0.05407
24.09600,0.53200,0.92584,0.07416
24.21100,0.54200,0.98641,0.01359
24.31600,0.55700,0.99580,0.00420
24.43500,0.55500,0.99555,0.00445
24.53100,0.58300,0.99649,0.00351
24.64100,0.60000,0.97588,0.02412
24.76300,0.57900,0.97986,0.02014
24.88500,0.53500,0.98872,0.01128
25.00300,0.49900,0.99336,0.00664
25.12800,0.47800,0.96412,0.03588
25.25100,0.47200,0.95532,0.04468
25.35000,0.49700,0.98751,0.01249
25.43000,0.53400,0.99470,0.00530
25.50900,0.56500,0.99653,0.00347
25.61900,0.56700,0.99320,0.00680
25.73800,0.55500,0.98482,0.01518
25.85900,0.52800,0.88617,0.11383
25.97200,0.51800,0.93872,0.06128
26.08400,0.51600,0.97340,0.02660
26.19500,0.49500,0.98378,0.01622
26.30200,0.48400,0.96976,0.03024
26.40000,0.49900,0.96996,0.03004
26.50100,0.52300,0.98660,0.01340
26.60800,0.53900,0.99086,0.00914
26.69800,0.57600,0.99344,0.00656
26.79700,0.59000,0.98836,0.01164
26.91100,0.59000,0.95961,0.04039
27.03700,0.55500,0.98924,0.01076
27.15900,0.51000,0.98561,0.01439
27.28500,0.46500,0.98235,0.01765
27.39900,0.47200,0.86768,0.13232
27.51000,0.49000,0.90154,0.09846
27.60000,0.51200,0.97194,0.02806
27.67700,0.56100,0.99622,0.00378
27.76000,0.60400,0.99658,0.00342
27.88200,0.59900,0.97477,0.02523
28.01200,0.59200,0.96606,0.03394
28.12500,0.59700,0.97171,0.02829
28.24800,0.57900,0.99671,0.00329
28.37400,0.54200,0.99545,0.00455
28.49300,0.50800,0.98316,0.01684
28.61700,0.49500,0.88517,0.11483
28.73000,0.50500,0.95137,0.04863
28.83600,0.52100,0.97898,0.02102
28.92500,0.54200,0.95136,0.04864
29.00900,0.58100,0.97179,0.02821
29.12600,0.58400,0.96761,0.03239
29.24800,0.54100,0.99641,0.00359
29.36700,0.49700,0.99598,0.00402
29.47700,0.46400,0.98570,0.01430
29.60200,0.45300,0.90243,0.09757
29.71700,0.44300,0.94942,0.05058
29.79800,0.46500,0.98451,0.01549
29.87000,0.50400,0.97964,0.02036
29.95100,0.53900,0.97380,0.02620
30.06800,0.53100,0.93206,0.06794
30.16800,0.55200,0.98289,0.01711
30.27500,0.56000,0.97366,0.02634
30.38500,0.56300,0.97651,0.02349
30.49800,0.57200,0.99053,0.00947
30.61200,0.55800,0.97507,0.02493
30.73200,0.54000,0.95223,0.04777
30.84300,0.54800,0.95838,0.04162
30.96000,0.54800,0.99458,0.00542
31.08100,0.53500,0.99514,0.00486
31.17900,0.55800,0.97626,0.02374
31.28500,0.56300,0.96340,0.03660
31.40300,0.54800,0.97185,0.02815
31.51500,0.51200,0.99015,0.00985
31.62900,0.47100,0.99008,0.00992
31.74900,0.44100,0.97479,0.02521
31.85700,0.43100,0.96803,0.03197
31.95800,0.43100,0.96422,0.03578
32.03400,0.47000,0.95010,0.04990
32.10900,0.48800,0.96086,0.03914
32.19900,0.51700,0.95956,0.04044
32.29700,0.53900,0.97611,0.02389
32.40100,0.52900,0.98233,0.01767
32.51600,0.52400,0.98079,0.01921
32.60700,0.55200,0.98779,0.01221
32.73000,0.53300,0.97221,0.02779
32.84900,0.53200,0.96865,0.03135
32.94100,0.53500,0.98509,0.01491
33.05400,0.51600,0.99067,0.00933
33.17300,0.50500,0.99472,0.00528
33.27500,0.51700,0.99504,0.00496
33.39400,0.51600,0.99025,0.00975
33.48400,0.51700,0.98040,0.01960
33.57800,0.53800,0.97996,0.02004
33.68900,0.51100,0.97245,0.02755
33.80500,0.47100,0.97635,0.02365
33.91900,0.44500,0.97989,0.02011
34.01300,0.46300,0.96680,0.03320
34.12500,0.47000,0.97616,0.02384
34.20700,0.50000,0.99324,0.00676
34.28600,0.54300,0.98718,0.01282
34.37500,0.57700,0.94917,0.05083
34.48800,0.55400,0.95257,0.04743
34.60700,0.55600,0.98891,0.01109
34.72000,0.55900,0.99252,0.00748
34.84100,0.53300,0.94614,0.05386
34.96000,0.52300,0.94189,0.05811
35.05200,0.55100,0.94757,0.05243
35.17300,0.52100,0.99153,0.00847
35.29000,0.49900,0.99806,0.00194
35.38600,0.51000,0.98358,0.01642
35.49200,0.51200,0.89133,0.10867
35.61400,0.49800,0.91381,0.08619
35.70200,0.50700,0.98285,0.01715
35.79800,0.51800,0.99373,0.00627
35.90900,0.48800,0.99537,0.00463
36.01700,0.46000,0.99727,0.00273
36.12100,0.47600,0.99635,0.00365
36.22000,0.48900,0.98772,0.01228
36.32500,0.50200,0.87762,0.12237
36.40400,0.54100,0.89726,0.10274
36.48800,0.55900,0.98325,0.01675
36.60900,0.54700,0.85528,0.14472
36.72000,0.53800,0.88986,0.11014
36.83700,0.51400,0.90801,0.09199
36.95800,0.50500,0.97745,0.02255
37.05500,0.52100,0.98784,0.01216
37.16900,0.50300,0.98929,0.01071
37.26600,0.50700,0.98905,0.01095
37.36100,0.51000,0.98403,0.01597
37.47600,0.50500,0.98780,0.01220
37.58500,0.50200,0.99183,0.00817
37.68200,0.50700,0.99102,0.00898
37.78500,0.52100,0.98953,0.01047
37.88000,0.54200,0.98985,0.01015
37.99500,0.51900,0.99192,0.00808
38.09900,0.49200,0.98951,0.01049
38.20100,0.48600,0.97437,0.02563
38.31900,0.48700,0.97673,0.02327
38.43400,0.48700,0.99019,0.00981
38.52100,0.51500,0.99303,0.00697
38.59800,0.53600,0.99009,0.00991
38.70100,0.54600,0.97496,0.02504
38.81700,0.55100,0.94541,0.05459
38.93300,0.54500,0.96661,0.03339
39.04800,0.54600,0.87877,0.12123
39.14200,0.56900,0.87438,0.12562
39.26000,0.56900,0.96257,0.03743
39.38100,0.56700,0.99447,0.00553
39.48900,0.55400,0.99056,0.00944
39.60600,0.53800,0.95409,0.04591
39.72300,0.52200,0.92215,0.07785
39.84100,0.52400,0.93049,0.06951
39.96000,0.52200,0.99584,0.00416
40.05100,0.53500,0.99137,0.00863
40.15500,0.51700,0.89142,0.10858
40.25500,0.49100,0.85881,0.14119
40.37700,0.45800,0.92031,0.07969
40.49200,0.45200,0.99066,0.00934
40.59700,0.46100,0.99610,0.00390
40.68000,0.49500,0.99824,0.00176
40.75400,0.53100,0.99442,0.00558
40.84800,0.54400,0.91756,0.08244
40.95600,0.55500,0.94416,0.05584
41.06900,0.55300,0.94932,0.05068
41.18800,0.55000,0.99453,0.00547
41.29600,0.56300,0.95060,0.04940
41.40200,0.56300,0.91023,0.08977
41.52300,0.55100,0.93386,0.06614
41.63300,0.53300,0.97942,0.02058
41.75100,0.51200,0.99752,0.00248
41.87100,0.49800,0.99550,0.00450
41.97800,0.49700,0.98431,0.01569
42.08100,0.50100,0.83957,0.16043
42.17600,0.49700,0.73213,0.26787
42.27300,0.49700,0.96532,0.03468
42.37900,0.46900,0.98603,0.01397
42.48800,0.43500,0.99518,0.00482
42.59200,0.41300,0.99448,0.00552
42.68100,0.42700,0.99675,0.00325
42.77800,0.43400,0.99367,0.00633
42.85500,0.45700,0.97302,0.02698
42.93000,0.48700,0.85584,0.14416
43.01600,0.50600,0.88478,0.11522
43.11700,0.49900,0.98009,0.01991
43.22300,0.47500,0.99638,0.00362
43.32200,0.47200,0.99517,0.00483
43.42700,0.46600,0.97514,0.02486
43.53200,0.45500,0.84145,0.15855
43.62400,0.47200,0.97707,0.02293
43.70800,0.49600,0.97632,0.02368
43.80200,0.50500,0.97151,0.02849
43.90300,0.51000,0.82663,0.17337
43.99600,0.52400,0.86893,0.13107
44.10500,0.52300,0.98756,0.01244
44.21500,0.50000,0.98956,0.01044
44.31500,0.49900,0.98831,0.01169
44.42300,0.50300,0.87707,0.12293
44.53100,0.47400,0.88883,0.11117
44.63700,0.45000,0.98119,0.01881
44.72500,0.43700,0.99667,0.00333
44.82400,0.44300,0.99727,0.00273
44.93700,0.42800,0.98978,0.01022
45.01300,0.46100,0.88291,0.11709
45.09400,0.48700,0.90001,0.09999
45.17000,0.51300,0.98572,0.01428
45.27600,0.50000,0.98493,0.01507
45.37400,0.50900,0.96656,0.03344
45.48500,0.50500,0.90941,0.09059
45.59200,0.50300,0.97901,0.02099
45.69200,0.49800,0.99506,0.00494
45.78800,0.51100,0.99614,0.00386
45.89300,0.50700,0.98363,0.01637
46.00200,0.50000,0.92873,0.07127
46.10500,0.50300,0.97294,0.02706
46.20000,0.50000,0.97953,0.02047
46.31100,0.47900,0.98329,0.01671
46.40900,0.48200,0.96882,0.03118
46.51100,0.48700,0.95546,0.04454
46.61700,0.48100,0.97925,0.02075
46.70800,0.47400,0.97384,0.02616
46.80000,0.45800,0.92221,0.07779
46.90000,0.43800,0.93428,0.06572
47.00900,0.42900,0.96786,0.03214
47.10700,0.43600,0.99050,0.00950
47.18900,0.45700,0.99294,0.00706
47.26500,0.47700,0.98175,0.01825
47.34900,0.48300,0.94361,0.05639
47.44700,0.48600,0.95979,0.04021
47.55400,0.48700,0.98963,0.01037
47.65600,0.47600,0.99738,0.00262
47.75100,0.46700,0.99681,0.00319
47.84200,0.48000,0.99104,0.00896
47.94400,0.48000,0.96596,0.03404
48.05100,0.47700,0.97072,0.02928
48.14000,0.48300,0.98779,0.01221
48.22700,0.50100,0.99168,0.00832
48.33200,0.48900,0.99160,0.00840
48.43200,0.48900,0.99622,0.00378
48.53900,0.49300,0.99424,0.00576
48.63400,0.49900,0.96560,0.03440
48.74000,0.49800,0.96873,0.03127
48.83000,0.50500,0.97212,0.02788
48.93100,0.47600,0.99353,0.00647
49.04400,0.43900,0.99605,0.00395
49.14400,0.41700,0.99263,0.00737
49.24800,0.40700,0.97052,0.02948
49.34100,0.41200,0.94804,0.05196
49.41500,0.42800,0.98051,0.01949
49.49000,0.45000,0.98926,0.01074
49.56800,0.47100,0.99170,0.00830
49.66400,0.47300,0.99455,0.00545
49.76200,0.47700,0.99274,0.00726
49.85300,0.48900,0.99173,0.00827
49.95000,0.50400,0.99199,0.00801
50.05100,0.50200,0.99049,0.00951
50.14600,0.51700,0.97517,0.02483
50.25000,0.50400,0.98311,0.01689
50.35200,0.49400,0.99093,0.00907
50.46500,0.48200,0.99540,0.00460
50.56400,0.48700,0.99463,0.00537
50.67300,0.48100,0.99235,0.00765
50.76600,0.48500,0.99061,0.00939
