Time (seconds), x, y, z
0.000,0.31469727, -0.22167969, 0.59033203
0.021,0.40771484, -0.14575195, 0.8173828
0.043,0.18920898, -0.12597656, 1.703125
0.064,-0.39013672, -0.032958984, 3.2548828
0.086,-0.31469727, 0.011474609, 3.654541
0.107,-0.36083984, -0.008056641, 3.3569336
0.129,-0.34301758, -0.0107421875, 2.7768555
0.150,-0.3215332, 0.12060547, 2.0664062
0.172,0.50512695, 0.32641602, 1.6845703
0.193,0.4326172, 0.30664062, 1.092041
0.215,0.38891602, 0.09814453, 0.99731445
0.237,0.88012695, -0.3671875, 0.8684082
0.258,0.1616211, -0.13305664, 0.9213867
0.280,-0.15478516, -0.103271484, 0.6411133
0.301,-0.33691406, -0.0234375, -0.0012207031
0.323,-0.55249023, 0.26000977, -0.66796875
0.344,-0.5053711, 0.23950195, -0.7871094
0.366,-0.25, 0.019042969, -0.6484375
0.387,-0.0061035156, -0.11743164, -0.5085449
0.409,0.12426758, -0.1274414, -0.3869629
0.429,0.26000977, -0.05859375, 0.013916016
0.450,0.38256836, -0.23461914, 0.40014648
0.471,0.028564453, -0.18774414, 0.7492676
0.492,0.10131836, -0.110839844, 0.98999023
0.513,0.2512207, -0.09863281, 1.0751953
0.534,0.46728516, -0.111816406, 1.1230469
0.555,0.8215332, -0.20776367, 1.3408203
0.576,1.1086426, -0.9602051, 2.3356934
0.597,1.4025879, -1.7502441, 3.3867188
0.617,1.6621094, -1.4851074, 3.1069336
0.638,1.5424805, -1.2072754, 2.7128906
0.659,1.2583008, -1.0378418, 2.4355469
0.680,1.0588379, -0.748291, 1.9782715
0.701,0.83374023, -0.40234375, 1.3432617
0.722,0.70458984, -0.33276367, 0.93896484
0.743,0.61157227, -0.31884766, 0.4387207
0.764,0.50634766, -0.24731445, -0.08496094
0.785,0.3684082, -0.107177734, -0.46777344
0.806,0.3310547, -0.08886719, -0.32666016
0.827,0.30859375, -0.23364258, 0.1430664
0.848,0.34765625, -0.29711914, 0.18896484
0.869,0.31298828, -0.3449707, 0.24121094
0.890,0.21191406, -0.37963867, 0.28930664
0.911,0.10888672, -0.36401367, 0.31933594
0.933,0.0056152344, -0.33447266, 0.33740234
0.954,-0.020507812, -0.32202148, 0.36035156
0.975,-2.4414062E-4, -0.35205078, 0.35888672
0.996,0.11352539, -0.39013672, 0.34448242
1.017,0.32128906, -0.26245117, 0.25585938
1.039,0.5541992, 0.052978516, 0.09326172
1.060,0.9824219, 0.45458984, -0.1237793
1.081,1.1650391, 0.85839844, -0.5371094
1.102,1.3930664, 0.9975586, -0.61987305
1.123,1.5200195, 0.67333984, -0.20336914
1.145,1.5927734, 0.11401367, 0.5480957
1.166,1.3601074, -0.34838867, 1.2102051
1.187,0.92407227, -0.15063477, 0.9304199
1.208,0.45703125, 0.015136719, 0.59521484
1.229,0.09301758, 0.24243164, 0.18041992
1.250,0.07543945, 0.037597656, 0.22973633
1.271,0.1274414, -0.23388672, 0.4272461
1.292,0.18457031, -0.40527344, 0.47387695
1.313,0.2998047, -0.41918945, 0.3371582
1.335,0.41455078, -0.35498047, 0.16625977
1.356,0.47460938, -0.27490234, 0.045166016
1.377,0.5366211, -0.25683594, 0.017089844
1.398,0.5600586, -0.3239746, 0.1303711
1.419,0.66430664, -0.47338867, 0.2993164
1.441,0.8718262, -0.74975586, 0.5270996
1.462,1.1330566, -1.2148438, 0.9255371
1.483,1.4702148, -1.6318359, 1.135498
1.504,1.6413574, -1.6520996, 0.7067871
1.525,1.9389648, -1.5166016, 0.37597656
1.547,1.9765625, -1.8442383, 1.020752
1.568,1.8935547, -1.8830566, 1.3005371
1.589,1.777832, -1.6003418, 1.1091309
1.610,1.4006348, -1.1821289, 0.86035156
1.626,0.4951172, -0.19067383, -0.35180664
1.642,0.1784668, 0.30322266, -1.0402832
1.658,-0.025146484, 0.38378906, -0.99243164
1.674,-0.08178711, 0.3083496, -0.7336426
1.690,-0.03100586, 0.26586914, -0.6513672
1.706,0.028076172, 0.20581055, -0.5280762
1.723,0.08544922, 0.07104492, -0.28979492
1.739,0.2434082, -0.33862305, 0.23120117
1.755,0.6208496, -0.8845215, 0.55737305
1.771,0.97509766, -1.3996582, 0.73046875
1.787,1.1916504, -1.5427246, 0.62231445
1.803,1.0759277, -1.4135742, 0.513916
1.819,0.9147949, -1.2019043, 0.33544922
1.836,0.80566406, -1.0927734, 0.2878418
1.852,0.74365234, -0.9279785, 0.23242188
1.868,0.8034668, -0.61450195, 0.19799805
1.884,1.0617676, -0.7890625, 0.638916
1.900,1.4191895, -1.4772949, 1.1269531
1.916,1.7155762, -1.9589844, 1.2216797
1.936,1.0361328, -0.91259766, 0.49829102
1.957,0.578125, -0.44677734, 0.35302734
1.978,0.26635742, -0.07055664, 0.021728516
1.999,0.0703125, 0.17504883, -0.28100586
2.020,-0.04321289, 0.29370117, -0.44335938
2.041,-0.072509766, 0.22729492, -0.44384766
2.062,-0.0107421875, 0.100097656, -0.4165039
2.083,0.10961914, -0.059326172, -0.35888672
2.104,0.27612305, -0.18066406, -0.19750977
2.125,0.5463867, -0.40820312, -0.08154297
2.146,0.9140625, -0.7519531, 0.049560547
2.167,1.1391602, -0.873291, -0.041748047
2.188,1.2070312, -0.92041016, -0.018310547
2.209,1.2199707, -0.82714844, -0.036621094
2.230,1.2358398, -0.626709, -0.08618164
2.251,1.338623, -0.5114746, 0.014404297
2.272,1.4331055, -0.90722656, 0.44604492
2.293,1.6403809, -1.5297852, 0.83081055
2.314,1.7214355, -1.7011719, 0.87768555
2.335,0.9086914, -0.91503906, 0.35375977
2.356,0.5437012, -0.609375, 0.18286133
2.377,0.4580078, -0.31591797, -0.22924805
2.398,0.40283203, -0.021728516, -0.58618164
2.419,0.31323242, 0.18286133, -0.671875
2.440,0.22314453, 0.12060547, -0.46728516
2.462,0.15307617, -0.020996094, -0.10571289
2.483,0.13232422, -0.110839844, 0.11010742
2.504,0.14477539, -0.08300781, 0.11230469
2.525,0.16772461, 0.014892578, 0.0036621094
2.546,0.1965332, 0.0769043, -0.022216797
2.567,0.2133789, 0.095947266, 0.0546875
2.588,0.30395508, 0.048339844, 0.20581055
2.610,0.41308594, -0.38989258, 0.28686523
2.631,0.8444824, -0.6291504, 0.12890625
2.652,1.1086426, -1.8825684, 0.50561523
2.673,1.4475098, -3.025879, 1.2429199
2.694,1.4863281, -3.8618164, 2.248291
2.715,1.2575684, -3.3188477, 2.3996582
2.736,0.2841797, -0.6074219, 0.96777344
2.757,0.06201172, -0.14379883, 0.63623047
2.778,0.15405273, -0.17919922, 0.50097656
2.799,0.3112793, -0.08959961, 0.25439453
2.820,0.37719727, 0.12963867, -0.055908203
2.841,0.39135742, 0.3232422, -0.3701172
2.863,0.4309082, 0.44458008, -0.67749023
2.884,0.38134766, 0.5061035, -0.875
2.905,0.17407227, 0.31640625, -0.51123047
2.926,-0.009765625, -0.15307617, 0.029785156
2.947,-0.22705078, -0.49780273, 0.40893555
2.968,-0.2998047, -0.74316406, 0.50219727
2.989,-0.4350586, -1.0205078, 0.3239746
3.011,-0.6970215, -1.859375, 0.779541
3.032,-0.85009766, -3.0344238, 1.7700195
3.053,-0.94628906, -3.699707, 2.386963
3.074,-0.7824707, -3.3823242, 2.121338
3.095,-0.53271484, -2.2697754, 1.2333984
3.116,-0.2722168, -1.4013672, 0.51171875
3.137,0.0390625, -0.35058594, -0.36645508
3.158,0.072753906, -0.09399414, -0.43041992
3.179,0.099365234, -0.012207031, -0.42358398
3.200,0.114990234, -0.040283203, -0.35595703
3.221,0.096191406, -0.044189453, -0.30273438
3.242,0.103271484, -0.09326172, -0.27661133
3.264,0.068847656, -0.20263672, -0.15283203
3.285,0.091796875, -0.31835938, -0.06274414
3.306,0.15332031, -0.3701172, -0.0859375
3.327,0.22509766, -0.4248047, -0.099609375
3.348,0.26342773, -0.46704102, -0.115722656
3.369,0.20092773, -0.7441406, 0.04663086
3.390,-0.068359375, -1.8056641, 0.29370117
3.412,-0.45898438, -3.3579102, 0.53344727
3.433,-0.068847656, -3.8933105, 1.3010254
3.454,0.6965332, -3.5820312, 1.0102539
3.475,0.12670898, -3.090088, 3.1738281
3.496,0.4296875, -1.838623, -0.6723633
3.517,0.22460938, -1.3632812, 0.59033203
3.538,-0.0063476562, 0.24438477, -0.6542969
3.559,-0.0024414062, 0.23266602, -0.7141113
3.580,0.096191406, -0.004638672, -0.5107422
3.602,0.14697266, -0.1809082, -0.22583008
3.623,-0.016601562, -0.072753906, -0.20483398
3.644,-0.110839844, 0.13256836, -0.32373047
3.665,-0.15673828, 0.05419922, -0.09008789
3.687,-0.25708008, -0.21508789, 0.28564453
3.708,-0.2006836, -0.37646484, 0.25341797
3.729,-0.12890625, -0.95825195, 0.2265625
3.750,-0.08862305, -2.7561035, 0.5810547
3.772,-0.020507812, -3.3898926, 0.8395996
3.793,-0.13769531, -3.2385254, 1.4926758
3.814,-0.23999023, -2.090088, 1.1142578
3.835,-0.011474609, -1.4248047, 0.24731445
3.857,0.2697754, -0.77978516, -0.9448242
3.878,0.26635742, -0.28808594, -1.2836914
3.899,0.11621094, -0.25952148, -0.57006836
3.920,-0.05029297, -0.2253418, 0.18554688
3.941,-0.0925293, -0.16674805, 0.44067383
3.962,0.1105957, -0.2980957, 0.08300781
3.983,0.17919922, -0.5751953, 0.15795898
4.004,0.12036133, -0.7570801, 0.48095703
4.025,0.083496094, -0.79467773, 0.6867676
4.046,0.1538086, -0.61157227, 0.46411133
4.068,0.21899414, -0.6608887, 0.359375
4.089,0.38378906, -1.3225098, 0.4345703
4.110,0.4020996, -3.1242676, 0.97216797
4.131,-0.08203125, -5.001465, 1.5703125
4.152,-0.6555176, -3.3676758, 1.0385742
4.173,-0.9975586, -1.5463867, 0.8569336
4.194,-0.37890625, -1.1791992, 0.5107422
4.216,0.033447266, -1.0605469, 0.14233398
4.237,0.34936523, -0.77319336, -0.3322754
4.258,0.41186523, -0.5341797, -0.22924805
4.279,0.37670898, -0.28027344, -0.22290039
4.300,0.28271484, -0.11279297, -0.33203125
4.321,0.18164062, -0.044189453, -0.44995117
4.342,-0.009033203, -0.15527344, -0.29492188
4.363,-0.055908203, -0.029785156, -0.12646484
4.384,-0.057617188, -0.20898438, 0.0041503906
4.405,0.13720703, -0.53515625, 0.17529297
4.426,0.49926758, -0.9050293, 0.4567871
4.448,0.68603516, -1.3688965, 0.75878906
4.469,0.5361328, -1.7646484, 0.7907715
4.490,0.22338867, -1.8520508, 0.4711914
4.511,-0.13623047, -2.109375, 0.4814453
4.532,0.15136719, -2.2592773, 0.17822266
4.554,0.74072266, -2.8361816, 0.52075195
4.575,1.0166016, -3.0222168, 1.3161621
4.596,0.90185547, -2.0683594, 1.2548828
4.617,0.43603516, -1.0727539, 0.7631836
4.638,-0.10253906, -0.25634766, 0.29467773
4.660,-1.2404785, 0.59033203, -0.26098633
4.681,-0.42822266, 0.66259766, -0.76538086
4.702,0.14233398, 0.51831055, -1.043457
4.723,0.32885742, 0.091552734, -0.42749023
4.744,0.38842773, -0.25439453, 0.033203125
4.765,0.18969727, -0.47094727, 0.37158203
4.786,0.203125, -0.84277344, 0.57592773
4.807,0.3269043, -1.1542969, 0.93310547
4.828,0.5554199, -1.4013672, 0.907959
4.850,0.7687988, -1.5600586, 0.60009766
4.871,0.66064453, -1.6733398, 0.6972656
4.892,0.39453125, -1.4897461, 0.98876953
4.913,0.15307617, -1.1665039, 1.2814941
4.934,0.29638672, -0.6586914, 0.90771484
4.956,0.58618164, -0.60668945, 1.4018555
4.977,0.8166504, -1.3803711, 2.5683594
4.998,1.0791016, -1.9667969, 2.864502
5.019,1.2971191, -1.2055664, 0.98291016
5.040,0.62158203, -0.22949219, -0.2824707
5.062,-0.7753906, 0.31982422, -0.5358887
5.083,-1.2409668, 0.47387695, 0.068359375
5.104,-0.75634766, 0.60253906, -0.9477539
5.125,0.032226562, 0.049560547, -1.119873
5.146,0.5812988, -0.8352051, 0.1171875
5.167,0.2919922, -0.92529297, 0.55737305
5.188,0.099121094, -0.8312988, 0.6262207
5.209,0.17163086, -0.6730957, 0.26220703
5.230,0.37768555, -0.545166, -0.036621094
5.252,0.4921875, -0.43139648, -0.19360352
5.273,0.4741211, -0.29052734, -0.24291992
5.294,0.3203125, -0.10839844, -0.26904297
5.315,0.12158203, 0.092041016, -0.24633789
5.336,-0.043701172, 0.27026367, -0.19091797
5.358,-0.08886719, 0.34301758, -0.12402344
5.379,-9.765625E-4, 0.059326172, 0.07519531
5.400,0.25634766, -0.5307617, 0.20288086
5.421,0.5546875, -1.2446289, 0.35327148
5.442,0.5810547, -2.2827148, 0.4855957
5.464,0.8029785, -3.6433105, 0.63134766
5.485,0.95703125, -4.587158, 1.9343262
5.506,0.17602539, -3.9506836, 3.2145996
5.527,-0.27319336, -3.0095215, 3.3139648
5.548,0.064697266, -1.1079102, 0.25146484
5.569,0.48095703, -0.66625977, -0.6052246
5.590,0.5661621, -0.25439453, -0.6044922
5.611,0.3737793, 0.033203125, -0.52441406
5.632,0.23828125, -0.15966797, -0.33935547
5.653,0.16625977, -0.3190918, 0.055664062
5.675,0.15844727, -0.3076172, 0.34960938
5.696,0.2109375, -0.20263672, 0.3515625
5.717,0.2956543, -0.088134766, 0.07885742
5.738,0.33984375, -0.030761719, -0.23803711
5.759,0.2680664, 0.036621094, -0.31884766
5.780,0.13500977, 0.009277344, -0.10913086
5.801,0.050048828, -0.005126953, 0.14453125
5.823,0.029052734, -0.07763672, 0.41723633
5.844,0.029296875, -0.06542969, 0.43139648
5.865,0.06713867, 2.4414062E-4, 0.37304688
5.886,0.1171875, -0.09423828, 0.47436523
5.907,0.18041992, -0.30126953, 0.7297363
5.928,0.25708008, -0.7495117, 0.8864746
5.949,0.072021484, -1.5571289, 1.0488281
5.970,-0.53808594, -2.6140137, 2.005371
5.991,-1.1435547, -3.4191895, 2.8916016
6.012,-1.1032715, -2.395752, 2.371338
6.033,-1.253418, -1.9257812, 2.9523926
6.055,-0.8486328, -2.4169922, 2.998291
6.076,0.107421875, -2.2631836, 1.2988281
6.097,0.57421875, -1.7165527, 0.23071289
6.118,0.24365234, -1.145752, 0.27172852
6.139,-0.13452148, -0.4958496, 0.18554688
6.161,-0.45532227, 0.09375, -0.41015625
6.182,-0.296875, 0.29589844, -0.90966797
6.203,0.1965332, 0.17089844, -0.9958496
6.224,0.28735352, -0.20678711, -0.31958008
6.245,0.056884766, -0.5864258, 0.70581055
6.267,-0.076171875, -0.59350586, 1.1604004
6.288,-0.030761719, -0.23266602, 0.93237305
6.309,0.1262207, 0.052001953, 0.31518555
6.330,0.2084961, 0.16503906, -0.16796875
6.351,0.18847656, -0.11352539, -0.26953125
6.372,0.2626953, -0.13012695, -0.2290039
6.393,0.09716797, -0.053710938, -0.06738281
6.414,0.025146484, -0.12475586, 0.1928711
6.435,-0.07543945, -0.111083984, 0.2932129
6.456,-0.13842773, -0.047607422, 0.35961914
6.478,-0.13745117, -0.14379883, 0.35791016
6.499,-0.12548828, -0.5986328, 0.45874023
6.520,-0.26586914, -1.75, 1.3400879
6.541,-0.3466797, -3.7460938, 3.1142578
6.562,-0.05834961, -4.7629395, 4.2246094
6.583,0.24926758, -3.5170898, 2.6835938
6.604,0.18432617, -2.49292, 1.3100586
6.626,0.053222656, -1.8532715, 0.748291
6.647,0.24365234, -1.317627, 0.32763672
6.668,0.5102539, -0.9848633, -0.0021972656
6.689,0.45874023, -0.6347656, -0.1965332
6.710,0.12524414, -0.10595703, -0.5058594
6.731,0.04736328, 0.35546875, -0.89453125
6.752,-0.05834961, 0.08178711, -0.20385742
6.773,-0.055664062, -0.076660156, 0.10595703
6.794,-0.043945312, -0.041259766, 0.20776367
6.815,-0.01586914, -0.028320312, 0.2590332
6.836,-0.0078125, -0.0690918, 0.35302734
6.858,0.05078125, -0.10839844, 0.39233398
6.879,0.14233398, -0.12890625, 0.3017578
6.900,0.21289062, -0.1640625, 0.23754883
6.921,0.21557617, -0.22753906, 0.25952148
6.942,0.19384766, -0.30126953, 0.37768555
6.964,0.19946289, -0.46606445, 0.48486328
6.985,0.2409668, -0.7451172, 0.66845703
7.006,0.40625, -1.3151855, 0.9777832
7.027,0.6135254, -1.8837891, 1.1201172
7.048,0.9992676, -2.5656738, 1.2172852
7.070,1.1689453, -2.947754, 1.6142578
7.091,0.9465332, -2.8435059, 2.2424316
7.112,0.68188477, -2.4589844, 2.3149414
7.133,0.4963379, -2.1396484, 2.1887207
7.154,-0.044677734, -0.9370117, 0.12451172
7.175,-0.670166, -0.14135742, -1.854248
7.196,-0.18725586, 0.28759766, -1.9208984
7.217,0.29052734, 0.30688477, -1.7502441
7.238,-0.060546875, -0.14355469, -0.35839844
7.260,-0.24121094, -0.6479492, 0.9301758
7.281,-0.54833984, -0.73413086, 1.1140137
7.302,-0.52734375, -0.46850586, -0.103271484
7.323,-0.21679688, -0.7717285, -0.6166992
7.344,0.1418457, -0.73779297, -0.9404297
7.366,0.4506836, -0.5852051, -0.96777344
7.387,0.5913086, -0.5085449, -0.61328125
7.408,0.49560547, -0.53344727, -0.12670898
7.429,0.3955078, -0.45043945, 0.11279297
7.450,0.29174805, -0.47729492, 0.21972656
7.472,0.22607422, -0.6611328, 0.2553711
7.493,0.0637207, -1.3552246, 0.6508789
7.514,-0.26171875, -2.772461, 1.8100586
7.535,-0.50219727, -3.8933105, 2.8730469
7.556,-0.748291, -3.0141602, 2.0563965
7.577,-0.51293945, -2.3918457, 0.88183594
7.598,-0.33422852, -1.5834961, 0.20385742
7.619,-0.29418945, -1.0056152, 0.07470703
7.640,-0.3137207, -0.5126953, -0.08691406
7.661,-0.4411621, -0.091308594, -0.034179688
7.683,-0.43603516, -0.02709961, 0.08496094
7.704,-0.27905273, -0.045166016, -0.057373047
7.725,-0.09741211, -0.17407227, -0.23535156
7.746,2.4414062E-4, -0.2421875, -0.27734375
7.767,-0.0073242188, -0.33544922, -0.11425781
7.788,-0.024658203, -0.23535156, -0.15771484
7.809,0.0793457, -0.16723633, -0.38867188
7.831,0.17089844, -0.15405273, -0.48046875
7.852,0.22875977, -0.2939453, -0.4013672
7.873,0.26171875, -0.4736328, -0.28515625
7.894,0.2524414, -0.8671875, -0.012939453
7.915,0.18652344, -1.3518066, 0.18359375
7.936,-0.05493164, -1.7128906, 0.2434082
7.957,-0.095947266, -2.0864258, 0.7470703
7.978,0.2993164, -2.7358398, 1.1789551
7.999,0.74438477, -2.4309082, 1.2678223
8.020,1.0004883, -1.5825195, 1.1645508
8.041,1.4333496, -1.2954102, 1.2202148
8.063,1.8684082, -1.5166016, 1.123291
8.084,1.8640137, -1.592041, 0.935791
8.105,1.3395996, -1.175293, 0.5690918
8.126,0.6567383, -0.44458008, -0.15771484
8.147,0.09301758, 0.050048828, -0.4494629
8.169,-0.23803711, -0.016845703, -0.38134766
8.190,-0.3071289, 0.26464844, -0.07910156
8.211,0.0078125, 0.08178711, -0.2055664
8.232,0.2939453, -0.2553711, -0.2668457
8.253,0.32617188, -0.31713867, -0.31933594
8.275,0.3955078, -0.3737793, -0.13745117
8.296,-0.08178711, -0.54174805, 0.22045898
8.317,-0.075927734, -0.6086426, 0.092285156
8.338,0.1430664, -0.5878906, -0.1772461
8.359,0.6257324, -0.6669922, -0.1027832
8.380,0.9230957, -1.1193848, 0.27514648
8.401,1.3061523, -1.6220703, 0.54418945
8.422,1.5498047, -1.8918457, 0.81347656
8.443,1.7253418, -2.209961, 1.1435547
8.465,2.0664062, -1.9206543, 0.55615234
8.486,2.136963, -0.9172363, -0.0012207031
8.507,1.8647461, -0.29882812, -0.09033203
8.528,1.6811523, -0.24023438, 0.35058594
8.549,1.2814941, -0.5744629, 1.5302734
8.571,1.015625, -0.9445801, 2.758789
8.592,0.4440918, -0.42749023, 0.6040039
8.613,0.02709961, 0.26635742, -0.8208008
8.634,-0.35498047, 0.63061523, -1.270752
8.655,-0.5397949, 0.3852539, -0.83984375
8.677,-0.5078125, 0.51220703, -0.7858887
8.698,-0.5695801, 0.44213867, -0.7426758
8.719,-0.63500977, 0.33569336, -0.5983887
8.740,-0.5065918, 0.14550781, -0.48339844
8.761,-0.545166, -0.024902344, 0.02709961
8.782,-0.5644531, 0.0068359375, 0.22607422
8.803,-0.4321289, 2.4414062E-4, 0.35058594
8.824,-0.16601562, -0.23632812, 0.6394043
8.845,0.45043945, -1.0056152, 1.2189941
8.867,1.4489746, -1.9455566, 1.6054688
8.888,2.4233398, -2.3435059, 1.0927734
8.909,2.654541, -2.5078125, 1.1408691
8.930,2.8156738, -2.5148926, 0.63964844
8.951,3.0183105, -2.3513184, 0.5280762
8.973,3.0922852, -2.458496, 1.3317871
8.994,2.847168, -2.3657227, 1.6899414
9.015,2.241211, -1.8256836, 1.470459
9.036,1.5358887, -1.036377, 0.9797363
9.057,0.9641113, -0.4831543, 0.54052734
9.079,0.47753906, -0.08862305, 0.23339844
9.100,0.099121094, 0.23925781, -0.06567383
9.121,-0.060791016, 0.328125, -0.21020508
9.142,-0.10424805, 0.20166016, -0.46240234
9.163,0.15307617, -0.2277832, -0.5546875
9.184,0.08618164, -0.31884766, -0.25830078
9.205,0.02368164, -0.21704102, -0.19799805
9.226,0.009277344, -0.17285156, -0.10058594
9.247,0.09082031, -0.30517578, 0.23388672
9.268,0.17138672, -0.5246582, 0.5505371
9.290,0.23632812, -0.5942383, 0.61572266
9.311,0.27392578, -0.48120117, 0.43579102
9.332,0.33935547, -0.33642578, 0.20117188
9.353,0.43530273, -0.41015625, 0.13549805
9.374,0.5114746, -0.4399414, 0.080322266
9.395,0.6320801, -0.21289062, -0.15258789
9.416,0.85424805, 0.4658203, -0.5661621
9.438,0.90234375, 1.5739746, -1.0683594
9.459,1.1604004, 2.098877, -1.0898438
9.480,1.6247559, 2.0737305, -1.154541
9.501,1.9628906, 1.4863281, -0.73999023
9.522,2.1706543, 0.34423828, -0.16699219
9.543,2.1999512, -0.22241211, 0.23291016
9.564,0.9626465, 0.005126953, 0.25317383
9.585,0.90063477, -0.21582031, 0.14453125
9.606,0.78930664, -0.41015625, -0.027832031
9.627,0.58325195, -0.4790039, -0.15673828
9.648,0.35742188, -0.40283203, -0.30444336
9.670,0.2199707, -0.3552246, -0.34472656
9.691,0.18725586, -0.41210938, -0.21313477
9.712,0.1328125, -0.46777344, -0.042236328
9.733,0.0053710938, -0.45263672, 0.07421875
9.754,-0.076416016, -0.35375977, 0.114746094
9.776,-0.119628906, -0.21948242, 0.13598633
9.797,-0.14916992, -0.03515625, 0.114990234
9.818,-0.0925293, 0.049560547, 0.12133789
9.839,-0.016113281, 0.0769043, 0.064941406
9.860,0.0107421875, 0.10424805, 0.026367188
9.882,0.12524414, 0.24194336, -0.20336914
9.903,0.3161621, 0.65649414, -0.7128906
9.924,0.82299805, 1.5744629, -1.5712891
9.945,1.5212402, 2.7595215, -2.7858887
9.966,2.2138672, -0.11352539, 0.47338867
9.987,2.5925293, -0.65771484, 1.5356445
10.008,2.4816895, -0.57958984, 0.6784668
10.030,1.9255371, -0.29541016, -0.22607422
10.051,1.501709, -0.5085449, -0.27172852
10.072,1.3425293, -0.89404297, -0.095703125
10.094,1.2868652, -1.1931152, 0.19921875
10.115,1.1154785, -1.253418, 0.41381836
10.136,0.66308594, -1.1877441, 0.63916016
10.158,0.24804688, -0.9272461, 0.68188477
10.179,-0.009765625, -0.6706543, 0.8322754
10.200,-0.075683594, -0.5263672, 1.0065918
10.221,0.05078125, -0.35668945, 0.8869629
10.243,0.13427734, -0.1965332, 0.61743164
10.264,0.16674805, -0.091552734, 0.33764648
10.285,0.1875, -0.041748047, 0.15893555
10.307,0.25390625, 0.015625, -0.052246094
10.328,0.3984375, -0.05883789, -0.05053711
10.349,0.6220703, -0.24707031, 0.1274414
10.370,0.9926758, -0.65478516, 0.58081055
10.391,1.0200195, -0.6616211, 0.56225586
10.412,0.9255371, 0.0031738281, 0.27319336
10.433,0.82836914, 1.3596191, -0.40234375
10.454,0.9819336, 2.4060059, -1.0085449
10.475,1.2773438, 2.5803223, -1.1030273
10.497,1.8168945, 1.5979004, -0.37036133
10.518,2.6264648, 0.4086914, -0.14355469
10.539,2.3139648, -0.056396484, 0.4802246
10.560,1.2087402, 0.37695312, 0.9003906
10.581,0.29248047, 0.86938477, 0.7751465
10.602,-0.30786133, 0.8371582, 0.96972656
10.623,-0.63305664, 0.26611328, 1.3908691
10.645,-0.4951172, -0.2980957, 1.3095703
10.666,-0.08935547, -0.7246094, 0.7993164
10.687,0.37036133, -0.87841797, 0.22436523
10.708,0.49414062, -0.7648926, 0.063964844
10.729,0.36743164, -0.7265625, 0.3322754
10.750,0.23852539, -0.65966797, 0.42626953
10.771,0.24658203, -0.3930664, 0.014404297
10.792,0.41430664, -0.33325195, -0.18359375
10.813,0.6801758, -0.50024414, -0.16601562
10.834,1.0068359, -0.74780273, -0.011230469
10.855,1.2492676, -0.97680664, 0.15991211
10.877,1.5290527, -1.1564941, 0.3486328
10.898,2.0109863, -1.0263672, 0.2578125
10.919,2.8691406, -0.74853516, -0.16088867
10.940,3.7873535, -0.8635254, -0.66552734
10.961,4.043701, -1.4018555, -0.015625
10.983,3.6166992, -1.6000977, 1.465332
11.004,2.6445312, -1.0930176, 1.7902832
11.025,1.8051758, -0.40844727, 0.63183594
11.046,1.0961914, -0.04272461, -0.15136719
11.067,0.18603516, -0.040527344, 0.25683594
11.089,-0.5319824, 0.28222656, 0.16137695
11.110,-0.9445801, 0.49365234, -0.0014648438
11.131,-1.0942383, 0.31347656, 0.37939453
11.152,-0.9165039, -0.043945312, 0.6386719
11.173,-0.2770996, -0.9313965, 0.27929688
11.194,-0.123046875, -0.68115234, -0.5830078
11.215,-0.32836914, -0.2529297, -0.7565918
11.236,-0.5769043, 0.06567383, -0.5788574
11.257,-0.5908203, 0.17211914, -0.234375
11.279,-0.26245117, 0.111083984, -0.024414062
11.300,0.23730469, -0.12646484, 0.071777344
11.321,0.795166, -0.49072266, 0.21728516
11.342,1.2409668, -0.74609375, 0.25048828
11.363,1.4248047, -0.82958984, 0.19262695
11.385,1.4785156, -0.53515625, 0.048828125
11.406,1.6948242, -0.25756836, 0.66845703
11.427,2.3293457, -1.2519531, 1.1589355
11.448,3.6662598, -3.498291, 1.8735352
11.469,3.7819824, -3.1606445, 1.9946289
11.491,2.4958496, -2.1032715, 2.407959
11.512,1.4919434, -1.5083008, 1.7055664
11.533,1.5090332, -0.9682617, -0.1953125
11.554,1.2097168, -0.22705078, -1.704834
11.575,-0.36499023, 0.61083984, -0.4699707
11.596,-0.49438477, 0.3605957, -0.10595703
11.617,-0.5517578, -0.1303711, 0.6723633
11.638,-0.37548828, -0.4309082, 0.9343262
11.659,-0.1940918, -0.31567383, 0.6862793
11.680,-0.23242188, -0.21069336, 0.4951172
11.702,-0.33007812, -0.048095703, 0.41601562
11.723,-0.45092773, 0.026123047, 0.2836914
11.744,-0.5292969, 0.10498047, 0.06323242
11.765,-0.55493164, 0.08569336, -0.06640625
11.786,-0.41015625, 0.026123047, -0.14819336
11.807,-0.22998047, -0.07128906, -0.13134766
11.828,-0.020507812, -0.14013672, -0.20703125
11.850,0.12597656, -0.33862305, 0.06738281
11.871,0.46679688, -0.7092285, 0.49780273
11.892,1.182373, -1.4592285, 1.0412598
11.913,2.0888672, -2.9240723, 1.8325195
11.934,3.6533203, -4.6867676, 1.953125
11.955,4.548584, -3.7941895, 1.7189941
11.971,2.157959, -1.2644043, 0.22485352
11.987,1.3850098, -0.673584, 0.14648438
12.003,0.970459, -0.42895508, 0.29248047
12.019,0.5554199, -0.15917969, 0.23510742
12.035,0.08203125, 0.15625, 0.19824219
12.051,-0.26049805, 0.4296875, 0.007080078
12.068,-0.38745117, 0.6508789, -0.390625
12.084,-0.38354492, 0.67626953, -0.560791
12.100,-0.32202148, 0.5307617, -0.41235352
12.116,-0.33032227, 0.35546875, -0.08618164
12.132,-0.36206055, 0.2290039, 0.19116211
12.148,-0.2709961, 0.09301758, 0.19799805
12.164,-0.16894531, -0.045898438, 0.22875977
12.181,0.009033203, -0.3635254, 0.35205078
12.197,0.1953125, -0.73291016, 0.3996582
12.213,0.3149414, -0.9279785, 0.46020508
12.229,0.43432617, -1.0917969, 0.51342773
12.245,0.7553711, -1.3916016, 0.46142578
12.261,1.3666992, -2.0561523, 0.3527832
12.281,2.552002, -3.185791, 0.4074707
12.302,2.4387207, -3.1237793, 1.1601562
12.323,2.2612305, -2.7487793, 1.0808105
12.344,1.6081543, -1.8635254, 0.67626953
12.365,0.8286133, -0.77246094, -0.118652344
12.386,0.2734375, 0.022949219, -0.9194336
12.407,-0.034179688, 0.5354004, -1.5383301
12.428,-0.16333008, 0.3791504, -1.3166504
12.449,-0.0087890625, -0.10229492, -1.0944824
12.470,0.11425781, -0.46972656, -1.0141602
12.491,0.0026855469, -0.5966797, -0.62597656
12.512,-0.038330078, -0.65649414, -0.43579102
12.533,-0.12207031, -0.60302734, -0.22387695
12.554,-0.12084961, -0.57373047, -0.018066406
12.575,0.0063476562, -0.5834961, 0.05126953
12.596,0.071777344, -0.6530762, 0.21020508
12.617,0.24902344, -0.6513672, 0.28710938
12.638,0.42749023, -0.7890625, 0.45385742
12.659,0.79052734, -1.0512695, 0.6203613
12.680,1.5588379, -1.5424805, 0.58984375
12.701,1.8054199, -1.2412109, 0.39257812
12.722,1.7438965, -1.5148926, 1.2932129
12.743,1.9384766, -1.2675781, 1.0908203
12.764,1.9589844, -0.9267578, 0.74853516
12.785,1.7670898, -0.6074219, 0.6657715
12.807,1.3061523, -0.16113281, 0.4645996
12.828,0.19018555, 0.21069336, 0.7548828
12.849,-1.0935059, 0.05883789, 1.3737793
12.870,-1.3811035, -0.46533203, 1.0439453
12.891,-0.7717285, -0.44995117, -0.6311035
12.912,-0.37109375, -0.72802734, -0.6496582
12.933,-0.68774414, -0.82543945, 0.24780273
12.955,-0.80688477, -0.63134766, 0.4453125
12.976,-0.58325195, -0.61938477, 0.51464844
12.997,-0.31103516, -0.68188477, 0.60595703
13.018,-0.040771484, -0.673584, 0.42211914
13.039,0.24243164, -0.42822266, 0.16772461
13.060,0.56103516, -0.50268555, 0.35375977
13.081,2.0419922, -1.935791, 1.5031738
13.102,2.715088, -3.1606445, 1.9511719
13.123,3.0112305, -2.802002, 1.029541
13.144,2.7089844, -1.8200684, 0.9604492
13.165,2.2805176, -2.0371094, 1.779541
13.186,1.8361816, -1.9790039, 2.0117188
13.208,1.4243164, -1.1889648, 0.986084
13.229,0.8557129, -0.44677734, 0.26123047
13.250,0.34155273, 0.04711914, -0.18408203
13.271,0.1352539, 0.2163086, -0.3720703
13.292,0.059326172, 0.30908203, -0.6130371
13.313,-0.04248047, 0.24389648, -0.71533203
13.334,-0.2607422, 0.26904297, -0.9116211
13.356,-0.3798828, 0.2565918, -0.83154297
13.377,-0.7158203, 0.118652344, -0.23925781
13.398,-0.92163086, 0.08154297, 0.37548828
13.419,-0.9370117, 0.11767578, 0.72680664
13.440,-0.72216797, 0.19824219, 0.765625
13.461,-0.3005371, 0.030273438, 0.611084
13.487,0.36279297, -0.44750977, 0.32861328
13.513,0.55200195, -0.5358887, 0.22949219
13.539,0.85131836, -0.69091797, 0.11328125
13.565,1.3059082, -0.9003906, 0.013183594
13.591,1.8381348, -1.1743164, 0.043701172
13.618,2.3930664, -1.3081055, -0.06274414
13.644,2.2990723, -1.5270996, 0.56933594
13.670,1.9914551, -2.1315918, 1.7712402
13.696,1.4709473, -2.185791, 1.8334961
13.722,1.2651367, -1.6726074, 1.0854492
13.749,3.7800293, -1.6071777, -0.42041016
13.775,-1.0908203, -0.24487305, -0.46533203
13.801,1.7312012, -0.8364258, 0.052246094
13.827,0.39233398, -0.06738281, -0.12915039
13.853,0.08886719, 0.12231445, -0.110839844
13.880,-0.041259766, 0.24975586, -0.18017578
13.906,-0.13574219, 0.21118164, -0.12475586
13.932,-0.19458008, 0.17797852, -0.050048828
13.958,-0.30981445, 0.24707031, -0.061035156
13.974,-0.26000977, 0.31860352, -0.061523438
13.990,-0.31958008, 0.31176758, 0.12817383
14.007,-0.34155273, 0.2277832, 0.35888672
14.023,-0.32739258, 0.1315918, 0.45874023
14.040,-0.15576172, -0.15161133, 0.74243164
14.056,0.052734375, -0.46240234, 0.46728516
14.073,0.7805176, -1.0061035, -0.2199707
14.089,1.9160156, -1.6433105, -1.064209
14.106,2.961914, -2.8457031, -1.4445801
14.122,2.883545, -3.666748, -1.2463379
14.138,2.50708, -3.1088867, -0.16333008
14.155,1.6782227, -2.510254, 1.4443359
14.171,1.2856445, -1.7961426, 1.2810059
14.188,0.8535156, -1.1096191, 0.5109863
14.204,0.45092773, -0.28173828, -0.25463867
14.221,-0.1081543, 0.43847656, -0.55688477
14.237,-0.26513672, 0.84472656, -0.7922363
14.254,-0.18725586, 0.8054199, -0.76220703
14.270,-0.06982422, 0.6953125, -0.73950195
14.295,-0.2355957, 0.15039062, 0.018798828
14.321,-0.3112793, -0.0715332, 0.52441406
14.347,-0.30517578, -0.29248047, 1.0336914
14.373,-0.2368164, -0.4033203, 1.2861328
14.399,-0.06201172, -0.39160156, 1.0878906
14.425,0.08227539, -0.38989258, 0.7338867
14.451,0.26171875, -0.3347168, 0.32543945
14.477,0.46166992, -0.41381836, 0.23999023
14.503,0.61987305, -0.6953125, 0.4440918
14.529,0.86987305, -1.0742188, 0.5593262
14.555,1.276123, -1.5009766, 0.42138672
14.581,1.9030762, -2.293457, 0.68652344
14.607,2.4736328, -2.53125, 0.88378906
14.633,2.5187988, -3.144287, 1.4694824
14.659,2.3894043, -3.1035156, 1.5871582
14.685,1.9338379, -2.2231445, 1.0939941
14.711,1.2521973, -1.2097168, 0.5410156
14.737,0.7841797, -0.44360352, -0.123291016
14.763,0.48510742, -0.12231445, -0.57055664
14.779,-0.19506836, 0.032958984, -1.2307129
14.795,-0.46728516, 0.47021484, -1.7504883
14.812,-0.66381836, 0.7788086, -1.8945312
14.828,-0.9379883, 0.1418457, -0.8725586
14.844,-1.1166992, -0.2692871, 0.123291016
14.861,-1.1032715, 0.040771484, 0.29663086
14.877,-0.7961426, 0.12841797, 0.0234375
14.894,-0.2644043, -0.08618164, -0.27075195
14.910,0.16235352, -0.38378906, -0.3564453
14.926,0.38427734, -0.49291992, -0.2758789
14.943,0.5126953, -0.6743164, 0.08496094
14.959,0.86376953, -1.1965332, 0.67456055
14.976,1.3283691, -2.038086, 1.4172363
14.992,1.9475098, -3.1240234, 1.9904785
15.008,2.454834, -3.6013184, 2.3723145
15.025,2.4431152, -2.8972168, 2.1152344
15.041,2.0957031, -1.9355469, 1.6586914
15.058,1.7692871, -1.3237305, 1.2402344
15.074,1.324707, -0.85424805, 0.8952637
15.094,0.71728516, -0.14672852, -0.084228516
15.115,0.5126953, 0.04638672, -0.17626953
15.136,0.31298828, 0.3359375, -0.9277344
15.157,0.23022461, 0.70288086, -1.2387695
15.178,0.028808594, 0.6081543, -0.5354004
15.199,-0.064697266, 0.40649414, 0.021972656
15.220,0.0078125, 0.1772461, 0.4013672
15.241,0.21435547, -0.21142578, 0.76171875
15.262,0.30786133, -0.4189453, 0.8286133
15.282,0.3708496, -0.49780273, 0.7001953
15.303,0.42700195, -0.47485352, 0.45703125
15.324,0.592041, -0.5761719, 0.5690918
15.345,1.0786133, -0.95581055, 1.0163574
15.366,2.034668, -1.3349609, 1.3012695
15.387,3.0700684, -1.5065918, 0.85961914
15.408,3.6000977, -0.9621582, 0.2631836
15.429,3.50708, -0.40039062, 0.016357422
15.450,2.8278809, 0.12402344, 0.3942871
15.471,1.7885742, 0.2619629, 1.7285156
15.492,-0.7253418, 0.4104004, 3.0336914
15.513,-1.2087402, 0.4897461, 0.79956055
15.534,-0.9880371, 0.44091797, -0.921875
15.555,-0.8713379, -0.34375, -1.0070801
15.576,-0.7338867, -0.4597168, -1.2736816
15.597,-1.0095215, -0.6594238, -0.70410156
15.619,-1.5637207, -0.2902832, -0.14233398
15.640,-1.6230469, 0.024169922, -0.022949219
15.661,-1.2687988, -0.07543945, 0.14770508
15.682,-0.79467773, -0.24609375, 0.2536621
15.703,-0.39648438, -0.27978516, 0.33642578
15.724,0.04296875, -0.30566406, 0.45629883
15.745,0.5600586, -0.42773438, 0.45239258
15.767,1.1420898, -0.52075195, 0.27734375
15.788,1.6809082, -0.6418457, 0.068603516
15.809,2.0871582, -0.80444336, 0.06542969
15.830,2.5893555, -0.2915039, -0.31860352
15.851,3.3208008, 1.434082, -1.4162598
15.872,3.3395996, 2.3303223, -0.72875977
15.893,2.5673828, -1.0898438, 5.8117676
15.914,3.230957, -1.4213867, 3.3950195
15.935,3.2902832, -1.237793, 1.6499023
15.956,1.8527832, -0.7932129, 0.4885254
15.977,-0.31518555, -0.15307617, -0.033203125
15.998,-1.6120605, 0.51660156, -0.69433594
16.020,-2.3962402, 0.67285156, -0.29736328
16.041,-2.4941406, 0.08251953, 0.19116211
16.062,-1.6784668, -0.3618164, -0.06958008
16.083,-0.9309082, -0.6279297, -0.22875977
16.104,-0.27294922, -0.5546875, -0.39257812
16.125,0.16748047, -0.47729492, -0.31982422
16.146,0.32666016, -0.23168945, -0.1340332
16.168,0.33032227, -0.20629883, 0.30151367
16.189,0.43017578, -0.20581055, 0.44311523
16.210,0.69189453, -0.2705078, 0.2553711
16.231,1.0136719, -0.5288086, 0.109375
16.252,1.4724121, -0.44213867, -0.46142578
16.273,2.0776367, 0.2175293, -1.348877
16.294,3.175537, 2.489746, -3.380127
16.315,2.9545898, 0.85913086, -1.1794434
16.336,2.8796387, -0.41918945, 1.4746094
16.358,2.8046875, -0.513916, 2.201416
16.379,1.9938965, -0.73095703, 2.3405762
16.400,0.7573242, -0.22094727, 1.1210938
16.421,-0.18481445, 0.45117188, 0.016845703
16.443,-0.67211914, 0.3149414, -0.053222656
16.464,-0.86694336, -0.08129883, 0.2849121
16.485,-0.9855957, -0.3540039, 0.37036133
16.506,-1.1469727, -0.38989258, 0.32641602
16.528,-1.2636719, -0.3076172, 0.14282227
16.549,-1.3422852, -0.30566406, -0.049316406
16.570,-1.3269043, -0.27807617, -0.2783203
16.591,-1.1396484, -0.35717773, -0.38427734
16.613,-0.90405273, -0.66552734, -0.1640625
16.634,-0.47705078, -0.9172363, 0.056152344
16.655,0.0690918, -1.3061523, 0.4440918
16.676,0.6269531, -1.59375, 0.75146484
16.697,2.2966309, -2.2128906, 1.7050781
16.718,2.4733887, -2.0002441, 1.4165039
16.739,3.0126953, -2.940918, 1.7983398
16.760,3.022461, -2.786377, 2.4799805
16.781,2.4812012, -2.2907715, 3.1813965
16.803,3.1174316, -1.7495117, 1.0812988
16.824,1.2971191, -0.63061523, -0.7324219
16.845,1.7346191, -0.81396484, -1.1940918
16.866,0.74194336, -0.14990234, -0.86816406
16.887,-0.007080078, 0.13085938, -0.41430664
16.909,-0.46801758, 0.35058594, 0.07299805
16.930,-0.70410156, 0.30126953, 0.36499023
16.951,-0.81762695, 0.15332031, 0.007080078
16.972,-0.6533203, 0.3515625, -0.8425293
16.993,-0.6159668, 0.1928711, -0.65527344
17.015,-0.5744629, -0.04321289, -0.1574707
17.036,-0.3642578, -0.23486328, 0.25854492
17.057,-0.08959961, -0.32226562, 0.43139648
17.078,0.03515625, -0.36376953, 0.6237793
17.099,0.10961914, -0.36743164, 1.0070801
17.120,0.36669922, -0.54345703, 1.0004883
17.141,0.9321289, -1.3864746, 1.1843262
17.162,1.5996094, -3.1481934, 1.0141602
17.183,2.4128418, -3.6503906, 0.7363281
17.205,2.510254, -4.161621, 1.4331055
17.226,2.3103027, -3.2612305, 0.90356445
17.247,1.7946777, -2.380127, 0.31835938
17.268,1.1159668, -1.4597168, 0.17138672
17.289,0.5566406, -0.92456055, 0.084228516
17.311,0.1665039, -0.2607422, -0.49487305
17.332,-0.021240234, 0.080566406, -0.8166504
17.353,-0.17382812, 0.11303711, -0.7644043
17.374,-0.25097656, 0.17236328, -0.77246094
17.395,-0.24511719, 0.21533203, -0.7524414
17.417,-0.2602539, 0.1394043, -0.48486328
17.438,-0.27954102, 0.041748047, -0.1640625
17.459,-0.3486328, -0.057373047, 0.19799805
17.480,-0.4572754, -0.19970703, 0.6020508
17.501,-0.23144531, -0.38427734, 0.64868164
17.522,0.16723633, -0.49438477, 0.28076172
17.543,0.5563965, -0.720459, 0.15307617
17.564,0.8652344, -1.4155273, 0.57373047
17.585,1.0996094, -2.1608887, 0.6845703
17.607,1.0998535, -2.4938965, -0.07348633
17.628,1.2858887, -1.8828125, -0.4543457
17.649,1.2290039, -1.6638184, 0.2866211
17.670,1.5310059, -2.197998, 0.48608398
17.691,1.5412598, -1.6582031, 0.4333496
17.713,1.1030273, -1.2077637, 0.6101074
17.734,0.72998047, -0.8125, 0.63500977
17.755,0.5822754, -0.38012695, 0.25439453
17.776,0.43725586, 0.016357422, -0.29174805
17.797,0.31762695, 0.17285156, -0.4152832
17.819,0.20947266, 0.16918945, -0.28881836
17.840,0.18652344, 0.07055664, -0.17651367
17.861,0.22387695, -0.034179688, -0.0949707
17.882,0.18725586, -0.03149414, -0.040039062
17.903,0.076416016, -0.048583984, -0.04272461
17.924,0.052490234, 0.0017089844, -0.007080078
17.945,0.044433594, -0.17456055, 0.26123047
17.966,0.010009766, -0.45751953, 0.55810547
17.987,0.07495117, -0.71118164, 0.64086914
18.009,0.30151367, -0.8630371, 0.4091797
18.030,0.59765625, -1.2661133, 0.3474121
18.051,0.6948242, -2.1203613, 0.70654297
18.072,0.6772461, -2.821289, 1.0688477
18.093,0.65283203, -2.829834, 1.3210449
18.115,0.892334, -2.3955078, 0.90649414
18.136,1.0996094, -1.6062012, 0.17797852
18.157,0.8359375, -0.7531738, -0.5209961
18.178,0.34423828, -0.049072266, -0.9963379
18.199,-0.5383301, 0.33422852, -1.0720215
18.221,0.22949219, 0.16113281, -1.2399902
18.242,0.18432617, 0.015136719, -0.72802734
18.263,0.0715332, -0.18066406, -0.0690918
18.284,-0.03540039, -0.2746582, 0.39746094
18.305,0.32202148, -0.41503906, 0.46191406
18.326,0.68847656, -0.43701172, 0.40576172
18.347,1.331543, -0.85253906, 0.48901367
18.368,2.1293945, -1.6137695, 1.0061035
18.389,2.4501953, -2.3674316, 1.3029785
18.410,2.041504, -2.9936523, 1.7592773
18.432,1.484375, -3.7382812, 1.9057617
18.453,1.1096191, -3.1520996, 1.9331055
18.474,0.6035156, -2.151123, 1.4919434
18.495,0.64746094, -0.9350586, 0.99487305
18.516,0.39086914, -0.58569336, 1.3955078
18.537,0.11791992, -0.48486328, 1.7854004
18.558,-0.110839844, -0.57910156, 1.5534668
18.580,-0.33398438, -0.32299805, 0.38598633
18.601,-0.45776367, 0.17822266, -0.68115234
18.622,-0.25341797, 0.43017578, -1.3166504
18.643,-0.14331055, 0.42797852, -1.3022461
18.664,-0.18530273, 0.38354492, -1.1069336
18.685,-0.23291016, 0.4182129, -0.7897949
18.706,-0.39013672, 0.3959961, -0.03881836
18.727,-0.3059082, 0.3642578, 0.25854492
18.748,-0.15600586, 0.3310547, 0.4182129
18.769,0.041992188, 0.10253906, 0.7470703
18.790,0.3034668, -0.22558594, 0.99194336
18.812,0.81274414, -0.56884766, 0.79711914
18.833,1.0842285, -0.65405273, 0.46411133
18.854,1.3547363, -1.2541504, 0.7355957
18.875,2.0114746, -2.1931152, 1.078125
18.896,2.4631348, -2.678711, 0.75439453
18.918,2.4389648, -2.8271484, 0.08325195
18.939,2.2685547, -2.558838, -0.041015625
18.960,2.2731934, -2.4907227, 0.26220703
18.981,2.1115723, -2.2658691, 0.40625
19.002,1.8161621, -2.1281738, 0.3232422
19.024,0.86499023, -1.2861328, -0.6152344
19.045,0.5852051, -0.48950195, -0.23388672
19.066,0.123291016, -0.46069336, 0.11694336
19.087,-0.052978516, -0.08520508, -0.119384766
19.108,0.20483398, -0.026611328, -0.30273438
19.129,0.36376953, 0.011474609, -0.36376953
19.150,0.34106445, 0.041015625, -0.34643555
19.171,0.27685547, 0.010009766, -0.19335938
19.192,0.27148438, -0.10473633, 0.013183594
19.214,0.31762695, -0.19677734, 0.14941406
19.235,0.3708496, -0.24023438, 0.171875
19.256,0.3737793, -0.29223633, 0.23486328
19.277,0.37158203, -0.48095703, 0.40649414
19.298,0.4140625, -0.6281738, 0.35620117
19.320,0.53564453, -0.75634766, 0.12231445
19.341,0.5644531, -0.39160156, -0.62597656
19.362,0.8774414, 0.042236328, -1.4504395
19.383,1.4467773, -1.5068359, 0.3671875
19.404,1.5410156, -2.7287598, 2.0825195
19.426,1.7487793, -1.7666016, 1.4277344
19.447,1.3859863, -0.89331055, 0.32348633
19.468,1.0610352, -0.58203125, 0.061279297
19.489,0.72265625, -0.29956055, 0.013183594
19.510,0.57714844, -0.09643555, -0.33520508
19.531,0.47558594, 0.022705078, -0.21240234
19.552,0.37670898, 0.10131836, -0.07470703
19.573,0.33740234, 0.1171875, 0.053222656
19.594,0.32006836, 0.0715332, 0.20336914
19.615,0.34765625, 0.014404297, 0.33447266
19.637,0.34814453, -0.068603516, 0.43432617
19.658,0.37304688, -0.12597656, 0.38598633
19.679,0.4934082, -0.18652344, 0.37475586
19.700,0.71240234, -0.4111328, 0.5144043
19.721,1.0876465, -0.7470703, 0.72387695
19.742,1.4719238, -0.99902344, 0.7548828
19.763,1.979248, -1.269043, 0.595459
19.785,2.4504395, -1.9248047, 0.579834
19.806,2.7541504, -2.6635742, 0.9628906
19.827,2.5620117, -3.095459, 1.237793
19.848,2.2929688, -2.6259766, 0.85375977
19.869,2.0324707, -1.8012695, -1.1848145
19.890,1.3823242, -1.121582, -2.651123
19.911,-0.2553711, -0.40795898, 0.30517578
19.932,-0.32348633, -0.43725586, 0.3540039
19.953,-0.37670898, -0.20825195, -0.024658203
19.974,-0.6052246, -0.012207031, -0.1015625
19.995,-0.72680664, 0.09277344, 0.0075683594
20.017,-0.85253906, 0.31835938, 0.18334961
20.038,-0.8232422, 0.44091797, 0.33422852
20.059,-0.65234375, 0.39233398, 0.33789062
20.080,-0.43359375, 0.122802734, 0.46411133
20.101,-0.1538086, -0.14672852, 0.54418945
20.123,0.08935547, -0.32763672, 0.545166
20.144,0.38867188, -0.42797852, 0.5612793
20.165,0.7668457, -0.34814453, 0.5666504
20.186,1.2773438, -0.10644531, 0.5612793
20.207,1.8398438, -0.16821289, 0.7687988
20.229,2.5634766, -0.8300781, 0.67089844
20.250,3.2192383, -1.9594727, 1.2009277
20.271,3.652832, -2.2282715, 1.140625
20.292,3.0671387, -1.5175781, 0.5949707
20.313,1.4731445, -0.7546387, -0.501709
20.334,0.7800293, -0.2541504, -0.6699219
20.355,0.15844727, 0.048583984, -0.5229492
20.376,-0.18945312, 0.3840332, -0.45336914
20.397,-0.49121094, 0.5371094, -0.20727539
20.419,-0.6887207, 0.49389648, 0.20532227
20.440,-0.7404785, 0.2607422, 0.50268555
20.461,-0.6867676, 0.037597656, 0.49169922
20.482,-0.6015625, -0.080566406, 0.29370117
20.503,-0.5175781, -0.1730957, 0.06640625
20.525,-0.33129883, -0.04248047, -0.24658203
20.546,-0.09887695, 0.20532227, -0.37695312
20.567,0.18945312, 0.12719727, -0.078125
20.588,0.47583008, -0.16723633, 0.5341797
20.609,0.8034668, -0.118896484, 0.82006836
20.631,1.3740234, 0.17700195, 0.74902344
20.652,2.0263672, -0.72509766, 1.5009766
20.673,2.777588, -2.036621, 1.4650879
20.694,3.691162, -1.456543, -0.8244629
20.715,2.3447266, -2.501709, 1.026123
20.736,1.6591797, -1.4589844, -0.026367188
20.757,0.8803711, -0.9916992, -0.11010742
20.778,0.39575195, -0.3942871, -0.48388672
20.799,0.1159668, 0.1430664, -0.66186523
20.821,-0.16357422, 0.26000977, -0.32617188
20.842,-0.3317871, 0.25708008, -0.007080078
20.863,-0.49438477, 0.34350586, 0.25732422
20.884,-0.52490234, 0.39916992, 0.37719727
20.905,-0.4506836, 0.32299805, 0.3527832
20.927,-0.32958984, 0.1899414, 0.29370117
20.948,-0.1459961, 0.026123047, 0.1550293
20.969,0.055908203, -0.084228516, -0.032470703
20.990,0.359375, -0.11206055, -0.29345703
21.011,0.61694336, -0.17797852, -0.25219727
21.033,0.6130371, -0.52978516, 0.42211914
21.054,1.0080566, -0.798584, 0.7922363
21.075,1.5629883, -1.1552734, 1.1774902
21.096,2.0136719, -1.5900879, 0.91381836
21.117,2.192871, -3.0603027, 2.2329102
21.138,1.8728027, -2.6381836, 1.704834
21.159,1.3457031, -1.7878418, 1.0241699
21.180,0.7163086, -1.2651367, 0.7404785
21.201,0.42456055, -0.7871094, 0.21362305
21.222,0.2878418, -0.42138672, -0.171875
21.244,-0.043945312, -0.31982422, -0.045166016
21.265,0.1303711, -0.022216797, -0.42163086
21.286,0.18847656, -0.023925781, -0.36279297
21.307,0.10595703, -0.0793457, -0.10986328
21.328,0.056152344, -0.119140625, 0.08666992
21.349,0.07006836, -0.1262207, 0.08642578
21.370,0.114746094, -0.052978516, -0.072021484
21.392,0.16455078, 0.0014648438, -0.20874023
21.413,0.1809082, -0.0068359375, -0.19042969
21.434,0.15307617, -0.13916016, 0.025146484
21.455,0.13769531, -0.30566406, 0.28881836
21.476,0.15332031, -0.3803711, 0.5307617
21.497,0.21899414, -0.43359375, 0.82299805
21.518,1.2980957, -0.65844727, 0.4555664
21.539,2.0993652, -0.517334, -0.3623047
21.560,2.180664, -2.409668, 1.9467773
21.581,2.081787, -3.4191895, 2.5778809
21.602,1.96875, -2.4060059, 0.58325195
21.624,0.98413086, -2.022461, 0.39331055
21.645,0.18823242, -1.5375977, -0.010009766
21.666,-0.35546875, -0.88964844, -0.4284668
21.687,-0.7272949, -0.71655273, -0.029052734
21.708,-0.6748047, -0.5961914, 0.29370117
21.730,-0.5883789, -0.6201172, 0.6032715
21.751,-0.3803711, -0.5390625, 0.73779297
21.772,-0.05444336, -0.30200195, 0.37036133
21.793,0.0949707, 0.13720703, -0.11987305
21.814,0.0053710938, 0.09399414, 0.013916016
21.836,0.091552734, 0.22753906, -0.0073242188
21.857,0.18017578, 0.44580078, -0.25439453
21.878,0.18798828, 0.54296875, -0.40722656
21.899,0.16748047, 0.46044922, -0.30444336
21.920,-0.42993164, -0.26708984, 0.5817871
21.941,-0.65625, -0.4699707, 0.51660156
21.962,-0.71850586, -0.6123047, 0.78881836
21.983,-0.48510742, -1.9621582, 1.5905762
22.004,0.28173828, -2.5969238, 1.5881348
22.026,0.75927734, -3.949463, 2.7841797
22.047,1.1557617, -4.092041, 2.1506348
22.068,0.81469727, -3.27417, 1.0332031
22.089,0.026367188, -2.385498, 0.65405273
22.110,-1.0344238, -2.0771484, 0.8027344
22.132,0.19726562, -1.4650879, 0.7128906
22.153,0.1340332, -0.9428711, -0.014404297
22.174,-0.3474121, -0.7626953, 0.74194336
22.195,-0.44726562, -0.21606445, 0.69018555
22.216,-0.37670898, 0.15063477, 0.61816406
22.238,-0.29663086, 0.2890625, 0.58691406
22.259,-0.1928711, 0.39941406, 0.34033203
22.280,-0.083984375, 0.4897461, 0.01171875
22.301,-0.041259766, 0.49243164, -0.28735352
22.322,-0.11816406, 0.08569336, -0.17797852
22.343,-0.09716797, -0.1015625, -0.14941406
22.364,-0.06567383, -0.24682617, -0.17456055
22.385,-0.111816406, -0.49316406, 0.022949219
22.406,-0.203125, -0.8371582, 0.4399414
22.428,-0.3322754, -1.0952148, 1.0385742
22.449,-0.48828125, -1.6630859, 1.6384277
22.470,-0.4506836, -1.8251953, 1.6152344
22.491,-0.5214844, -2.4125977, 2.9296875
22.512,3.5761719, -4.1210938, 2.644287
22.534,-0.42822266, -3.4970703, 3.5202637
22.555,-0.8803711, -0.7512207, 1.0820312
22.576,-1.0759277, 0.3227539, 0.3984375
22.597,-1.0285645, 0.33935547, 0.67822266
22.618,-0.8234863, 0.35864258, 0.5751953
22.640,-0.47070312, 0.27978516, 0.24438477
22.661,-0.2163086, 0.18041992, -0.15454102
22.682,-0.22290039, 0.11206055, -0.3088379
22.703,-0.43359375, 0.1303711, -0.2709961
22.724,-0.94262695, 0.17944336, 0.31933594
22.745,-0.9819336, 0.16088867, 0.44726562
22.766,-0.79541016, 0.13232422, 0.27197266
22.787,-0.6074219, 0.07885742, 0.2553711
22.808,-0.57177734, -0.31469727, 1.1625977
22.830,-0.36669922, -0.7871094, 2.138916
22.851,0.4909668, -1.0500488, 2.4057617
22.872,2.8762207, -1.5698242, 2.1992188
22.893,5.4887695, -3.2832031, 3.3752441
22.914,2.1779785, -0.7385254, 2.3378906
22.936,0.96484375, -0.44995117, 1.9763184
22.957,0.2614746, -0.6315918, 1.682373
22.978,-0.1616211, -0.42944336, -1.2519531
22.999,0.12548828, -0.1586914, -2.7961426
23.020,0.22998047, -0.32299805, -1.9880371
23.042,-0.74902344, -0.7487793, -0.34423828
23.063,-1.1479492, -0.22680664, 0.50097656
23.084,-1.1958008, 0.21704102, 0.83447266
23.105,-0.7763672, 0.072509766, 0.7294922
23.121,-0.09814453, 0.1315918, -0.08642578
23.137,0.37841797, 0.041503906, -0.4008789
23.153,0.7890625, -0.62158203, 0.20996094
23.169,1.1740723, -0.82250977, 0.53100586
23.185,0.7375488, -0.24243164, 0.9301758
23.201,0.47021484, -0.059570312, 1.3120117
23.218,1.1191406, -0.049072266, 1.4116211
23.234,0.98291016, -1.5388184, 4.0876465
23.250,1.7077637, -2.215332, 4.598633
23.266,1.2866211, -0.83691406, 1.6816406
23.282,1.3168945, -0.69262695, 0.5253906
23.298,1.0249023, -0.6611328, 0.22875977
23.314,0.6003418, -0.4411621, 0.044189453
23.331,0.29223633, -0.1496582, -0.24975586
23.347,0.19677734, -0.13671875, -0.35253906
23.363,0.2355957, -0.052246094, -0.63842773
23.379,0.21679688, -0.0053710938, -0.77978516
23.395,0.18652344, 0.0146484375, -0.7067871
23.411,0.14135742, -0.06542969, -0.47485352
23.431,0.05883789, -0.14428711, -0.047607422
23.452,0.296875, -0.2915039, 0.32714844
23.473,0.7631836, -1.0837402, 1.0576172
23.494,1.081543, -1.4492188, 1.0593262
23.515,1.7880859, -1.8869629, 0.9416504
23.536,2.3969727, -2.526123, 1.0161133
23.557,2.696289, -2.6169434, 0.7368164
23.578,2.4553223, -2.258545, 0.4416504
23.599,1.8449707, -1.5793457, 0.12109375
23.620,1.0876465, -0.65649414, -0.23583984
23.641,0.040039062, 0.08642578, -0.54663086
23.662,0.32104492, 0.1237793, -0.45288086
23.683,0.0021972656, 0.4494629, -0.3359375
23.704,-0.037109375, 0.57177734, -0.5095215
23.725,-0.16113281, 0.6574707, -0.5854492
23.746,-0.24291992, 0.5053711, -0.4243164
23.767,-0.30688477, 0.31835938, -0.11767578
23.788,-0.5234375, 0.22802734, 0.119140625
23.809,-0.20605469, 0.20288086, 0.006591797
23.830,0.2290039, -0.045410156, -0.5498047
23.851,1.0651855, -0.78100586, -0.107666016
23.872,0.17749023, -1.2287598, 0.86865234
23.893,-0.13598633, -0.6994629, 1.0751953
23.914,-0.11816406, -0.81469727, 1.6013184
23.935,-0.2614746, -2.2336426, 3.3498535
23.957,0.021728516, -2.2978516, 3.6315918
23.978,0.9265137, -0.80810547, 2.578125
23.999,0.8574219, -1.4802246, 2.102539
24.020,0.77685547, -0.9897461, 1.6564941
24.041,0.47143555, -0.51904297, 1.0322266
24.062,0.2854004, -0.29785156, 0.21826172
24.083,0.42407227, 0.068359375, -0.7314453
24.105,0.45043945, 0.16967773, -0.82543945
24.126,0.26171875, 0.0703125, -0.39331055
24.147,0.028320312, -0.017578125, -0.08618164
24.168,-0.12597656, -0.0234375, 0.044677734
24.189,-0.18286133, -0.39575195, 0.67749023
24.210,-0.39379883, -0.28149414, 0.65405273
24.231,-0.2253418, -0.5163574, 0.828125
24.252,-0.017578125, -0.44335938, 0.39111328
24.273,0.11279297, -0.7438965, 0.5371094
24.294,0.21582031, -1.1899414, 0.7553711
24.315,0.32763672, -1.7165527, 0.69506836
24.336,0.4248047, -2.5175781, 1.0002441
24.358,0.3413086, -3.2685547, 1.4799805
24.379,0.55737305, -2.8935547, 2.0476074
24.400,0.48828125, -2.019287, 1.6196289
24.421,0.5270996, -1.4521484, 1.0532227
24.442,0.59350586, -0.7207031, 0.48095703
24.463,0.47583008, -0.06201172, -0.21679688
24.484,0.5019531, 0.3161621, -0.8618164
24.506,0.50268555, 0.5041504, -1.0991211
24.527,0.20678711, 0.37060547, -0.6052246
24.548,-0.057128906, 0.107666016, -0.026855469
24.569,-0.21289062, -0.12695312, 0.40893555
24.590,-0.18798828, -0.34936523, 0.6003418
24.611,-0.107910156, -0.5107422, 0.592041
24.632,0.27954102, -0.5461426, 0.095214844
24.653,0.3330078, -0.37719727, -0.14819336
24.674,0.3720703, -0.3955078, -0.34033203
24.695,0.3256836, -0.78930664, -0.15698242
24.716,0.23828125, -2.0732422, 0.47558594
24.738,0.3647461, -4.008545, 1.4924316
24.759,0.20019531, -4.4348145, 2.4118652
24.780,0.16967773, -3.196289, 2.1696777
24.801,0.2199707, -2.1733398, 1.1931152
24.822,0.40722656, -0.9655762, -0.21459961
24.844,0.7626953, -0.16748047, -1.123291
24.865,0.9104004, 0.025390625, -1.2998047
24.886,0.85302734, -0.19335938, -0.9638672
24.907,0.4560547, -0.3959961, -0.52319336
24.928,-0.05078125, -0.35498047, -0.032958984
24.950,-0.39746094, 0.0068359375, 0.26831055
24.971,-0.6291504, 0.18530273, 0.32739258
24.992,-0.65356445, 0.23266602, 0.17333984
25.013,-0.3815918, 0.064208984, -0.040039062
25.034,0.50512695, -0.7800293, -0.60253906
25.055,0.7663574, -0.8835449, -0.63061523
25.076,0.6672363, -1.0957031, -0.16503906
25.097,0.41186523, -1.8178711, 0.2758789
25.118,0.019042969, -3.3967285, 0.74902344
25.139,-0.14746094, -3.2409668, 0.9506836
25.161,-0.17797852, -3.4040527, 1.6291504
25.182,-0.057373047, -2.4372559, 1.6074219
25.203,0.16210938, -1.7333984, 0.8286133
25.224,0.24926758, -1.1142578, 0.032714844
25.245,0.1977539, -0.44067383, -0.23046875
25.266,0.22363281, 0.06640625, -0.28125
25.287,0.13574219, 0.43896484, -0.2548828
25.309,0.2055664, 0.4975586, -0.20800781
25.330,0.3527832, 0.36865234, -0.32373047
25.351,0.5083008, 0.07055664, -0.33154297
25.372,0.58984375, -0.3034668, -0.079833984
25.393,0.4819336, -0.5632324, 0.13720703
25.414,0.3564453, -0.76049805, 0.2368164
25.435,0.2578125, -0.9970703, -0.04711914
25.456,0.09399414, -0.97387695, -0.018798828
25.477,0.060791016, -1.7880859, 0.29663086
25.498,-0.008544922, -2.793213, 0.43237305
25.519,-0.28320312, -3.206787, 0.6398926
25.541,-0.37573242, -2.9560547, 0.87060547
25.562,-0.34033203, -1.838623, 1.0305176
25.583,-0.03149414, -1.4216309, 1.0795898
25.604,0.35717773, -0.8479004, 0.22192383
25.625,0.4724121, -0.13256836, -0.21044922
25.647,0.41479492, 0.4519043, -0.19091797
25.668,0.2878418, 0.4868164, 0.080078125
25.689,0.33764648, 0.43310547, -0.18383789
25.710,0.44799805, 0.24951172, -0.44970703
25.731,0.48779297, -0.13232422, -0.21508789
25.753,0.41235352, -0.4946289, 0.15820312
25.774,0.28173828, -0.7416992, 0.2626953
25.795,0.051513672, -0.71069336, 0.068603516
25.816,-0.3317871, -0.49047852, -0.21899414
25.837,-0.27661133, -1.1120605, -0.4963379
25.858,0.2631836, -2.6032715, -0.25341797
25.879,0.036621094, -3.5749512, 0.501709
25.900,-0.50268555, -4.427246, 1.7475586
25.921,-0.8425293, -3.796875, 1.8945312
25.943,-0.5148926, -2.7546387, 1.3249512
25.964,0.044677734, -1.8063965, 0.36791992
25.985,0.41601562, -1.1486816, -0.42749023
26.006,0.50268555, -0.6398926, -0.4873047
26.027,0.44262695, -0.20043945, -0.5126953
26.049,0.2668457, 0.21875, -0.5847168
26.070,0.024169922, 0.44604492, -0.62158203
26.091,-0.24633789, 0.546875, -0.6064453
26.112,-0.42993164, 0.45507812, -0.36767578
26.133,-0.43066406, 0.04711914, -0.05810547
26.155,-0.21435547, -0.35791016, 0.034179688
26.176,0.11425781, -0.5917969, -0.05883789
26.197,0.27294922, -0.5217285, -0.16430664
26.218,0.28344727, -0.38989258, -0.13427734
26.239,-0.0034179688, -0.3791504, -0.15673828
26.260,-0.22509766, -0.36547852, -0.0715332
26.281,-0.4489746, -0.93725586, 0.14868164
26.302,-0.82250977, -2.614746, 0.61987305
26.323,-1.4606934, -3.4589844, 1.1894531
26.344,-1.9382324, -4.0856934, 2.182129
26.366,-1.0251465, -3.2038574, 1.5119629
26.387,0.11303711, -2.0649414, -0.1303711
26.408,0.35229492, -1.2453613, -1.0036621
26.429,0.08984375, -0.70092773, -0.69628906
26.450,-0.17480469, -0.2685547, -0.44555664
26.471,-0.26049805, 0.05834961, -0.36645508
26.492,-0.16967773, 0.109375, -0.37158203
26.514,-0.09741211, 0.015136719, -0.31347656
26.535,-0.09301758, -0.076416016, -0.10522461
26.556,-0.072265625, -0.08129883, 0.008300781
26.577,0.107910156, -0.053222656, -0.14575195
26.598,0.32250977, -0.15771484, -0.29248047
26.619,0.42871094, -0.37036133, -0.25952148
26.640,0.084472656, -0.7463379, 0.16772461
26.661,-0.07543945, -0.90600586, 0.20629883
26.682,-0.15991211, -1.3327637, 0.3388672
26.703,-0.19042969, -2.6311035, 0.8078613
26.724,-0.27392578, -3.7641602, 1.2167969
26.746,-0.5480957, -4.041992, 1.3588867
26.767,-0.7175293, -2.4545898, 0.7817383
26.788,-0.60961914, -1.3151855, 0.47827148
26.809,0.03149414, -0.7097168, 0.12548828
26.830,0.5427246, -0.04736328, -0.31152344
26.852,0.6928711, -0.018554688, -0.17041016
26.873,0.6437988, -0.122802734, -9.765625E-4
26.894,0.43945312, -0.17211914, 0.1821289
26.915,0.099121094, -0.265625, 0.22094727
26.936,-0.083740234, -0.2709961, 0.18310547
26.958,-0.053710938, -0.028076172, 0.012451172
26.979,-0.1850586, 0.049560547, 0.029785156
27.000,-0.08081055, 0.047851562, 0.091796875
27.021,0.29101562, -0.4375, 0.13330078
27.042,0.6660156, -0.8544922, -0.17163086
27.063,0.58984375, -1.3239746, -0.008544922
27.084,0.7180176, -2.6970215, 0.51342773
27.106,1.0905762, -3.619629, 0.59106445
27.127,0.91186523, -3.5231934, 0.96899414
27.148,0.4416504, -2.1271973, 0.67041016
27.169,0.5859375, -1.892334, 0.64404297
27.191,0.66845703, -1.3461914, 0.35180664
27.212,0.6098633, -0.41674805, -0.12768555
27.233,0.48461914, 0.21191406, -0.24853516
27.254,0.21728516, 0.42504883, -0.115478516
27.276,0.07080078, 0.28125, -0.024414062
27.297,-0.07470703, 0.22680664, -0.11303711
27.318,-0.20825195, 0.31298828, -0.35986328
27.339,-0.056884766, 0.4086914, -0.5229492
27.361,0.05102539, 0.048095703, -0.19165039
27.382,0.16430664, -0.4765625, 0.23950195
27.403,0.27270508, -0.83569336, 0.4873047
27.424,0.38134766, -0.85961914, 0.38256836
27.445,0.39990234, -0.69262695, 0.07470703
27.466,0.41259766, -0.8095703, 0.10571289
27.487,0.4597168, -2.2016602, 0.79589844
27.508,0.37182617, -2.9233398, 1.6784668
27.529,0.2524414, -3.2822266, 2.3874512
27.551,0.1303711, -2.8481445, 2.6726074
27.572,0.51782227, -2.4282227, 2.3769531
27.593,0.93725586, -1.730957, 1.1879883
27.614,0.953125, -0.828125, -0.060058594
27.635,0.8405762, -0.28979492, -0.49414062
27.657,0.53466797, 7.324219E-4, -0.53637695
27.678,0.3334961, 0.20141602, -0.5683594
27.699,0.20874023, 0.41577148, -0.779541
27.720,0.064453125, 0.4802246, -0.70532227
27.741,-0.20141602, 0.38720703, -0.18920898
27.763,-0.39672852, 0.1899414, 0.34106445
27.784,-0.47973633, -0.015380859, 0.5427246
27.805,-0.37719727, -0.19970703, 0.42919922
27.826,-0.20532227, -0.36499023, 0.25805664
27.847,0.09838867, -0.53515625, -0.061767578
27.868,0.21289062, -0.6911621, -0.17333984
27.889,0.23046875, -1.2199707, 0.083984375
27.910,0.35717773, -2.1452637, 0.6352539
27.931,0.43139648, -3.366455, 1.3361816
27.953,0.23510742, -3.7592773, 1.7055664
27.974,0.10131836, -2.8395996, 1.5380859
27.995,0.14013672, -1.9995117, 1.0974121
28.016,0.2775879, -1.7724609, 1.0253906
28.037,0.52563477, -1.310791, 0.7434082
28.059,0.57470703, -0.83618164, 0.4501953
28.080,0.52124023, -0.48486328, 0.24853516
28.101,0.41259766, -0.13110352, 0.08251953
28.122,0.29541016, 0.24829102, -0.20922852
28.143,0.28076172, 0.4855957, -0.41430664
28.165,0.31518555, 0.2919922, -0.2631836
28.186,0.42114258, -0.091552734, -0.037109375
28.207,0.50561523, -0.3942871, 0.10180664
28.228,0.4855957, -0.5888672, 0.2019043
28.249,0.29077148, -0.40942383, 0.08300781
28.270,0.17602539, -0.30249023, -0.02319336
28.291,0.115722656, -0.32666016, 0.016357422
28.312,0.1237793, -0.5678711, 0.27416992
28.333,0.07104492, -1.1835938, 0.8310547
28.355,-0.061767578, -2.453125, 1.4931641
28.376,0.024658203, -3.1811523, 2.1604004
28.397,0.022216797, -3.3430176, 2.8552246
28.418,0.29077148, -2.2192383, 2.140625
28.439,0.4543457, -1.3713379, 1.3659668
28.461,0.46801758, -0.92626953, 0.96313477
28.482,0.43945312, -0.5004883, 0.27246094
28.503,0.4272461, -0.07470703, -0.20776367
28.524,0.390625, 0.21704102, -0.6977539
28.545,0.33496094, 0.34643555, -0.87231445
28.567,0.15161133, 0.29785156, -0.55908203
28.588,-0.024902344, 0.16894531, -0.0017089844
28.609,-0.095458984, 0.0024414062, 0.43530273
28.630,0.020507812, -0.055664062, 0.39331055
28.651,0.32202148, -0.46899414, 0.076660156
28.672,0.37548828, -0.51123047, -0.20581055
28.693,0.3474121, -0.43041992, -0.31054688
28.714,0.2175293, -0.3388672, 0.03125
28.735,0.068847656, -0.62231445, 0.6677246
28.757,0.13598633, -1.5119629, 0.88305664
28.778,0.50024414, -2.3728027, 0.65234375
28.799,0.8054199, -2.6054688, 0.9729004
28.820,1.0812988, -2.7478027, 1.3703613
28.841,0.704834, -2.4606934, 1.6347656
28.863,0.42041016, -1.8320312, 1.4633789
28.884,0.23339844, -1.2116699, 0.9836426
28.905,0.1965332, -0.81347656, 0.84106445
28.926,0.16308594, -0.7583008, 0.9230957
28.947,0.049560547, -0.59887695, 0.8647461
28.969,0.07519531, -0.44799805, 0.58081055
28.990,0.06958008, -0.17504883, 0.4272461
29.011,0.055908203, 0.16796875, 0.3203125
29.032,0.10595703, 0.39746094, 0.32128906
29.053,0.15405273, 0.2902832, 0.44360352
29.074,0.1730957, 0.11987305, 0.37890625
29.095,0.18261719, 0.037597656, 0.21850586
29.117,0.17163086, 0.045410156, 0.119628906
29.138,0.15063477, -0.042236328, 0.5554199
29.159,0.1430664, -0.20458984, 1.5185547
29.180,0.061767578, -1.1943359, 2.1713867
29.202,0.35668945, -1.9702148, 1.4494629
29.223,0.84228516, -1.5107422, 1.1352539
29.244,0.91967773, -1.9609375, 2.0439453
29.265,0.8510742, -1.6862793, 2.1252441
29.287,0.7714844, -1.1816406, 1.5307617
29.308,0.57299805, -0.7368164, 1.1044922
29.329,0.36206055, -0.44018555, 0.7844238
29.350,0.20874023, -0.22607422, 0.50805664
29.372,0.19995117, -0.072753906, 0.14575195
29.393,0.05517578, 0.2705078, -0.19482422
29.414,0.067871094, 0.24609375, 0.026855469
29.435,-0.19311523, 0.119140625, 0.68774414
29.456,-0.08129883, 0.4074707, 0.0546875
29.477,0.03466797, 0.44335938, -0.36376953
29.498,0.22973633, 0.31347656, -0.6015625
29.519,0.34228516, 0.076171875, -0.55566406
29.540,0.3112793, -0.0859375, -0.21948242
29.561,0.18164062, -0.47558594, 0.49682617
29.583,0.1081543, -1.0305176, 1.4038086
29.604,0.3527832, -1.6677246, 2.0385742
29.625,0.8720703, -2.4714355, 2.334961
29.646,1.3527832, -2.2600098, 1.8803711
29.667,1.036377, -1.7338867, 1.7443848
29.688,0.24511719, -1.1589355, 2.1062012
29.709,-0.16186523, -0.8835449, 2.456787
29.731,-0.083740234, -0.6738281, 2.1958008
29.752,0.22363281, -0.39501953, 1.4821777
29.773,1.3972168, -0.09790039, 0.7404785
29.794,1.4050293, 0.28979492, -0.35620117
29.815,0.68725586, 0.7661133, -1.1037598
29.836,0.3737793, 0.84594727, -1.152832
29.857,-0.001953125, 0.087402344, 0.4909668
29.878,-0.15307617, -0.072265625, 1.0041504
29.899,-0.25439453, -0.08325195, 1.0649414
29.920,-0.265625, -0.08935547, 1.0864258
29.941,-0.1616211, -0.13671875, 0.9946289
29.963,-0.037353516, -0.15649414, 1.0002441
29.984,0.07910156, -0.3605957, 1.3125
30.005,0.19555664, -0.6520996, 1.8427734
30.026,0.36010742, -0.98828125, 2.2021484
30.047,0.67822266, -1.0507812, 2.2600098
30.069,0.7116699, -0.8469238, 2.1359863
30.090,1.236084, -0.5205078, 1.9318848
30.111,1.1130371, -0.5126953, 1.90625
30.132,0.7714844, -0.48168945, 2.0217285
30.153,0.56640625, -0.34594727, 1.760498
30.175,0.7597656, -1.2866211, 1.5559082
30.196,0.33398438, 0.014404297, -0.8186035
30.217,-0.46142578, 0.75097656, -2.1955566
30.238,0.21557617, 0.4519043, -2.1533203
30.259,-0.19799805, -0.0234375, -0.33447266
30.280,-0.21508789, -0.1640625, 0.22485352
30.301,-0.02734375, -0.30517578, 0.47827148
30.322,0.15673828, -0.2980957, 0.48046875
30.343,0.33276367, -0.34106445, 0.55566406
30.365,0.4543457, -0.36035156, 0.7402344
30.386,0.54296875, -0.3486328, 0.8203125
30.407,0.5957031, -0.1887207, 0.7338867
30.428,0.6647949, -0.107177734, 0.73950195
30.449,0.75097656, -0.040039062, 0.9067383
30.471,0.84277344, -0.01977539, 1.0947266
30.492,1.0500488, -0.040283203, 0.9873047
30.513,1.0229492, -0.69311523, 1.6889648
30.534,0.7702637, -1.269043, 2.677002
30.555,0.7312012, -1.1748047, 2.234375
30.577,1.3754883, -1.1601562, 0.81884766
30.598,1.8271484, -1.6467285, 0.529541
30.619,1.8759766, -1.6547852, 0.8300781
30.640,0.9489746, -0.74243164, 0.98779297
30.661,-0.26538086, -0.5852051, 1.5639648
30.682,-0.4099121, -0.43823242, 0.6557617
30.703,-0.66064453, 0.41967773, -0.29760742
30.724,-0.8347168, 0.69555664, -0.35205078
30.745,-0.7084961, 0.36669922, 0.15283203
30.767,-0.3203125, 0.2055664, 0.1472168
30.788,0.14331055, -0.060302734, -0.01977539
30.809,0.45410156, -0.36743164, 0.083984375
30.830,0.53027344, -0.49389648, 0.28588867
30.851,0.4477539, -0.53808594, 0.48876953
30.873,0.5019531, -0.3569336, 0.51416016
30.894,0.45361328, -0.25805664, 0.8955078
30.915,0.3227539, -1.1123047, 2.0441895
30.936,0.35913086, -3.150879, 2.8442383
30.957,0.24023438, -2.427002, 1.8474121
30.979,0.49804688, -1.4765625, 1.3671875
31.000,0.78149414, -1.6176758, 1.748291
31.021,1.0791016, -1.4213867, 1.5458984
31.042,1.0112305, -0.73291016, 0.8010254
31.063,0.7158203, -0.07104492, -0.4987793
31.084,0.5214844, -0.034423828, -0.6833496
31.105,0.25805664, -0.10058594, -0.3400879
31.126,0.037353516, -0.23071289, 0.16333008
31.147,-0.0690918, -0.17944336, 0.23242188
31.169,-0.015136719, -0.017822266, -0.06933594
31.190,0.111572266, -0.02709961, -0.1796875
31.211,0.16870117, -0.06298828, -0.1315918
31.232,0.1459961, -0.16015625, 0.1394043
31.253,0.14331055, -0.21459961, 0.31420898
31.275,0.15698242, -0.24291992, 0.3947754
31.296,0.27563477, -0.3623047, 0.4338379
31.317,0.4399414, -0.7102051, 0.66552734
31.338,0.65405273, -1.1584473, 0.80859375
31.359,0.98706055, -2.4626465, 1.3659668
31.381,1.4812012, -2.8632812, 1.7885742
31.402,1.8723145, -3.25708, 2.267334
31.423,2.0004883, -3.307373, 2.5080566
31.444,1.6235352, -2.5664062, 1.8183594
31.465,0.17773438, 0.14428711, -0.9699707
31.486,-0.2824707, 1.0966797, -1.6850586
31.507,-0.6804199, 0.7890625, -0.87890625
31.528,-0.29174805, 0.5463867, -0.31982422
31.549,-0.30297852, -0.3359375, 0.9182129
31.571,-0.33129883, -0.5632324, 1.0930176
31.592,-0.29248047, -0.47192383, 0.20043945
31.613,-0.004638672, 0.08129883, -0.59277344
31.634,0.43896484, 0.0012207031, -1.0803223
31.655,0.48632812, 0.017333984, -1.1345215
31.677,0.3076172, -0.004638672, -0.85839844
31.698,0.05883789, -0.10913086, -0.34057617
31.719,-0.17236328, -0.31396484, 0.3034668
31.740,-0.18408203, -0.5349121, 0.66064453
31.761,-0.05859375, -0.75683594, 0.54052734
31.783,0.48901367, -1.4418945, -0.018554688
31.804,2.0793457, -3.4814453, -1.5168457
31.825,2.4455566, -3.7963867, -0.14746094
31.846,1.8964844, -4.435547, 1.4611816
31.867,1.3818359, -2.150879, 0.10253906
31.888,1.1437988, -1.295166, -0.08105469
31.909,1.0041504, -0.46777344, -0.5986328
31.930,0.4506836, -0.18237305, -0.55249023
31.951,-0.2644043, 0.0014648438, 0.19116211
31.972,-0.6394043, 0.28808594, 0.7114258
31.994,-0.79345703, 0.31445312, 0.6479492
32.015,-0.82250977, 0.2998047, 0.38232422
32.036,-0.57299805, 0.14233398, 0.29077148
32.057,-0.28881836, -9.765625E-4, 0.21386719
32.078,-0.10571289, -0.21606445, 0.3232422
32.099,0.0053710938, -0.22436523, 0.4519043
32.120,0.07324219, -0.24072266, 0.3786621
32.142,0.12426758, -0.1616211, 0.12719727
32.163,0.17919922, -0.13452148, -0.15844727
32.184,0.25439453, -0.23657227, -0.3701172
32.205,0.39770508, -0.6208496, -0.27514648
32.226,0.59643555, -1.3676758, 0.033447266
32.247,0.7351074, -2.701416, 0.34545898
32.268,0.7216797, -3.8395996, 1.236084
32.289,0.85131836, -3.3933105, 0.9489746
32.310,1.0268555, -2.852295, 0.41308594
32.331,1.0415039, -1.9614258, -0.19580078
32.352,0.69555664, -1.0224609, -0.546875
32.374,0.2590332, -0.3630371, -0.68408203
32.395,-0.026123047, 0.18432617, -0.6550293
32.416,-0.30664062, 0.38989258, -0.35009766
32.437,-0.38354492, 0.20019531, -0.030761719
32.458,-0.3322754, 0.034423828, 0.09838867
32.480,-0.23706055, -0.1574707, 0.19262695
32.501,-0.12866211, -0.26245117, 0.19995117
32.522,0.017333984, -0.21240234, -0.059814453
32.543,0.15039062, -0.079833984, -0.45458984
32.564,0.3173828, 0.07373047, -0.87353516
32.586,0.4609375, -0.0078125, -1.0073242
32.607,0.44335938, -0.41235352, -0.40600586
32.628,0.20581055, -0.8076172, 0.31640625
32.649,0.057617188, -0.91796875, 0.5102539
32.665,-0.14282227, -1.9995117, 0.6628418
32.681,0.017578125, -3.543457, 1.2753906
32.697,0.48486328, -4.145996, 1.6152344
32.713,0.8532715, -3.5529785, 1.3701172
32.729,0.9248047, -2.6074219, 0.51416016
32.746,0.94921875, -1.791748, -0.41064453
32.762,0.60424805, -0.81396484, -0.7480469
32.778,0.064941406, -0.32641602, -0.45751953
32.794,-0.34814453, 0.06640625, -0.09692383
32.810,-0.5776367, 0.36206055, 0.05029297
32.827,-0.5788574, 0.40405273, -0.048339844
32.843,-0.34472656, 0.11645508, -0.063964844
32.859,-7.324219E-4, -0.21362305, -0.040527344
32.875,0.30664062, -0.3713379, -0.0925293
32.891,0.40771484, -0.2697754, -0.20629883
32.908,0.33251953, -0.14257812, -0.14160156
32.924,0.17749023, -0.04638672, -0.06347656
32.940,0.028564453, -0.057861328, 0.025878906
32.956,-0.10424805, -0.12060547, 0.1665039
32.976,-0.19799805, -0.56689453, 0.35595703
32.997,-0.06933594, -1.237793, 0.5048828
33.018,0.16967773, -2.7949219, 0.86083984
33.039,0.64086914, -4.010498, 1.597168
33.060,0.6347656, -4.394043, 1.8918457
33.081,0.024902344, -3.090332, 1.3530273
33.102,0.091308594, -2.1696777, 0.15039062
33.123,0.2133789, -1.5783691, -0.22143555
33.144,0.27441406, -1.3005371, 0.16430664
33.164,0.42163086, -0.91503906, -0.10058594
33.185,0.4189453, -0.5109863, -0.5397949
33.206,0.13500977, -0.14575195, -0.46777344
33.227,-0.20581055, 0.23852539, -0.36669922
33.248,-0.46704102, 0.47143555, -0.25805664
33.269,-0.48876953, 0.49047852, -0.2783203
33.290,-0.3095703, 0.39526367, -0.36987305
33.311,-0.06762695, 0.12207031, -0.30908203
33.332,0.2055664, -0.20825195, -0.2019043
33.353,0.41137695, -0.37231445, -0.17553711
33.374,0.55737305, -0.5739746, -0.11791992
33.395,0.5073242, -0.5932617, -0.013427734
33.416,0.35009766, -0.673584, 0.1862793
33.437,0.24682617, -0.91064453, 0.38427734
33.458,0.21459961, -1.6918945, 0.5810547
33.479,0.26220703, -3.3093262, 1.1245117
33.501,0.70703125, -4.0983887, 1.2099609
33.522,1.1877441, -3.8601074, 1.1242676
33.543,1.0249023, -3.1027832, 1.1313477
33.564,0.81591797, -2.4035645, 0.8930664
33.585,0.6064453, -1.5852051, 0.40478516
33.606,0.38232422, -0.85961914, -0.1862793
33.627,0.2084961, -0.5932617, -0.23657227
33.649,0.15478516, -0.3486328, -0.2607422
33.670,0.017333984, -0.1315918, -0.2956543
33.691,-0.03955078, 0.045410156, -0.37548828
33.712,-1.1398926, 0.35791016, -0.39501953
33.733,-0.5715332, 0.32250977, -0.36621094
33.754,-0.39038086, 0.1015625, -0.23950195
33.780,-0.13232422, -0.048828125, -0.2919922
33.806,-0.076660156, -0.33813477, 0.08886719
33.832,0.025878906, -0.45922852, 0.27807617
33.858,0.18359375, -0.46655273, 0.14355469
33.884,0.3515625, -0.47436523, -0.0034179688
33.910,0.57543945, -0.57470703, -0.017089844
33.937,0.92407227, -0.8696289, 0.07080078
33.963,1.1943359, -1.2839355, 0.10180664
33.989,1.4672852, -1.8205566, 0.2265625
34.015,1.7495117, -2.1086426, 0.3413086
34.041,2.0998535, -1.8774414, 0.24511719
34.067,2.0634766, -1.824707, 0.5961914
34.093,1.8903809, -1.5478516, 0.8527832
34.120,1.6469727, -1.2446289, 0.8322754
34.146,1.3693848, -0.95947266, 0.60424805
34.172,1.003418, -0.57836914, 0.30395508
34.198,0.71069336, -0.25927734, 0.020751953
34.224,0.47973633, -0.06567383, -0.15429688
34.250,0.2836914, 0.092041016, -0.28271484
34.266,-0.18945312, 0.37036133, -0.7241211
34.282,-0.37939453, 0.27563477, -0.7116699
34.299,-0.34814453, 0.22631836, -0.689209
34.315,-0.18408203, 0.27001953, -0.66552734
34.332,-0.16625977, 0.20385742, -0.16333008
34.348,-0.21875, -0.32348633, 0.55371094
34.365,-0.033935547, -0.58691406, 0.8989258
34.381,0.21948242, -0.57299805, 0.8222656
34.398,0.28344727, -0.6513672, 0.8803711
34.414,0.38305664, -0.8503418, 1.0541992
34.430,0.6196289, -1.5002441, 1.3110352
34.447,0.98950195, -2.0273438, 1.4709473
34.463,1.5551758, -2.4001465, 1.6665039
34.480,1.7387695, -2.3527832, 1.3886719
34.496,1.6494141, -2.0458984, 1.2370605
34.513,1.3491211, -1.7651367, 1.0686035
34.529,1.0441895, -1.253418, 0.7741699
34.546,0.7062988, -0.921875, 0.67944336
34.562,-1.7873535, 0.876709, 0.10620117
34.583,0.6682129, 0.13208008, -1.4296875
34.604,0.22607422, -0.2758789, -0.22680664
34.625,0.13110352, 0.35766602, -0.65649414
34.646,0.20922852, 0.42260742, -0.8376465
34.667,0.09399414, 0.33154297, -0.5917969
34.688,-0.052001953, 0.14916992, -0.21142578
34.709,-0.23852539, 0.012207031, 0.13989258
34.730,-0.3803711, -0.2006836, 0.22363281
34.751,-0.5473633, -0.22070312, -0.21435547
34.772,-0.5632324, -0.11352539, -0.6352539
34.793,-0.40795898, -0.34375, -0.17407227
34.814,-0.15893555, -0.9621582, 0.5114746
34.835,0.23632812, -1.5498047, 0.98583984
34.856,0.6286621, -2.2145996, 1.9816895
34.877,1.3935547, -3.1743164, 2.9890137
34.898,0.8796387, -2.3825684, 2.6362305
34.919,2.1176758, -2.3496094, 1.6005859
34.940,3.2792969, -2.3874512, -0.046875
34.961,1.1982422, -1.9863281, 1.0583496
34.982,0.03491211, -0.58496094, 1.1513672
35.003,0.15136719, -0.3034668, 0.6647949
35.024,0.1784668, -0.12719727, 0.35253906
35.045,0.15307617, -0.05493164, 0.123046875
35.066,-0.06542969, 0.16137695, -0.11621094
35.087,-0.23120117, 0.2890625, -0.36914062
35.108,-0.30615234, 0.35888672, -0.6315918
35.129,-0.2758789, 0.24072266, -0.47192383
35.150,-0.08886719, -0.0026855469, -0.12963867
35.172,-0.038330078, -0.12817383, 0.06640625
35.193,-0.018310547, -0.19165039, 0.13549805
35.214,-0.0036621094, -0.2944336, 0.18798828
35.235,-0.018798828, -0.31567383, 0.26904297
35.256,0.004638672, -0.44580078, 0.40649414
35.277,0.06933594, -0.5102539, 0.40893555
35.298,0.107177734, -0.7302246, 0.6081543
35.319,0.1640625, -1.237793, 1.135498
35.340,0.6779785, -2.637207, 1.7067871
35.361,1.2438965, -3.5134277, 2.3237305
35.382,3.7270508, -2.2294922, -5.442383
35.403,0.7290039, -2.6762695, 1.5969238
35.424,0.22241211, -1.5007324, 1.2841797
35.446,-0.19799805, -0.63256836, 0.75634766
35.467,0.23339844, -0.33935547, 0.19335938
35.488,0.29248047, -9.765625E-4, -0.37475586
35.509,0.28295898, 0.58081055, -1.0270996
35.531,0.39575195, 0.56347656, -0.9067383
35.552,0.1340332, 0.43310547, -0.3684082
35.573,0.041992188, 0.19482422, 0.15625
35.594,0.057373047, 0.16894531, 0.26513672
35.616,-0.013183594, 0.0075683594, 0.4892578
35.637,-0.107910156, 0.005126953, 0.5720215
35.658,-0.19140625, -0.0847168, 0.88623047
35.679,-0.30371094, -0.28979492, 1.0664062
35.701,-0.35229492, -0.48876953, 0.89746094
35.722,-0.4399414, -0.654541, 0.7038574
35.743,-0.68408203, -0.8054199, 1.03125
35.764,-0.8762207, -1.2744141, 1.9377441
35.785,-6.6188965, -2.3481445, -8.0
35.806,-3.008789, -1.4802246, 7.999756
35.827,-0.1508789, -1.8395996, -1.5036621
35.848,0.3022461, -2.0222168, 0.091308594
35.869,0.37768555, -1.8071289, -0.32128906
35.891,-0.095947266, -0.95288086, -1.0661621
35.912,0.16333008, -0.5793457, -0.68652344
35.933,0.23242188, -0.5473633, -0.18847656
35.954,0.15234375, -0.6616211, -0.1574707
35.975,0.111083984, -0.6074219, -0.10498047
35.997,0.0056152344, -0.5800781, 0.045410156
36.018,-0.030761719, -0.5891113, 0.19555664
36.039,-0.039794922, -0.5895996, 0.30200195
36.060,-0.0043945312, -0.67211914, 0.4453125
36.081,0.09838867, -0.97509766, 0.8359375
36.103,0.1550293, -1.3088379, 0.5317383
36.124,0.3022461, -1.2854004, 0.27929688
36.145,0.64868164, -1.234375, -0.05419922
36.166,1.0419922, -1.1591797, -0.25048828
36.187,1.6914062, -1.1838379, -0.27124023
36.208,0.8076172, -0.7285156, -0.23095703
36.229,0.73339844, -0.5979004, -0.12109375
36.250,0.13208008, -0.65063477, 0.022460938
36.271,0.4309082, -0.59228516, 0.27978516
36.292,0.26342773, -0.67871094, 0.50024414
36.314,0.1303711, -0.71875, 0.689209
36.335,0.023925781, -0.7832031, 0.85058594
36.356,0.15429688, -0.83862305, 0.89331055
36.377,0.25512695, -0.859375, 0.8273926
36.398,0.25732422, -0.79296875, 0.70092773
36.419,0.22485352, -0.78027344, 0.5695801
36.440,0.22070312, -0.829834, 0.50756836
36.462,0.3642578, -0.9187012, 0.48266602
36.483,0.46948242, -0.97314453, 0.46826172
36.504,0.44702148, -0.86083984, 0.33764648
36.525,0.2932129, -0.5727539, 0.2475586
36.546,-0.38208008, -0.65405273, 0.5012207
36.567,-0.28442383, -1.0075684, 0.84277344
36.588,0.2019043, -1.3144531, 0.7468262
36.609,0.23754883, -1.1015625, 0.3671875
36.630,0.40600586, -0.91137695, 0.1430664
36.651,0.23364258, -0.61572266, 0.06738281
36.672,0.14990234, -0.6413574, 0.171875
36.693,0.1652832, -0.7182617, 0.31591797
36.715,0.27001953, -0.9265137, 0.41088867
36.736,0.36132812, -0.9436035, 0.5004883
36.757,0.3449707, -1.0358887, 0.5083008
36.778,0.31396484, -0.92871094, 0.41577148
36.799,0.32861328, -0.920166, 0.34423828
36.820,0.27734375, -0.9628906, 0.35839844
36.841,0.17553711, -1.001709, 0.40893555
36.863,0.17285156, -0.98535156, 0.39453125
36.884,-0.06567383, -0.96484375, 0.42871094
36.905,-0.11035156, -1.001709, 0.47583008
36.926,-0.115234375, -1.0522461, 0.48339844
36.947,-0.12084961, -1.03125, 0.46313477
36.968,-0.104003906, -1.0090332, 0.4321289
36.989,-0.0017089844, -0.88183594, 0.27978516
37.010,0.08496094, -0.8532715, 0.21557617
37.031,0.091796875, -0.8623047, 0.20800781
37.053,0.123046875, -0.8791504, 0.203125
37.074,0.11450195, -0.84106445, 0.16723633
37.095,0.055419922, -0.7902832, 0.18139648
37.116,0.01586914, -0.7858887, 0.19702148
37.138,-0.08666992, -0.7902832, 0.26904297
37.159,-0.21899414, -0.8532715, 0.3984375
37.180,-0.20654297, -0.90283203, 0.46289062
37.201,-0.063964844, -0.95458984, 0.46191406
37.223,0.010986328, -1.0805664, 0.5227051
37.244,-0.09350586, -0.9506836, 0.5175781
37.265,-0.18969727, -0.89941406, 0.48999023
37.286,-0.2607422, -0.88061523, 0.49804688
37.308,-0.328125, -0.8532715, 0.54248047
37.329,-0.34716797, -0.91186523, 0.55737305
37.350,-0.40844727, -0.89404297, 0.60498047
37.371,-0.3400879, -0.94018555, 0.6003418
37.392,-0.18481445, -0.9394531, 0.50268555
37.413,-0.17114258, -0.93408203, 0.4741211
37.434,-0.15161133, -0.9042969, 0.4482422
37.455,-0.14746094, -0.87402344, 0.44213867
37.476,-0.18237305, -0.86035156, 0.44433594
37.498,-0.2241211, -0.84814453, 0.4819336
37.519,-0.2763672, -0.8430176, 0.4975586
37.540,-0.2788086, -0.81591797, 0.4633789
37.561,-0.27172852, -0.79907227, 0.4621582
37.582,-0.28076172, -0.8125, 0.4716797
37.604,-0.24951172, -0.82470703, 0.49291992
37.625,-0.22485352, -0.8354492, 0.49926758
37.646,-0.20507812, -0.8581543, 0.51049805
37.667,-0.19458008, -0.8835449, 0.54052734
37.688,-0.17504883, -0.9008789, 0.5505371
37.710,-0.17651367, -0.87158203, 0.5168457
37.731,-0.1887207, -0.8293457, 0.4958496
37.752,-0.21923828, -0.79833984, 0.49731445
37.773,-0.26538086, -0.7597656, 0.51586914
37.794,-0.34936523, -0.81469727, 0.5756836
37.815,-0.29492188, -0.873291, 0.5654297
37.836,-0.25708008, -0.8947754, 0.54052734
37.857,-0.20166016, -0.89990234, 0.49902344
37.878,-0.11621094, -0.9008789, 0.47143555
37.900,-0.111083984, -0.9038086, 0.49951172
37.921,-0.20458984, -0.86157227, 0.4934082
37.942,-0.40161133, -0.7624512, 0.5012207
37.963,-0.2319336, -0.7297363, 0.5185547
37.984,-0.29467773, -0.75341797, 0.5449219
38.006,-0.31030273, -0.7319336, 0.5175781
38.027,-0.31811523, -0.717041, 0.48291016
38.048,-0.3413086, -0.7314453, 0.5029297
38.069,-0.26538086, -0.8718262, 0.49316406
38.090,-0.2775879, -0.85375977, 0.517334
38.112,-0.14453125, -0.9597168, 0.47558594
38.133,0.0073242188, -0.9506836, 0.41455078
38.154,-0.059570312, -0.96777344, 0.40551758
38.175,-0.07519531, -0.84033203, 0.42529297
38.196,-0.051757812, -0.86621094, 0.49658203
38.217,-0.171875, -0.7878418, 0.55737305
38.238,-0.35766602, -0.7651367, 0.6057129
38.259,-0.42651367, -0.79663086, 0.6208496
38.280,-0.49316406, -0.8144531, 0.6760254
38.302,-0.38720703, -0.8486328, 0.69140625
38.323,-0.26831055, -0.8105469, 0.61499023
38.344,-0.20410156, -0.7915039, 0.5358887
38.365,-0.17504883, -0.7949219, 0.5439453
38.386,-0.17285156, -0.79296875, 0.5649414
38.408,-0.13916016, -0.82666016, 0.54956055
38.429,-0.13623047, -0.842041, 0.48876953
38.450,-0.15258789, -0.8684082, 0.4416504
38.471,-0.15234375, -0.8671875, 0.43676758
38.492,-0.18041992, -0.86376953, 0.46923828
38.514,-0.21801758, -0.86157227, 0.52368164
38.535,-0.22607422, -0.8129883, 0.5209961
38.556,-0.23144531, -0.76416016, 0.5385742
38.577,-0.2590332, -0.7248535, 0.5810547
38.598,-0.23999023, -0.7907715, 0.58203125
38.619,-0.16186523, -0.84350586, 0.5317383
38.640,-0.119628906, -0.857666, 0.5410156
38.661,-0.13354492, -0.79418945, 0.560791
38.682,-0.13793945, -0.71484375, 0.55810547
38.703,-0.17456055, -0.72509766, 0.58203125
38.725,-0.22973633, -0.67578125, 0.60302734
38.746,-0.26904297, -0.76342773, 0.73046875
38.767,-0.2915039, -0.8276367, 0.7441406
38.788,-0.25952148, -0.8276367, 0.5769043
38.809,-0.24902344, -0.92407227, 0.46850586
38.830,-0.26098633, -0.9790039, 0.6152344
38.851,-0.23754883, -0.94628906, 0.65600586
38.873,-0.21386719, -0.85717773, 0.6557617
38.894,-0.14331055, -0.81225586, 0.66430664
38.915,-0.14550781, -0.7548828, 0.609375
38.936,-0.075683594, -0.71777344, 0.56396484
38.957,-0.06542969, -0.72143555, 0.5012207
38.978,-0.08618164, -0.7414551, 0.5385742
38.999,-0.14208984, -0.71777344, 0.60375977
39.020,-0.15185547, -0.732666, 0.6503906
39.041,-0.15771484, -0.71655273, 0.66845703
39.062,-0.16259766, -0.7397461, 0.6677246
39.083,-0.13476562, -0.79052734, 0.6989746
39.104,-0.12036133, -0.82592773, 0.6953125
39.126,-0.09399414, -0.8327637, 0.66552734
39.147,-0.09301758, -0.7949219, 0.64624023
39.168,-0.1081543, -0.7727051, 0.6430664
39.189,-0.0871582, -0.7458496, 0.6364746
39.210,-0.064697266, -0.7338867, 0.66625977
39.231,-0.05810547, -0.7246094, 0.6801758
39.252,-0.075927734, -0.70581055, 0.6652832
39.274,-0.0847168, -0.71191406, 0.62231445
39.295,-0.08129883, -0.7163086, 0.5930176
39.316,-0.10888672, -0.7631836, 0.6176758
39.337,-0.13842773, -0.78125, 0.6286621
39.358,-0.15258789, -0.7546387, 0.6213379
39.379,-0.1081543, -0.7331543, 0.61328125
39.400,-0.17871094, -0.7780762, 0.7260742
39.421,-0.24169922, -0.7663574, 0.6772461
39.442,-0.18139648, -0.782959, 0.63134766
39.463,-0.15063477, -0.78271484, 0.57543945
39.484,-0.1081543, -0.80126953, 0.53686523
39.506,-0.084228516, -0.83081055, 0.57910156
39.527,-0.07885742, -0.8532715, 0.5944824
39.548,-0.049560547, -0.8508301, 0.54052734
39.569,-0.016601562, -0.8317871, 0.48510742
39.590,0.021240234, -0.87280273, 0.53637695
39.612,-0.029541016, -0.8659668, 0.6142578
39.633,-0.07885742, -0.77246094, 0.63793945
39.654,-0.13232422, -0.69970703, 0.671875
39.675,-0.203125, -0.6647949, 0.69140625
39.696,-0.27294922, -0.6376953, 0.6303711
39.718,-0.32714844, -0.6953125, 0.5703125
39.739,-0.32910156, -0.7980957, 0.62402344
39.760,-0.2019043, -0.85131836, 0.61035156
39.781,-0.09399414, -0.8491211, 0.6164551
39.802,-0.10473633, -0.7741699, 0.70532227
39.823,-0.22363281, -0.7722168, 0.6750488
39.844,-0.27246094, -0.6813965, 0.82836914
39.865,-0.2529297, -0.7312012, 0.6484375
39.886,-0.25341797, -0.77563477, 0.5202637
39.907,-0.29711914, -0.8132324, 0.53686523
39.929,-0.27197266, -0.8144531, 0.5517578
39.950,-0.20922852, -0.81152344, 0.625
39.971,-0.17382812, -0.7614746, 0.6633301
39.992,-0.18237305, -0.68359375, 0.68530273
40.013,-0.19506836, -0.7109375, 0.6809082
40.034,-0.21411133, -0.69921875, 0.5996094
40.055,-0.17016602, -0.7800293, 0.54711914
40.077,-0.14746094, -0.87402344, 0.64868164
40.098,-0.111083984, -0.8461914, 0.6645508
40.119,-0.10498047, -0.78149414, 0.6435547
40.140,-0.15551758, -0.7585449, 0.6455078
40.161,-0.17749023, -0.75634766, 0.6633301
40.182,-0.17578125, -0.76049805, 0.6574707
40.203,-0.18457031, -0.75683594, 0.6682129
40.224,-0.21484375, -0.73657227, 0.6965332
40.245,-0.20581055, -0.6882324, 0.6455078
40.266,-0.22021484, -0.6657715, 0.62280273
40.287,-0.2397461, -0.6604004, 0.6569824
40.309,-0.24926758, -0.6965332, 0.6867676
40.330,-0.20751953, -0.72436523, 0.67822266
40.351,-0.20117188, -0.7507324, 0.6496582
40.372,-0.18432617, -0.7375488, 0.6164551
40.393,-0.1809082, -0.74487305, 0.62353516
40.415,-0.1899414, -0.7258301, 0.6394043
40.436,-0.2133789, -0.7487793, 0.6611328
40.457,-0.23266602, -0.7036133, 0.7055664
40.478,-0.2512207, -0.6862793, 0.7080078
40.499,-0.31225586, -0.70532227, 0.7746582
40.521,-0.32226562, -0.7121582, 0.73339844
40.542,-0.29638672, -0.7758789, 0.6616211
40.563,-0.19702148, -0.7788086, 0.5930176
40.584,-0.12573242, -0.7336426, 0.5541992
40.605,-0.15356445, -0.701416, 0.65478516
40.626,-0.12719727, -0.7495117, 0.6652832
40.647,-0.09741211, -0.78564453, 0.6850586
40.668,-0.09863281, -0.76464844, 0.67944336
40.689,-0.17529297, -0.7265625, 0.71362305
40.711,-0.25561523, -0.69140625, 0.71313477
40.732,-0.30810547, -0.67041016, 0.7182617
40.753,-0.3125, -0.68310547, 0.69506836
40.774,-0.26733398, -0.7282715, 0.67285156
40.795,-0.20605469, -0.7729492, 0.657959
40.817,-0.1472168, -0.79052734, 0.6425781
40.838,-0.10620117, -0.7770996, 0.6164551
40.859,-0.06274414, -0.7487793, 0.58862305
40.880,-0.061767578, -0.7290039, 0.61499023
40.901,-0.075683594, -0.70288086, 0.6208496
40.923,-0.10205078, -0.6838379, 0.6569824
40.944,-0.17944336, -0.6706543, 0.63427734
40.965,-0.26782227, -0.67163086, 0.6262207
40.986,-0.3178711, -0.68774414, 0.65185547
41.007,-0.3461914, -0.69433594, 0.7258301
41.028,-0.2783203, -0.84228516, 0.82006836
41.049,-0.21411133, -0.8569336, 0.79345703
41.070,-0.1015625, -0.8232422, 0.69433594
41.091,-0.04736328, -0.78100586, 0.6826172
41.113,-0.046142578, -0.74194336, 0.6359863
41.134,-0.05444336, -0.7236328, 0.6411133
41.155,-0.01928711, -0.72631836, 0.6208496
41.176,-0.01586914, -0.7548828, 0.60058594
41.197,-0.030761719, -0.7631836, 0.5761719
41.219,-0.057617188, -0.7746582, 0.59277344
41.240,-0.08666992, -0.7583008, 0.6442871
41.261,-0.072021484, -0.7312012, 0.6960449
41.282,-0.0637207, -0.7475586, 0.7409668
41.303,-0.07348633, -0.7915039, 0.76171875
41.325,-0.06298828, -0.829834, 0.7175293
41.346,-0.07495117, -0.8288574, 0.65966797
41.367,-0.09008789, -0.8051758, 0.6201172
41.388,-0.07861328, -0.7651367, 0.6040039
41.409,-0.010498047, -0.80249023, 0.6064453
41.430,-0.005126953, -0.7770996, 0.5830078
41.451,0.001953125, -0.75878906, 0.5527344
41.472,-0.017822266, -0.75268555, 0.5961914
41.493,-0.0390625, -0.74560547, 0.611084
41.515,-0.034179688, -0.7722168, 0.6188965
41.536,-0.025878906, -0.7949219, 0.6057129
41.557,-0.044189453, -0.80810547, 0.6279297
41.578,-0.015136719, -0.81689453, 0.63549805
41.599,0.016845703, -0.798584, 0.5891113
41.621,0.053222656, -0.7878418, 0.57177734
41.642,0.0925293, -0.7915039, 0.5944824
41.663,0.07324219, -0.79174805, 0.59765625
41.684,0.025634766, -0.77905273, 0.5810547
41.705,-2.4414062E-4, -0.8066406, 0.61083984
41.727,0.026367188, -0.84277344, 0.6401367
41.748,0.03930664, -0.8383789, 0.626709
41.769,0.07373047, -0.83496094, 0.6179199
41.790,0.05810547, -0.8366699, 0.6303711
41.811,-0.012207031, -0.8249512, 0.58203125
41.832,-0.025390625, -0.79418945, 0.5761719
41.853,0.023925781, -0.82299805, 0.5830078
41.874,0.04663086, -0.82373047, 0.60839844
41.895,0.052001953, -0.81689453, 0.61450195
41.917,0.07348633, -0.79418945, 0.58691406
41.938,0.0847168, -0.7844238, 0.5605469
41.959,0.07470703, -0.77856445, 0.5629883
41.980,0.072753906, -0.7590332, 0.5827637
42.001,0.07836914, -0.7541504, 0.5805664
42.023,0.061035156, -0.77001953, 0.5917969
42.044,0.02734375, -0.795166, 0.62841797
42.065,-0.0056152344, -0.79467773, 0.6027832
42.086,-0.01171875, -0.82006836, 0.609375
42.107,0.015380859, -0.8432617, 0.58374023
42.129,0.06640625, -0.8642578, 0.54248047
42.150,0.0871582, -0.8881836, 0.5722656
42.171,0.08081055, -0.87231445, 0.5842285
42.192,0.061523438, -0.84887695, 0.6191406
42.213,0.05444336, -0.7998047, 0.6159668
42.234,0.04736328, -0.8166504, 0.6201172
42.255,0.040039062, -0.8300781, 0.6035156
42.276,0.040771484, -0.81225586, 0.56884766
42.297,0.01977539, -0.78759766, 0.5595703
42.318,-0.028808594, -0.77441406, 0.58813477
42.340,-0.045410156, -0.7919922, 0.63183594
42.361,-0.025634766, -0.80615234, 0.66381836
42.382,-0.1315918, -0.720459, 0.6682129
42.403,-0.17114258, -0.69921875, 0.67163086
42.424,-0.1459961, -0.720459, 0.66259766
42.445,-0.083496094, -0.7705078, 0.6586914
42.466,-0.005859375, -0.79345703, 0.61694336
42.488,-0.106933594, -0.82373047, 0.6862793
42.509,-0.029541016, -0.82421875, 0.6442871
42.530,0.01928711, -0.7922363, 0.6015625
42.551,0.004638672, -0.7529297, 0.5427246
42.572,0.048095703, -0.76660156, 0.49682617
42.593,0.018310547, -0.7697754, 0.5373535
42.614,-0.06689453, -0.77001953, 0.6682129
42.635,-0.103271484, -0.7873535, 0.6750488
42.656,-0.14794922, -0.73291016, 0.7138672
42.678,-0.125, -0.7651367, 0.7158203
42.699,-0.12231445, -0.73950195, 0.6796875
42.720,-0.05834961, -0.8046875, 0.6801758
42.741,-0.026367188, -0.7871094, 0.63256836
42.763,-0.057617188, -0.751709, 0.6413574
42.784,-0.01953125, -0.8076172, 0.61865234
42.805,0.022460938, -0.7939453, 0.60839844
42.826,-0.0017089844, -0.8273926, 0.6323242
42.848,0.02368164, -0.77905273, 0.59375
42.869,-0.0107421875, -0.8029785, 0.5949707
42.890,-0.067871094, -0.7817383, 0.64160156
42.911,-0.13793945, -0.76904297, 0.64160156
42.933,-0.13769531, -0.77368164, 0.6328125
42.954,-0.12011719, -0.7780762, 0.6281738
42.975,-0.088134766, -0.78759766, 0.6184082
42.996,-0.055664062, -0.7998047, 0.60424805
43.012,-0.026855469, -0.78100586, 0.6320801
43.028,-0.052734375, -0.7907715, 0.67578125
43.044,-0.05126953, -0.76464844, 0.6340332
43.060,-0.046875, -0.7944336, 0.6303711
43.076,-0.05493164, -0.7885742, 0.61279297
43.092,-0.048339844, -0.8083496, 0.6328125
43.109,-0.064697266, -0.79345703, 0.63134766
43.125,-0.084228516, -0.7949219, 0.62280273
43.141,-0.103515625, -0.8149414, 0.62158203
43.157,-0.07885742, -0.81469727, 0.6164551
43.173,-0.039794922, -0.82714844, 0.61816406
43.189,-0.0068359375, -0.82910156, 0.6357422
43.205,-0.03515625, -0.8190918, 0.6464844
43.222,-0.057373047, -0.81811523, 0.6608887
43.238,-0.23046875, -0.7585449, 0.68774414
43.254,-0.23291016, -0.7072754, 0.62524414
43.270,-0.1953125, -0.7585449, 0.6184082
43.286,-0.13964844, -0.7583008, 0.60961914
43.302,-0.072021484, -0.7709961, 0.5666504
