Time(Seconds),Length(Seconds),Label(string),Confidence(double),Comment(string)
1.47453535610795,0.826176036896318,baby_cry,0.588426291942596,
2.53337806816051,1.91686579551847,baby_cry,0.588426291942596,
5.096,0.999463194808248,baby_cry,0.588426291942596,
6.382,1.17275035272018,baby_cry,0.588426291942596,
7.789,1.95254256332387,baby_cry,0.588426291942596,
10.09,0.770112544630693,baby_cry,0.588426291942596,
11.139,1.65183837753552,baby_cry,0.588426291942596,
13.13,0.663082241214499,baby_cry,0.588426291942596,
14.0060331888494,0.561148618913365,baby_cry,0.588426291942596,
14.7441298699645,0.586632024488649,baby_cry,0.588426291942596,
15.6084083715767,0.790499269090921,baby_cry,0.588426291942596,
16.648,0.749725820170466,baby_cry,0.588426291942596,
17.62,0.846562761356545,baby_cry,0.588426291942596,
18.72,0.928109659197455,baby_cry,0.588426291942596,
19.9348701300355,0.749725820170466,baby_cry,0.588426291942596,
20.979,0.749725820170466,baby_cry,0.588426291942596,
21.992,1.00965655703836,baby_cry,0.588426291942596,
23.26,0.989269832578135,baby_cry,0.588426291942596,
24.527,1.02494660038353,baby_cry,0.588426291942596,
25.942,1.04533332484376,baby_cry,0.588426291942596,
27.253,0.556051937798307,baby_cry,0.588426291942596,
28.073,0.484698402187513,baby_cry,0.588426291942596,
31.7404531021591,0.954129869964488,baby_cry,0.542279005050659,
33.0019090897514,1.91230591959517,baby_cry,0.528074979782104,
35.2985223652912,1.18980663776989,baby_cry,0.583233594894409,
36.7298253994531,0.58330158507813,baby_cry,0.583233594894409,
37.5235382415412,0.58330158507813,baby_cry,0.583233594894409,
38.382,0.58330158507813,baby_cry,0.583233594894409,
39.191,1.0470995665483,baby_cry,0.583233594894409,
40.55,1.05729292877841,baby_cry,0.583233594894409,
42.017,0.812652235255686,baby_cry,0.583233594894409,
43.183,0.776975467450289,baby_cry,0.583233594894409,
44.329,0.613881671768471,baby_cry,0.583233594894409,
45.317,0.746395380759947,baby_cry,0.583233594894409,
48.1,1.35290043345171,baby_cry,0.583233594894409,
50.7380750339986,2.15290043345172,baby_cry,0.693504333496094,
53.6334227987429,1.37328715791193,baby_cry,0.504006028175354,
55.4725526687074,1,baby_cry,0.626770436763763,
56.7676464643892,0.633038959715911,baby_cry,0.626770436763763,
59.1506464643892,0.689102451981535,baby_cry,0.549947440624237,
60.087,1.10703030341619,baby_cry,0.549947440624237,
61.564,1.17328715791193,baby_cry,0.549947440624237,
72.0907431455043,1.2,baby_cry,0.592553853988647,
73.852,1.18084271205256,baby_cry,0.50631844997406,
75.3048124086364,0.673812408636364,baby_cry,0.610098481178284,
76.4558095232031,0.821616160973012,baby_cry,0.514813363552094,
77.5149365077344,1.66748629100853,baby_cry,0.546966254711151,
79.5846464643892,0.795953820333816,baby_cry,0.546966254711151,
80.573,1.23936507734376,baby_cry,0.546966254711151,
82.135,0.90298412375001,baby_cry,0.546966254711151,
83.387,0.525829721235806,baby_cry,0.546966254711151,
85.968,0.791036074282671,baby_cry,0.57056325674057,
86.9919249660014,0.72987590090199,baby_cry,0.57056325674057,
87.9331630588139,1.14006926313211,baby_cry,0.621644854545593,
89.6577128420881,1.31722366564631,baby_cry,0.572672605514526,
91.3354747492756,0.598591628423302,baby_cry,0.572672605514526,
92.175,0.562914860617905,baby_cry,0.572672605514526,
93.0420216471165,1.7198614737358,baby_cry,0.572672605514526,
95.224,1.4242539690625,baby_cry,0.572672605514526,
96.995,0.720911975184666,baby_cry,0.572672605514526,
98.008,0.527238092812508,baby_cry,0.572672605514526,
98.807,0.731105337414778,baby_cry,0.572672605514526,
99.841,1.7899855728338,baby_cry,0.500647783279419,
102.191,1.01529004334517,baby_cry,0.500647783279419,
