Time (seconds), Duration (seconds),pred_unlabelled,pred_touch
0.00000,0.69300,0.99808,0.00192
0.14600,0.69300,0.99797,0.00203
0.28300,0.70600,0.99861,0.00139
0.42500,0.70800,0.99779,0.00221
0.56600,0.70900,0.99796,0.00204
0.70700,0.71300,0.99749,0.00251
0.85600,0.69000,0.99824,0.00176
1.00100,0.68700,0.99469,0.00531
1.14700,0.68700,0.99924,0.00076
1.28900,0.69100,0.98548,0.01452
1.43300,0.68200,0.74645,0.25355
1.55800,0.70500,0.06810,0.93190
1.70000,0.70500,0.00476,0.99524
1.85100,0.69800,0.00062,0.99938
1.99400,0.70000,0.00057,0.99943
2.13000,0.71700,0.00071,0.99929
2.27800,0.71300,0.00090,0.99910
2.41800,0.71700,0.00060,0.99940
2.56300,0.71400,0.00071,0.99929
2.70800,0.71100,0.00057,0.99943
2.86000,0.69700,0.00053,0.99947
3.00700,0.67700,0.00063,0.99937
3.15000,0.66400,0.00060,0.99940
3.29100,0.66400,0.00063,0.99937
3.43500,0.66400,0.00075,0.99925
3.57100,0.67200,0.00041,0.99959
3.69700,0.68500,0.00070,0.99930
3.82600,0.69800,0.00050,0.99950
3.97000,0.70000,0.00057,0.99943
4.11500,0.70600,0.00046,0.99954
4.25800,0.70400,0.00081,0.99919
4.39500,0.70700,0.00040,0.99960
4.53700,0.70700,0.00048,0.99952
4.68500,0.70800,0.00048,0.99952
4.83500,0.70600,0.00055,0.99945
4.97500,0.70200,0.00069,0.99931
5.11700,0.69000,0.00044,0.99956
5.25800,0.67600,0.00079,0.99921
5.40500,0.67600,0.00053,0.99947
5.55400,0.66900,0.00073,0.99927
5.69000,0.68100,0.00051,0.99949
5.81900,0.70100,0.00050,0.99950
5.94700,0.71900,0.00071,0.99929
6.09400,0.71900,0.00052,0.99948
6.24000,0.71700,0.00059,0.99941
6.38400,0.71600,0.00066,0.99934
6.53400,0.72000,0.00064,0.99936
6.68100,0.71900,0.00056,0.99944
6.82600,0.71400,0.00065,0.99935
6.97100,0.72000,0.00058,0.99942
7.11500,0.71800,0.00063,0.99937
7.26800,0.69800,0.00056,0.99944
7.41300,0.68300,0.00070,0.99930
7.55600,0.68100,0.00081,0.99919
7.70700,0.68000,0.00063,0.99937
7.84700,0.67900,0.00104,0.99896
7.97900,0.69400,0.00091,0.99909
8.11000,0.71000,0.00091,0.99909
8.25200,0.71400,0.00057,0.99943
8.40200,0.71000,0.00084,0.99916
8.54000,0.71600,0.00062,0.99938
8.69000,0.70900,0.00058,0.99942
8.83300,0.71100,0.00066,0.99934
8.98100,0.71400,0.00072,0.99928
9.12600,0.71100,0.00057,0.99943
9.27000,0.70800,0.00083,0.99917
9.41500,0.70200,0.00064,0.99936
9.56100,0.68200,0.00047,0.99953
9.70900,0.67200,0.00056,0.99944
9.85000,0.67800,0.00064,0.99936
9.99400,0.67900,0.00043,0.99957
10.12900,0.68800,0.00081,0.99919
10.25500,0.70000,0.00060,0.99940
10.39500,0.70300,0.00072,0.99928
10.54300,0.69900,0.00072,0.99928
10.68600,0.70100,0.00060,0.99940
10.83100,0.71200,0.00062,0.99938
10.96900,0.71600,0.00065,0.99935
11.11300,0.72200,0.00039,0.99961
11.25700,0.72400,0.00042,0.99958
11.40500,0.71400,0.00051,0.99949
11.55700,0.70800,0.00052,0.99948
11.70000,0.69000,0.00048,0.99952
11.84800,0.68000,0.00050,0.99950
11.99400,0.67600,0.00062,0.99938
12.13500,0.67800,0.00058,0.99942
12.27700,0.67800,0.00063,0.99937
12.40200,0.69900,0.00053,0.99947
12.54300,0.71400,0.00083,0.99917
12.68400,0.72200,0.00069,0.99931
12.82700,0.72900,0.00050,0.99950
12.97100,0.73200,0.00054,0.99946
13.11600,0.72900,0.00090,0.99910
13.27400,0.71900,0.00080,0.99920
13.42100,0.71800,0.00069,0.99931
13.57100,0.71500,0.00054,0.99946
13.71800,0.70200,0.00070,0.99930
13.85800,0.68200,0.00071,0.99929
14.00700,0.67900,0.00053,0.99947
14.15500,0.67700,0.00069,0.99931
14.29900,0.67600,0.00069,0.99931
14.43000,0.68800,0.00064,0.99936
14.55300,0.70800,0.00064,0.99936
14.70200,0.71300,0.00076,0.99924
14.84500,0.72300,0.00071,0.99929
14.98800,0.73400,0.00054,0.99946
15.13100,0.74100,0.00056,0.99944
15.27700,0.75100,0.00070,0.99930
15.43100,0.74400,0.00051,0.99949
15.58400,0.74700,0.00057,0.99943
15.73600,0.74600,0.00045,0.99955
15.88500,0.73300,0.00035,0.99965
16.04300,0.70100,0.00073,0.99927
16.19100,0.70700,0.00050,0.99950
16.34700,0.70000,0.00056,0.99944
16.49800,0.70700,0.00078,0.99922
16.63000,0.72100,0.00046,0.99954
16.75900,0.74500,0.00090,0.99910
16.91200,0.74500,0.00071,0.99929
17.06300,0.75500,0.00059,0.99941
17.21800,0.75000,0.00069,0.99931
17.36600,0.74600,0.00054,0.99946
17.52000,0.74300,0.00070,0.99930
17.67400,0.73400,0.00051,0.99949
17.83200,0.73300,0.00071,0.99929
17.98100,0.73400,0.00049,0.99951
18.12900,0.71600,0.00089,0.99911
18.27800,0.71000,0.00075,0.99925
18.42200,0.72200,0.00062,0.99938
18.58100,0.71500,0.00065,0.99935
18.72900,0.72100,0.00060,0.99940
18.85800,0.74300,0.00056,0.99944
19.00500,0.73300,0.00063,0.99937
19.15900,0.71300,0.00093,0.99907
19.31000,0.70900,0.00067,0.99933
19.46500,0.70100,0.00062,0.99938
19.61500,0.69600,0.00065,0.99935
19.75000,0.71700,0.00076,0.99924
19.88700,0.73900,0.00050,0.99950
20.03400,0.74500,0.00071,0.99929
20.18100,0.75000,0.00071,0.99929
20.32800,0.72900,0.00059,0.99941
20.48300,0.71800,0.00061,0.99939
20.64300,0.71000,0.00091,0.99909
20.79300,0.70800,0.00044,0.99956
20.94300,0.71600,0.00070,0.99930
21.06800,0.74100,0.00066,0.99934
21.21600,0.74800,0.00051,0.99949
21.36800,0.74500,0.00064,0.99936
21.51700,0.74800,0.00048,0.99952
21.67400,0.74700,0.00055,0.99945
21.82600,0.74100,0.00078,0.99922
21.97800,0.73300,0.00064,0.99936
22.12800,0.73500,0.00061,0.99939
22.28100,0.73900,0.00060,0.99940
22.43600,0.71900,0.00091,0.99909
22.57900,0.71300,0.00095,0.99905
22.72600,0.71700,0.00069,0.99931
22.88000,0.71900,0.00098,0.99902
23.03600,0.71400,0.00063,0.99937
23.16800,0.73700,0.00067,0.99933
23.30500,0.75000,0.00095,0.99905
23.45900,0.74600,0.00063,0.99937
23.61500,0.74500,0.00059,0.99941
23.76500,0.75200,0.00078,0.99922
23.92200,0.73400,0.00065,0.99935
24.07200,0.72500,0.00071,0.99929
24.22200,0.71800,0.00072,0.99928
24.37500,0.71200,0.00082,0.99918
24.53200,0.70000,0.00070,0.99930
24.67000,0.68600,0.00052,0.99948
24.80900,0.69000,0.00055,0.99945
24.95600,0.70100,0.00049,0.99951
25.10000,0.70500,0.00037,0.99963
25.24700,0.71000,0.00053,0.99947
25.36800,0.74400,0.00070,0.99930
25.51400,0.75500,0.00060,0.99940
25.67400,0.75200,0.00068,0.99932
25.81900,0.76200,0.00092,0.99908
25.97300,0.76400,0.00110,0.99890
26.12800,0.76300,0.00069,0.99931
26.28400,0.76100,0.00088,0.99912
26.44200,0.74700,0.00092,0.99908
26.59600,0.73700,0.00102,0.99898
26.75300,0.71800,0.00097,0.99903
26.90800,0.69000,0.00123,0.99877
27.05900,0.69400,0.00160,0.99840
27.20300,0.71000,0.00093,0.99907
27.34900,0.71400,0.00110,0.99890
27.48300,0.72600,0.00087,0.99913
27.61200,0.74900,0.00089,0.99911
27.76800,0.74900,0.00058,0.99942
27.93000,0.74600,0.00125,0.99875
28.07700,0.75300,0.00081,0.99919
28.22300,0.76100,0.00077,0.99923
28.37800,0.76400,0.00093,0.99907
28.53500,0.75500,0.00078,0.99922
28.69000,0.74500,0.00110,0.99890
28.84600,0.74600,0.00105,0.99895
29.00100,0.71600,0.00129,0.99871
29.15600,0.71000,0.00148,0.99852
29.30300,0.71200,0.00116,0.99884
29.45200,0.71900,0.00081,0.99919
29.60300,0.71800,0.00121,0.99879
29.72900,0.73600,0.00106,0.99894
29.88200,0.73100,0.00076,0.99924
30.03200,0.73200,0.00075,0.99925
30.18700,0.73200,0.00098,0.99902
30.33400,0.74000,0.00110,0.99890
30.47800,0.75300,0.00102,0.99898
30.62900,0.75500,0.00106,0.99894
30.78000,0.75900,0.00062,0.99938
30.93400,0.75400,0.00092,0.99908
31.09000,0.73000,0.00087,0.99913
31.24600,0.70600,0.00071,0.99929
31.40000,0.70100,0.00087,0.99913
31.55400,0.70500,0.00065,0.99935
31.70500,0.70900,0.00080,0.99920
31.83100,0.73400,0.00086,0.99914
31.96700,0.75600,0.00070,0.99930
32.11600,0.75400,0.00093,0.99907
32.27300,0.73800,0.00109,0.99891
32.43100,0.72800,0.00134,0.99866
32.58000,0.73100,0.00093,0.99907
32.73900,0.72100,0.00098,0.99902
32.88400,0.72400,0.00092,0.99908
33.02700,0.72900,0.00062,0.99938
33.17400,0.72700,0.00062,0.99938
33.32500,0.69400,0.00120,0.99880
33.47300,0.69200,0.00102,0.99898
33.62300,0.69200,0.00120,0.99880
33.77100,0.68900,0.00123,0.99877
33.91300,0.69700,0.00111,0.99889
34.03300,0.73200,0.00104,0.99896
34.18200,0.73500,0.00116,0.99884
34.32800,0.74900,0.00067,0.99933
34.47500,0.75900,0.00086,0.99914
34.62500,0.75400,0.00091,0.99909
34.77900,0.75100,0.00076,0.99924
34.93300,0.75100,0.00103,0.99897
35.09100,0.75100,0.00103,0.99897
35.24800,0.74500,0.00069,0.99931
35.39400,0.73000,0.00113,0.99887
35.54600,0.70500,0.00053,0.99947
35.69900,0.70100,0.00055,0.99945
35.85600,0.69300,0.00074,0.99926
36.00700,0.69100,0.00070,0.99930
36.13700,0.71400,0.00120,0.99880
36.26500,0.73500,0.00103,0.99897
36.41300,0.74000,0.00123,0.99877
36.56300,0.74500,0.00150,0.99850
36.71500,0.73800,0.00085,0.99915
36.86700,0.74100,0.00070,0.99930
37.01500,0.75200,0.00070,0.99930
37.16800,0.75500,0.00078,0.99922
37.32300,0.74500,0.00068,0.99932
37.46900,0.74700,0.00055,0.99945
37.62300,0.71600,0.00098,0.99902
37.78300,0.68800,0.00057,0.99943
37.93700,0.68200,0.00097,0.99903
38.08100,0.69000,0.00120,0.99880
38.23200,0.68800,0.00106,0.99894
38.35200,0.71700,0.00105,0.99895
38.48500,0.73900,0.00113,0.99887
38.63200,0.74900,0.00109,0.99891
38.78500,0.74300,0.00075,0.99925
38.93400,0.74600,0.00117,0.99883
39.08500,0.74900,0.00143,0.99857
39.24100,0.75100,0.00090,0.99910
39.39700,0.74900,0.00099,0.99901
39.54300,0.76100,0.00097,0.99904
39.69500,0.75400,0.00122,0.99878
39.84900,0.72700,0.00114,0.99886
40.00700,0.71600,0.00115,0.99885
40.16400,0.71300,0.00129,0.99871
40.32000,0.69900,0.00120,0.99880
40.46100,0.71000,0.00123,0.99877
40.59000,0.72900,0.00098,0.99902
40.73800,0.73600,0.00082,0.99918
40.89100,0.73400,0.00051,0.99949
41.03500,0.74500,0.00080,0.99920
41.18500,0.75200,0.00076,0.99924
41.33500,0.75000,0.00090,0.99910
41.48900,0.75300,0.00098,0.99902
41.63800,0.76000,0.00068,0.99932
41.79600,0.75000,0.00105,0.99895
41.95000,0.72600,0.00096,0.99904
42.10100,0.71200,0.00110,0.99890
42.25600,0.70400,0.00106,0.99894
42.41400,0.69900,0.00085,0.99915
42.56200,0.70800,0.00114,0.99886
42.68800,0.73000,0.00088,0.99912
42.82900,0.74200,0.00072,0.99928
42.97600,0.74800,0.00097,0.99903
43.12900,0.75400,0.00118,0.99882
43.28400,0.75000,0.00129,0.99871
43.43200,0.74900,0.00103,0.99897
43.58600,0.74900,0.00084,0.99916
43.74000,0.74500,0.00082,0.99918
43.90000,0.74600,0.00113,0.99887
44.04900,0.74300,0.00112,0.99888
44.19400,0.72600,0.00100,0.99900
44.34800,0.72400,0.00113,0.99887
44.50200,0.72000,0.00118,0.99882
44.66300,0.70500,0.00092,0.99908
44.80300,0.71400,0.00105,0.99895
44.93300,0.73600,0.00090,0.99910
45.08800,0.73500,0.00147,0.99853
45.23700,0.74000,0.00076,0.99924
45.38200,0.75000,0.00107,0.99893
45.53200,0.75600,0.00195,0.99805
45.68300,0.76600,0.00150,0.99850
45.83800,0.76000,0.00128,0.99872
45.99000,0.76700,0.00121,0.99879
46.14900,0.76800,0.00095,0.99905
46.30200,0.74400,0.00116,0.99884
46.46600,0.71900,0.00111,0.99889
46.61600,0.72100,0.00085,0.99915
46.77100,0.72400,0.00084,0.99916
46.93100,0.71800,0.00140,0.99860
47.05800,0.74700,0.00106,0.99894
47.20100,0.76300,0.00140,0.99860
47.35200,0.75800,0.00103,0.99897
47.50900,0.75000,0.00093,0.99907
47.66200,0.74900,0.00125,0.99875
47.82100,0.75100,0.00100,0.99900
47.97800,0.74900,0.00087,0.99913
48.12300,0.75900,0.00115,0.99885
48.27300,0.76300,0.00119,0.99881
48.42700,0.73600,0.00104,0.99896
48.58700,0.71000,0.00110,0.99890
48.74100,0.70800,0.00118,0.99882
48.89600,0.70300,0.00096,0.99904
49.05000,0.69500,0.00120,0.99880
49.17700,0.71900,0.00087,0.99913
49.31200,0.72900,0.00106,0.99894
49.46400,0.72400,0.00087,0.99913
49.61500,0.72800,0.00115,0.99885
49.75900,0.73400,0.00081,0.99919
49.91100,0.73800,0.00104,0.99896
50.05400,0.74800,0.00110,0.99890
50.20400,0.75000,0.00096,0.99904
50.35900,0.74800,0.00127,0.99873
50.50800,0.74800,0.00083,0.99917
50.66600,0.71400,0.00090,0.99910
50.81600,0.70500,0.00139,0.99861
50.97000,0.70100,0.00089,0.99911
51.12200,0.69200,0.00110,0.99890
51.27000,0.70200,0.00098,0.99902
51.39300,0.72400,0.00090,0.99910
51.53300,0.73300,0.00115,0.99885
51.68500,0.73400,0.00104,0.99896
51.82900,0.74200,0.00129,0.99871
51.98800,0.73900,0.00098,0.99902
52.13100,0.74400,0.00148,0.99852
52.28100,0.74300,0.00117,0.99883
52.43600,0.73600,0.00126,0.99874
52.58700,0.73500,0.00140,0.99860
52.74500,0.71700,0.00139,0.99861
52.88900,0.70000,0.00161,0.99839
53.03700,0.70200,0.00141,0.99859
53.18900,0.70700,0.00122,0.99878
53.33500,0.70700,0.00109,0.99891
53.47400,0.71500,0.00118,0.99882
53.60200,0.73600,0.00126,0.99874
53.75500,0.71900,0.00083,0.99917
53.90900,0.72000,0.00169,0.99831
54.05600,0.72100,0.00157,0.99843
54.20300,0.73300,0.00122,0.99878
54.35100,0.73900,0.00120,0.99880
54.49000,0.75700,0.00102,0.99898
54.64200,0.75300,0.00093,0.99907
54.79300,0.74700,0.00098,0.99902
54.95100,0.72500,0.00084,0.99916
55.10300,0.70200,0.00103,0.99897
55.26300,0.69600,0.00134,0.99866
55.40800,0.69800,0.00176,0.99824
55.55700,0.70400,0.00153,0.99847
55.69000,0.72600,0.00140,0.99860
55.82000,0.74600,0.00147,0.99853
55.97400,0.74300,0.00127,0.99873
56.12100,0.74700,0.00082,0.99918
56.27600,0.74400,0.00123,0.99877
56.43400,0.73600,0.00142,0.99858
56.58100,0.74300,0.00128,0.99872
56.73200,0.74200,0.00148,0.99852
56.88200,0.73100,0.00154,0.99846
57.03600,0.70800,0.00177,0.99823
57.18600,0.67800,0.00190,0.99810
57.33900,0.65600,0.00254,0.99746
57.48800,0.64300,0.00136,0.99864
57.62600,0.63900,0.00128,0.99872
57.75600,0.66000,0.00126,0.99874
57.87500,0.69800,0.00199,0.99801
58.00800,0.72400,0.00092,0.99908
58.14400,0.74200,0.00157,0.99843
58.28000,0.75100,0.00116,0.99884
58.43200,0.73900,0.00087,0.99913
58.58800,0.72900,0.00086,0.99914
58.74800,0.71100,0.00099,0.99901
58.90200,0.70500,0.00151,0.99849
59.04600,0.71200,0.00123,0.99877
59.18700,0.72300,0.00137,0.99863
59.32900,0.70600,0.00094,0.99906
59.47500,0.71500,0.00141,0.99859
59.62200,0.71100,0.00139,0.99861
59.77300,0.71700,0.00132,0.99868
59.92400,0.70700,0.00184,0.99816
60.04700,0.73200,0.00099,0.99901
60.20400,0.72600,0.00205,0.99795
60.35000,0.73300,0.00164,0.99836
60.50400,0.72100,0.00154,0.99846
60.64500,0.73700,0.00174,0.99826
60.79500,0.73900,0.00155,0.99845
60.94400,0.74900,0.00189,0.99811
61.09700,0.74500,0.00136,0.99864
61.24000,0.76100,0.00148,0.99852
61.39900,0.73400,0.00159,0.99841
61.54900,0.70900,0.00197,0.99803
61.70800,0.69800,0.00158,0.99842
61.85900,0.69600,0.00150,0.99850
62.01800,0.69400,0.00185,0.99815
62.14500,0.72400,0.00170,0.99830
62.27100,0.75300,0.00154,0.99846
62.42100,0.75000,0.00183,0.99817
62.57000,0.74300,0.00140,0.99860
62.72800,0.73600,0.00201,0.99799
62.88300,0.73000,0.00140,0.99860
63.04000,0.72700,0.00233,0.99767
63.18500,0.73600,0.00303,0.99697
63.32800,0.74700,0.14415,0.85585
63.48000,0.75200,0.86939,0.13061
63.63000,0.72700,0.99385,0.00615
63.78300,0.71200,0.99630,0.00370
63.93500,0.70200,0.98580,0.01420
64.08800,0.69701,0.99486,0.00514
64.24500,0.69800,0.88530,0.11470
64.36900,0.72500,0.17470,0.82530
64.51000,0.73500,0.01398,0.98602
64.65100,0.74300,0.00194,0.99806
64.80400,0.74700,0.00227,0.99773
64.95600,0.74700,0.00205,0.99795
65.11000,0.74600,0.00191,0.99809
65.26100,0.74500,0.00229,0.99771
65.40900,0.74500,0.00191,0.99809
65.56800,0.73900,0.00140,0.99860
65.71900,0.71900,0.00144,0.99856
65.87300,0.69200,0.00185,0.99815
66.02000,0.68700,0.00184,0.99816
66.16800,0.68400,0.00157,0.99843
66.32000,0.68400,0.00182,0.99818
66.44900,0.70400,0.00183,0.99817
66.57900,0.72200,0.00153,0.99847
66.72000,0.73300,0.00139,0.99861
66.86700,0.73600,0.00126,0.99874
67.01800,0.73500,0.00151,0.99849
67.16700,0.73700,0.00170,0.99830
67.31700,0.74600,0.00231,0.99769
67.46800,0.75100,0.00283,0.99717
67.61800,0.75800,0.00180,0.99820
67.76800,0.75200,0.00285,0.99715
67.91800,0.73200,0.00179,0.99821
68.08000,0.70000,0.00211,0.99789
68.23400,0.69500,0.00204,0.99796
68.39200,0.68700,0.00161,0.99839
68.53400,0.69400,0.00190,0.99810
68.66200,0.71700,0.00182,0.99818
68.79400,0.73800,0.00183,0.99817
68.94500,0.74000,0.00171,0.99829
69.09300,0.74300,0.00221,0.99779
69.24300,0.74700,0.00167,0.99833
69.39400,0.75700,0.00160,0.99840
69.54600,0.75200,0.00163,0.99837
69.70200,0.73900,0.00159,0.99841
69.85200,0.73600,0.00170,0.99830
70.00600,0.73100,0.00211,0.99789
70.16500,0.69600,0.00174,0.99826
70.31200,0.69501,0.00192,0.99808
70.45500,0.70900,0.00177,0.99823
70.60400,0.70800,0.00172,0.99828
70.74900,0.70600,0.00217,0.99783
70.87500,0.72400,0.00186,0.99813
71.02300,0.72900,0.00209,0.99791
71.17900,0.72400,0.00151,0.99849
71.32600,0.72601,0.00141,0.99859
71.47000,0.73400,0.00154,0.99846
71.61400,0.74100,0.00167,0.99833
71.76500,0.73600,0.00221,0.99779
71.91600,0.73600,0.00180,0.99820
72.06700,0.73900,0.00252,0.99748
72.21800,0.72700,0.00203,0.99797
72.37000,0.70200,0.00245,0.99755
72.51500,0.70200,0.00185,0.99815
72.67000,0.68700,0.00194,0.99806
72.82300,0.67300,0.00232,0.99768
72.95700,0.68700,0.00217,0.99783
