Time (seconds), Duration (seconds),pred_unlabelled,pred_down,pred_up
0.00000,0.52194,1.00000,0.00000,0.00000
0.07000,0.52194,1.00000,0.00000,0.00000
0.14000,0.52194,1.00000,0.00000,0.00000
0.21000,0.52194,0.99995,0.00004,0.00001
0.28000,0.52194,0.99991,0.00008,0.00001
0.35000,0.52194,0.99935,0.00065,0.00001
0.42000,0.52194,0.99570,0.00430,0.00001
0.49000,0.52194,0.99591,0.00409,0.00000
0.56000,0.52194,0.99964,0.00036,0.00000
0.63000,0.52194,0.99998,0.00002,0.00000
0.70000,0.52194,0.99997,0.00003,0.00000
0.77000,0.52194,0.99998,0.00002,0.00000
0.84000,0.52194,0.99999,0.00001,0.00000
0.91000,0.52194,1.00000,0.00000,0.00000
0.98000,0.52194,0.99999,0.00001,0.00000
1.05000,0.52194,1.00000,0.00000,0.00000
1.12000,0.52194,1.00000,0.00000,0.00000
1.19000,0.52194,1.00000,0.00000,0.00000
1.26000,0.52194,1.00000,0.00000,0.00000
1.33000,0.52194,1.00000,0.00000,0.00000
1.40000,0.52194,1.00000,0.00000,0.00000
1.47000,0.52194,1.00000,0.00000,0.00000
1.54000,0.52194,1.00000,0.00000,0.00000
1.61000,0.52194,1.00000,0.00000,0.00000
1.68000,0.52194,1.00000,0.00000,0.00000
1.75000,0.52194,1.00000,0.00000,0.00000
1.82000,0.52194,1.00000,0.00000,0.00000
1.89000,0.52194,1.00000,0.00000,0.00000
1.96000,0.52194,1.00000,0.00000,0.00000
2.03000,0.52194,1.00000,0.00000,0.00000
2.10000,0.52194,0.99994,0.00000,0.00006
2.17000,0.52194,0.99954,0.00000,0.00046
2.24000,0.52194,0.99675,0.00009,0.00316
2.31000,0.52194,0.43273,0.00120,0.56607
2.38000,0.52194,0.41436,0.00183,0.58381
2.45000,0.52194,0.99507,0.00351,0.00142
2.52000,0.52194,0.99950,0.00030,0.00020
2.59000,0.52194,0.99955,0.00039,0.00006
2.66000,0.52194,1.00000,0.00000,0.00000
2.73000,0.52194,1.00000,0.00000,0.00000
2.80000,0.52194,1.00000,0.00000,0.00000
2.87000,0.52194,0.99997,0.00002,0.00001
2.94000,0.52194,1.00000,0.00000,0.00000
3.01000,0.52194,0.99994,0.00006,0.00000
3.08000,0.52194,0.99975,0.00025,0.00000
3.15000,0.52194,0.99999,0.00001,0.00000
3.22000,0.52194,1.00000,0.00000,0.00000
3.29000,0.52194,1.00000,0.00000,0.00000
3.36000,0.52194,0.99975,0.00025,0.00000
3.43000,0.52194,0.99879,0.00121,0.00000
3.50000,0.52194,0.99999,0.00001,0.00000
3.57000,0.52194,1.00000,0.00000,0.00000
3.64000,0.52194,1.00000,0.00000,0.00000
3.71000,0.52194,1.00000,0.00000,0.00000
3.78000,0.52194,1.00000,0.00000,0.00000
3.85000,0.52194,1.00000,0.00000,0.00000
3.92000,0.52194,1.00000,0.00000,0.00000
3.99000,0.52194,1.00000,0.00000,0.00000
4.06000,0.52194,1.00000,0.00000,0.00000
4.13000,0.52194,1.00000,0.00000,0.00000
4.20000,0.52194,1.00000,0.00000,0.00000
4.27000,0.52194,1.00000,0.00000,0.00000
4.34000,0.52194,1.00000,0.00000,0.00000
4.41000,0.52194,1.00000,0.00000,0.00000
4.48000,0.52194,1.00000,0.00000,0.00000
4.55000,0.52194,1.00000,0.00000,0.00000
4.62000,0.52194,1.00000,0.00000,0.00000
4.69000,0.52194,1.00000,0.00000,0.00000
4.76000,0.52194,1.00000,0.00000,0.00000
4.83000,0.52194,1.00000,0.00000,0.00000
4.90000,0.52194,1.00000,0.00000,0.00000
4.97000,0.52194,1.00000,0.00000,0.00000
5.04000,0.52194,1.00000,0.00000,0.00000
5.11000,0.52194,1.00000,0.00000,0.00000
5.18000,0.52194,1.00000,0.00000,0.00000
5.25000,0.52194,1.00000,0.00000,0.00000
5.32000,0.52194,1.00000,0.00000,0.00000
5.39000,0.52194,1.00000,0.00000,0.00000
5.46000,0.52194,1.00000,0.00000,0.00000
5.53000,0.52194,1.00000,0.00000,0.00000
5.60000,0.52194,1.00000,0.00000,0.00000
5.67000,0.52194,1.00000,0.00000,0.00000
5.74000,0.52194,1.00000,0.00000,0.00000
5.81000,0.52194,1.00000,0.00000,0.00000
5.88000,0.52194,1.00000,0.00000,0.00000
5.95000,0.52194,1.00000,0.00000,0.00000
6.02000,0.52194,1.00000,0.00000,0.00000
6.09000,0.52194,1.00000,0.00000,0.00000
6.16000,0.52194,1.00000,0.00000,0.00000
6.23000,0.52194,0.99999,0.00000,0.00000
6.30000,0.52194,1.00000,0.00000,0.00000
6.37000,0.52194,0.99994,0.00000,0.00006
6.44000,0.52194,0.99998,0.00000,0.00002
6.51000,0.52194,0.99973,0.00019,0.00008
6.58000,0.52194,0.99998,0.00000,0.00002
6.65000,0.52194,0.99994,0.00003,0.00003
6.72000,0.52194,0.99861,0.00131,0.00008
6.79000,0.52194,0.99986,0.00013,0.00001
6.86000,0.52194,0.99994,0.00004,0.00001
6.93000,0.52194,0.99539,0.00458,0.00003
7.00000,0.52194,0.99810,0.00186,0.00003
7.07000,0.52194,0.99990,0.00006,0.00004
7.14000,0.52194,0.99963,0.00031,0.00005
7.21000,0.52194,0.99905,0.00091,0.00003
7.28000,0.52194,0.99983,0.00015,0.00003
7.35000,0.52194,0.99976,0.00023,0.00001
7.42000,0.52194,0.99888,0.00110,0.00001
7.49000,0.52194,0.97617,0.02382,0.00001
7.56000,0.52194,0.95802,0.04196,0.00002
7.63000,0.52194,0.97340,0.02658,0.00002
7.70000,0.52194,0.84278,0.15721,0.00002
7.77000,0.52194,0.91356,0.08643,0.00001
7.84000,0.52194,0.99164,0.00835,0.00001
7.91000,0.52194,0.98088,0.01911,0.00001
7.98000,0.52194,0.99086,0.00914,0.00001
8.05000,0.52194,0.99239,0.00761,0.00001
8.12000,0.52194,0.99847,0.00152,0.00000
8.19000,0.52194,0.99986,0.00013,0.00000
8.26000,0.52194,0.99997,0.00003,0.00000
8.33000,0.52194,1.00000,0.00000,0.00000
8.40000,0.52194,1.00000,0.00000,0.00000
8.47000,0.52194,1.00000,0.00000,0.00000
8.54000,0.52194,1.00000,0.00000,0.00000
8.61000,0.52194,1.00000,0.00000,0.00000
8.68000,0.52194,1.00000,0.00000,0.00000
8.75000,0.52194,0.99999,0.00001,0.00000
8.82000,0.52194,0.99999,0.00001,0.00000
8.89000,0.52194,1.00000,0.00000,0.00000
8.96000,0.52194,1.00000,0.00000,0.00000
9.03000,0.52194,1.00000,0.00000,0.00000
9.10000,0.52194,1.00000,0.00000,0.00000
9.17000,0.52194,1.00000,0.00000,0.00000
9.24000,0.52194,1.00000,0.00000,0.00000
9.31000,0.52194,1.00000,0.00000,0.00000
9.38000,0.52194,1.00000,0.00000,0.00000
9.45000,0.52194,1.00000,0.00000,0.00000
9.52000,0.52194,1.00000,0.00000,0.00000
9.59000,0.52194,1.00000,0.00000,0.00000
9.66000,0.52194,1.00000,0.00000,0.00000
9.73000,0.52194,1.00000,0.00000,0.00000
9.80000,0.52194,1.00000,0.00000,0.00000
9.87000,0.52194,1.00000,0.00000,0.00000
9.94000,0.52194,1.00000,0.00000,0.00000
10.01000,0.52194,1.00000,0.00000,0.00000
10.08000,0.52194,1.00000,0.00000,0.00000
10.15000,0.52194,1.00000,0.00000,0.00000
10.22000,0.52194,1.00000,0.00000,0.00000
10.29000,0.52194,1.00000,0.00000,0.00000
10.36000,0.52194,1.00000,0.00000,0.00000
10.43000,0.52194,1.00000,0.00000,0.00000
10.50000,0.52194,1.00000,0.00000,0.00000
10.57000,0.52194,0.99996,0.00000,0.00004
10.64000,0.52194,0.99979,0.00000,0.00021
10.71000,0.52194,0.99311,0.00000,0.00689
10.78000,0.52194,0.61382,0.00003,0.38615
10.85000,0.52194,0.79718,0.00019,0.20263
10.92000,0.52194,0.95548,0.01985,0.02467
10.99000,0.52194,0.90640,0.09351,0.00010
11.06000,0.52194,0.91663,0.08336,0.00001
11.13000,0.52194,0.99781,0.00217,0.00002
11.20000,0.52194,0.99999,0.00001,0.00000
11.27000,0.52194,0.99999,0.00001,0.00000
11.34000,0.52194,1.00000,0.00000,0.00000
11.41000,0.52194,1.00000,0.00000,0.00000
11.48000,0.52194,1.00000,0.00000,0.00000
11.55000,0.52194,1.00000,0.00000,0.00000
11.62000,0.52194,1.00000,0.00000,0.00000
11.69000,0.52194,1.00000,0.00000,0.00000
11.76000,0.52194,1.00000,0.00000,0.00000
11.83000,0.52194,1.00000,0.00000,0.00000
11.90000,0.52194,1.00000,0.00000,0.00000
11.97000,0.52194,1.00000,0.00000,0.00000
12.04000,0.52194,1.00000,0.00000,0.00000
12.11000,0.52194,1.00000,0.00000,0.00000
12.18000,0.52194,1.00000,0.00000,0.00000
12.25000,0.52194,1.00000,0.00000,0.00000
12.32000,0.52194,1.00000,0.00000,0.00000
12.39000,0.52194,1.00000,0.00000,0.00000
12.46000,0.52194,0.99999,0.00000,0.00001
12.53000,0.52194,1.00000,0.00000,0.00000
12.60000,0.52194,1.00000,0.00000,0.00000
12.67000,0.52194,0.99999,0.00001,0.00000
12.74000,0.52194,0.22504,0.77440,0.00056
12.81000,0.52194,0.92349,0.07640,0.00012
12.88000,0.52194,0.99943,0.00057,0.00000
12.95000,0.52194,0.99972,0.00024,0.00004
13.02000,0.52194,0.99977,0.00021,0.00002
13.09000,0.52194,1.00000,0.00000,0.00000
13.16000,0.52194,1.00000,0.00000,0.00000
13.23000,0.52194,1.00000,0.00000,0.00000
13.30000,0.52194,1.00000,0.00000,0.00000
13.37000,0.52194,1.00000,0.00000,0.00000
13.44000,0.52194,1.00000,0.00000,0.00000
13.51000,0.52194,1.00000,0.00000,0.00000
13.58000,0.52194,1.00000,0.00000,0.00000
13.65000,0.52194,1.00000,0.00000,0.00000
13.72000,0.52194,1.00000,0.00000,0.00000
13.79000,0.52194,1.00000,0.00000,0.00000
13.86000,0.52194,1.00000,0.00000,0.00000
13.93000,0.52194,1.00000,0.00000,0.00000
14.00000,0.52194,1.00000,0.00000,0.00000
14.07000,0.52194,1.00000,0.00000,0.00000
14.14000,0.52194,1.00000,0.00000,0.00000
14.21000,0.52194,1.00000,0.00000,0.00000
14.28000,0.52194,1.00000,0.00000,0.00000
14.35000,0.52194,1.00000,0.00000,0.00000
14.42000,0.52194,1.00000,0.00000,0.00000
14.49000,0.52194,1.00000,0.00000,0.00000
14.56000,0.52194,1.00000,0.00000,0.00000
14.63000,0.52194,1.00000,0.00000,0.00000
14.70000,0.52194,1.00000,0.00000,0.00000
14.77000,0.52194,1.00000,0.00000,0.00000
14.84000,0.52194,1.00000,0.00000,0.00000
14.91000,0.52194,1.00000,0.00000,0.00000
14.98000,0.52194,1.00000,0.00000,0.00000
15.05000,0.52194,1.00000,0.00000,0.00000
15.12000,0.52194,0.99999,0.00000,0.00001
15.19000,0.52194,0.99986,0.00000,0.00014
15.26000,0.52194,0.99968,0.00001,0.00031
15.33000,0.52194,0.99255,0.00015,0.00730
15.40000,0.52194,0.99186,0.00028,0.00786
15.47000,0.52194,0.99988,0.00011,0.00001
15.54000,0.52194,0.99940,0.00048,0.00013
15.61000,0.52194,0.99996,0.00003,0.00002
15.68000,0.52194,1.00000,0.00000,0.00000
15.75000,0.52194,0.99999,0.00000,0.00000
15.82000,0.52194,0.97688,0.02311,0.00002
15.89000,0.52194,0.96947,0.03053,0.00000
15.96000,0.52194,0.99967,0.00033,0.00000
16.03000,0.52194,1.00000,0.00000,0.00000
16.10000,0.52194,1.00000,0.00000,0.00000
16.17000,0.52194,1.00000,0.00000,0.00000
16.24000,0.52194,1.00000,0.00000,0.00000
16.31000,0.52194,1.00000,0.00000,0.00000
16.38000,0.52194,1.00000,0.00000,0.00000
16.45000,0.52194,1.00000,0.00000,0.00000
16.52000,0.52194,1.00000,0.00000,0.00000
16.59000,0.52194,1.00000,0.00000,0.00000
16.66000,0.52194,1.00000,0.00000,0.00000
16.73000,0.52194,1.00000,0.00000,0.00000
16.80000,0.52194,1.00000,0.00000,0.00000
16.87000,0.52194,1.00000,0.00000,0.00000
16.94000,0.52194,1.00000,0.00000,0.00000
17.01000,0.52194,1.00000,0.00000,0.00000
17.08000,0.52194,1.00000,0.00000,0.00000
17.15000,0.52194,1.00000,0.00000,0.00000
17.22000,0.52194,1.00000,0.00000,0.00000
17.29000,0.52194,1.00000,0.00000,0.00000
17.36000,0.52194,1.00000,0.00000,0.00000
17.43000,0.52194,1.00000,0.00000,0.00000
17.50000,0.52194,1.00000,0.00000,0.00000
17.57000,0.52194,1.00000,0.00000,0.00000
17.64000,0.52194,1.00000,0.00000,0.00000
17.71000,0.52194,1.00000,0.00000,0.00000
17.78000,0.52194,1.00000,0.00000,0.00000
17.85000,0.52194,1.00000,0.00000,0.00000
17.92000,0.52194,1.00000,0.00000,0.00000
17.99000,0.52194,1.00000,0.00000,0.00000
18.06000,0.52194,1.00000,0.00000,0.00000
18.13000,0.52194,1.00000,0.00000,0.00000
18.20000,0.52194,1.00000,0.00000,0.00000
18.27000,0.52194,1.00000,0.00000,0.00000
18.34000,0.52194,1.00000,0.00000,0.00000
18.41000,0.52194,1.00000,0.00000,0.00000
18.48000,0.52194,1.00000,0.00000,0.00000
18.55000,0.52194,1.00000,0.00000,0.00000
18.62000,0.52194,1.00000,0.00000,0.00000
18.69000,0.52194,1.00000,0.00000,0.00000
18.76000,0.52194,1.00000,0.00000,0.00000
18.83000,0.52194,1.00000,0.00000,0.00000
18.90000,0.52194,1.00000,0.00000,0.00000
18.97000,0.52194,1.00000,0.00000,0.00000
19.04000,0.52194,1.00000,0.00000,0.00000
19.11000,0.52194,1.00000,0.00000,0.00000
19.18000,0.52194,1.00000,0.00000,0.00000
19.25000,0.52194,1.00000,0.00000,0.00000
19.32000,0.52194,0.99999,0.00000,0.00001
19.39000,0.52194,1.00000,0.00000,0.00000
19.46000,0.52194,1.00000,0.00000,0.00000
19.53000,0.52194,0.99988,0.00009,0.00002
19.60000,0.52194,0.99999,0.00000,0.00001
19.67000,0.52194,1.00000,0.00000,0.00000
19.74000,0.52194,0.99996,0.00004,0.00000
19.81000,0.52194,1.00000,0.00000,0.00000
19.88000,0.52194,1.00000,0.00000,0.00000
19.95000,0.52194,1.00000,0.00000,0.00000
20.02000,0.52194,1.00000,0.00000,0.00000
20.09000,0.52194,1.00000,0.00000,0.00000
20.16000,0.52194,0.99996,0.00002,0.00002
20.23000,0.52194,0.99991,0.00000,0.00009
20.30000,0.52194,0.99994,0.00000,0.00006
20.37000,0.52194,0.99997,0.00001,0.00002
20.44000,0.52194,1.00000,0.00000,0.00000
20.51000,0.52194,1.00000,0.00000,0.00000
20.58000,0.52194,1.00000,0.00000,0.00000
20.65000,0.52194,1.00000,0.00000,0.00000
20.72000,0.52194,1.00000,0.00000,0.00000
20.79000,0.52194,1.00000,0.00000,0.00000
20.86000,0.52194,0.99999,0.00001,0.00000
20.93000,0.52194,0.99997,0.00003,0.00000
21.00000,0.52194,0.99998,0.00002,0.00001
21.07000,0.52194,0.99992,0.00007,0.00001
21.14000,0.52194,0.98809,0.01179,0.00012
21.21000,0.52194,0.95234,0.04706,0.00060
21.28000,0.52194,0.99975,0.00006,0.00018
21.35000,0.52194,0.99985,0.00007,0.00008
21.42000,0.52194,0.99931,0.00068,0.00001
21.49000,0.52194,0.99989,0.00011,0.00000
21.56000,0.52194,1.00000,0.00000,0.00000
21.63000,0.52194,1.00000,0.00000,0.00000
21.70000,0.52194,1.00000,0.00000,0.00000
21.77000,0.52194,0.99916,0.00000,0.00084
21.84000,0.52194,0.99998,0.00000,0.00002
21.91000,0.52194,1.00000,0.00000,0.00000
21.98000,0.52194,0.99999,0.00000,0.00001
22.05000,0.52194,0.98965,0.01024,0.00011
22.12000,0.52194,0.87283,0.12717,0.00000
22.19000,0.52194,0.99847,0.00152,0.00001
22.26000,0.52194,0.99317,0.00683,0.00000
22.33000,0.52194,0.99996,0.00004,0.00000
22.40000,0.52194,0.99996,0.00003,0.00001
22.47000,0.52194,0.99999,0.00000,0.00001
22.54000,0.52194,0.99953,0.00001,0.00046
22.61000,0.52194,0.99937,0.00029,0.00034
22.68000,0.52194,0.99407,0.00420,0.00172
22.75000,0.52194,0.96288,0.01339,0.02374
22.82000,0.52194,0.98051,0.01515,0.00434
22.89000,0.52194,0.99662,0.00321,0.00016
22.96000,0.52194,0.97161,0.02826,0.00013
23.03000,0.52194,0.99995,0.00004,0.00000
23.10000,0.52194,1.00000,0.00000,0.00000
23.17000,0.52194,0.99978,0.00022,0.00001
23.24000,0.52194,0.99695,0.00305,0.00000
23.31000,0.52194,0.99999,0.00001,0.00000
23.38000,0.52194,1.00000,0.00000,0.00000
23.45000,0.52194,1.00000,0.00000,0.00000
23.52000,0.52194,1.00000,0.00000,0.00000
23.59000,0.52194,0.99999,0.00001,0.00000
23.66000,0.52194,1.00000,0.00000,0.00000
23.73000,0.52194,1.00000,0.00000,0.00000
23.80000,0.52194,1.00000,0.00000,0.00000
23.87000,0.52194,1.00000,0.00000,0.00000
23.94000,0.52194,1.00000,0.00000,0.00000
24.01000,0.52194,1.00000,0.00000,0.00000
24.08000,0.52194,0.99986,0.00009,0.00004
24.15000,0.52194,0.99662,0.00337,0.00002
24.22000,0.52194,0.99998,0.00000,0.00001
24.29000,0.52194,0.99999,0.00000,0.00001
24.36000,0.52194,0.99936,0.00058,0.00005
24.43000,0.52194,0.99995,0.00000,0.00005
24.50000,0.52194,0.99996,0.00000,0.00004
24.57000,0.52194,0.99995,0.00004,0.00001
24.64000,0.52194,0.99999,0.00000,0.00001
24.71000,0.52194,0.99997,0.00000,0.00003
24.78000,0.52194,0.99922,0.00078,0.00001
24.85000,0.52194,1.00000,0.00000,0.00000
24.92000,0.52194,0.99999,0.00001,0.00000
24.99000,0.52194,0.98528,0.01472,0.00000
25.06000,0.52194,0.99969,0.00031,0.00000
25.13000,0.52194,0.99965,0.00035,0.00000
25.20000,0.52194,0.99961,0.00039,0.00000
25.27000,0.52194,0.99965,0.00035,0.00000
25.34000,0.52194,0.99960,0.00040,0.00000
25.41000,0.52194,0.99941,0.00059,0.00000
25.48000,0.52194,0.99998,0.00002,0.00000
25.55000,0.52194,1.00000,0.00000,0.00000
25.62000,0.52194,0.99997,0.00002,0.00000
25.69000,0.52194,0.99999,0.00000,0.00001
25.76000,0.52194,0.99998,0.00000,0.00002
25.83000,0.52194,0.99983,0.00002,0.00015
25.90000,0.52194,0.99879,0.00120,0.00001
25.97000,0.52194,0.99999,0.00001,0.00001
26.04000,0.52194,0.99991,0.00004,0.00004
26.11000,0.52194,0.99996,0.00004,0.00000
26.18000,0.52194,0.99999,0.00000,0.00001
26.25000,0.52194,0.99998,0.00000,0.00002
26.32000,0.52194,0.99998,0.00000,0.00002
26.39000,0.52194,1.00000,0.00000,0.00000
26.46000,0.52194,0.99999,0.00000,0.00001
26.53000,0.52194,0.99990,0.00010,0.00000
26.60000,0.52194,1.00000,0.00000,0.00000
26.67000,0.52194,0.99661,0.00339,0.00000
26.74000,0.52194,0.98179,0.01821,0.00000
26.81000,0.52194,0.99848,0.00152,0.00000
26.88000,0.52194,0.99887,0.00113,0.00000
26.95000,0.52194,0.99933,0.00067,0.00000
27.02000,0.52194,0.99985,0.00015,0.00000
27.09000,0.52194,0.99997,0.00003,0.00000
27.16000,0.52194,0.99999,0.00001,0.00000
27.23000,0.52194,1.00000,0.00000,0.00000
27.30000,0.52194,1.00000,0.00000,0.00000
27.37000,0.52194,0.99999,0.00001,0.00001
27.44000,0.52194,0.99999,0.00000,0.00001
27.51000,0.52194,0.99996,0.00002,0.00002
27.58000,0.52194,0.99388,0.00602,0.00010
27.65000,0.52194,0.99998,0.00001,0.00001
27.72000,0.52194,0.99995,0.00001,0.00004
27.79000,0.52194,0.99860,0.00131,0.00010
27.86000,0.52194,0.99996,0.00001,0.00003
27.93000,0.52194,0.99984,0.00000,0.00016
28.00000,0.52194,0.99930,0.00061,0.00009
28.07000,0.52194,1.00000,0.00000,0.00000
28.14000,0.52194,1.00000,0.00000,0.00000
28.21000,0.52194,0.99860,0.00140,0.00000
28.28000,0.52194,0.99998,0.00002,0.00000
28.35000,0.52194,0.99895,0.00105,0.00000
28.42000,0.52194,0.97303,0.02697,0.00000
28.49000,0.52194,0.99855,0.00145,0.00000
28.56000,0.52194,0.99936,0.00064,0.00000
28.63000,0.52194,0.99938,0.00062,0.00000
28.70000,0.52194,0.99878,0.00122,0.00000
28.77000,0.52194,0.99993,0.00007,0.00000
28.84000,0.52194,0.99999,0.00001,0.00000
28.91000,0.52194,0.99998,0.00002,0.00001
28.98000,0.52194,0.99998,0.00000,0.00001
29.05000,0.52194,0.99995,0.00000,0.00005
29.12000,0.52194,0.99823,0.00000,0.00177
29.19000,0.52194,0.99982,0.00003,0.00016
29.26000,0.52194,0.99998,0.00000,0.00002
29.33000,0.52194,0.99975,0.00000,0.00025
29.40000,0.52194,0.99924,0.00003,0.00073
29.47000,0.52194,0.99955,0.00000,0.00045
29.54000,0.52194,0.99914,0.00001,0.00085
29.61000,0.52194,0.99906,0.00001,0.00093
29.68000,0.52194,0.99998,0.00000,0.00002
29.75000,0.52194,0.99847,0.00151,0.00002
29.82000,0.52194,0.99997,0.00003,0.00000
29.89000,0.52194,1.00000,0.00000,0.00000
29.96000,0.52194,0.97216,0.02784,0.00000
30.03000,0.52194,0.99988,0.00012,0.00000
30.10000,0.52194,0.99999,0.00001,0.00000
30.17000,0.52194,0.99999,0.00001,0.00000
30.24000,0.52194,1.00000,0.00000,0.00000
30.31000,0.52194,1.00000,0.00000,0.00000
30.38000,0.52194,1.00000,0.00000,0.00000
30.45000,0.52194,1.00000,0.00000,0.00000
30.52000,0.52194,1.00000,0.00000,0.00000
30.59000,0.52194,1.00000,0.00000,0.00000
30.66000,0.52194,1.00000,0.00000,0.00000
30.73000,0.52194,1.00000,0.00000,0.00000
30.80000,0.52194,1.00000,0.00000,0.00000
30.87000,0.52194,1.00000,0.00000,0.00000
30.94000,0.52194,1.00000,0.00000,0.00000
31.01000,0.52194,1.00000,0.00000,0.00000
31.08000,0.52194,1.00000,0.00000,0.00000
31.15000,0.52194,1.00000,0.00000,0.00000
31.22000,0.52194,1.00000,0.00000,0.00000
31.29000,0.52194,1.00000,0.00000,0.00000
31.36000,0.52194,1.00000,0.00000,0.00000
31.43000,0.52194,1.00000,0.00000,0.00000
31.50000,0.52194,1.00000,0.00000,0.00000
31.57000,0.52194,1.00000,0.00000,0.00000
31.64000,0.52194,1.00000,0.00000,0.00000
31.71000,0.52194,1.00000,0.00000,0.00000
31.78000,0.52194,0.99999,0.00001,0.00000
31.85000,0.52194,0.99998,0.00002,0.00000
31.92000,0.52194,0.99978,0.00022,0.00000
31.99000,0.52194,0.99427,0.00572,0.00000
32.06000,0.52193,0.99904,0.00096,0.00000
32.13000,0.52194,0.99983,0.00016,0.00000
32.20000,0.52194,0.99988,0.00011,0.00000
32.27000,0.52194,0.99982,0.00017,0.00001
32.34000,0.52194,0.99987,0.00013,0.00000
32.41000,0.52194,0.99996,0.00004,0.00000
32.48000,0.52194,0.99981,0.00019,0.00000
32.55000,0.52194,0.99919,0.00081,0.00000
32.62000,0.52194,0.99978,0.00022,0.00000
32.69000,0.52194,0.99974,0.00026,0.00000
32.76000,0.52194,0.99953,0.00047,0.00000
32.83000,0.52193,0.99945,0.00055,0.00000
32.90000,0.52193,0.99976,0.00024,0.00000
32.97000,0.52193,0.99993,0.00007,0.00000
33.04000,0.52194,0.99998,0.00002,0.00000
33.11000,0.52194,0.99999,0.00001,0.00000
33.18000,0.52194,0.99999,0.00001,0.00000
33.25000,0.52194,1.00000,0.00000,0.00000
33.32000,0.52194,1.00000,0.00000,0.00000
33.39000,0.52194,1.00000,0.00000,0.00000
33.46000,0.52194,1.00000,0.00000,0.00000
33.53000,0.52194,1.00000,0.00000,0.00000
33.60000,0.52194,1.00000,0.00000,0.00000
33.67000,0.52194,0.99998,0.00001,0.00000
33.74000,0.52193,0.99995,0.00004,0.00000
33.81000,0.52193,0.99977,0.00023,0.00000
33.88000,0.52194,0.98857,0.01142,0.00000
33.95000,0.52194,0.99462,0.00538,0.00000
34.02000,0.52194,0.99960,0.00040,0.00000
34.09000,0.52194,0.99996,0.00004,0.00000
34.16000,0.52194,0.99997,0.00003,0.00000
34.23000,0.52194,0.99998,0.00002,0.00000
34.30000,0.52194,0.99999,0.00001,0.00000
34.37000,0.52194,1.00000,0.00000,0.00000
34.44000,0.52194,0.99993,0.00006,0.00000
34.51000,0.52194,0.99681,0.00319,0.00000
34.58000,0.52193,0.99982,0.00018,0.00000
34.65000,0.52193,0.99984,0.00015,0.00000
34.72000,0.52193,0.99642,0.00358,0.00000
34.79000,0.52194,0.99828,0.00172,0.00000
34.86000,0.52194,0.99908,0.00092,0.00000
34.93000,0.52194,0.99977,0.00022,0.00000
35.00000,0.52194,0.99921,0.00078,0.00000
35.07000,0.52194,0.99989,0.00011,0.00000
35.14000,0.52194,0.99998,0.00002,0.00000
35.21000,0.52194,0.99999,0.00000,0.00000
35.28000,0.52194,1.00000,0.00000,0.00000
35.35000,0.52194,1.00000,0.00000,0.00000
35.42000,0.52194,1.00000,0.00000,0.00000
35.49000,0.52193,1.00000,0.00000,0.00000
35.56000,0.52193,1.00000,0.00000,0.00000
35.63000,0.52194,1.00000,0.00000,0.00000
35.70000,0.52194,1.00000,0.00000,0.00000
35.77000,0.52194,1.00000,0.00000,0.00000
35.84000,0.52194,1.00000,0.00000,0.00000
35.91000,0.52194,0.99999,0.00001,0.00000
35.98000,0.52194,0.99996,0.00004,0.00000
36.05000,0.52194,0.99225,0.00775,0.00000
36.12000,0.52194,0.99661,0.00339,0.00000
36.19000,0.52194,0.99913,0.00087,0.00000
36.26000,0.52194,0.99983,0.00017,0.00000
36.33000,0.52193,0.99976,0.00024,0.00000
36.40000,0.52193,0.99992,0.00008,0.00000
36.47000,0.52193,0.99992,0.00008,0.00000
36.54000,0.52194,0.99997,0.00003,0.00000
36.61000,0.52194,0.99367,0.00633,0.00001
36.68000,0.52194,0.99599,0.00401,0.00000
36.75000,0.52194,0.99954,0.00046,0.00000
36.82000,0.52194,0.99934,0.00066,0.00000
36.89000,0.52194,0.99975,0.00025,0.00000
36.96000,0.52194,0.99996,0.00004,0.00000
37.03000,0.52194,0.99999,0.00001,0.00000
37.10000,0.52194,1.00000,0.00000,0.00000
37.17000,0.52194,1.00000,0.00000,0.00000
37.24000,0.52193,1.00000,0.00000,0.00000
37.31000,0.52193,1.00000,0.00000,0.00000
37.38000,0.52194,1.00000,0.00000,0.00000
37.45000,0.52194,1.00000,0.00000,0.00000
37.52000,0.52194,1.00000,0.00000,0.00000
37.59000,0.52194,1.00000,0.00000,0.00000
37.66000,0.52194,1.00000,0.00000,0.00000
37.73000,0.52194,1.00000,0.00000,0.00000
37.80000,0.52194,1.00000,0.00000,0.00000
37.87000,0.52194,1.00000,0.00000,0.00000
37.94000,0.52194,1.00000,0.00000,0.00000
38.01000,0.52194,0.99998,0.00002,0.00000
38.08000,0.52193,0.99993,0.00007,0.00000
38.15000,0.52193,0.98688,0.01312,0.00000
38.22000,0.52193,0.98928,0.01072,0.00000
38.29000,0.52194,0.99906,0.00094,0.00000
38.36000,0.52194,0.99983,0.00017,0.00000
38.43000,0.52194,0.99997,0.00003,0.00000
38.50000,0.52194,0.99995,0.00005,0.00000
38.57000,0.52194,0.99999,0.00001,0.00000
38.64000,0.52194,0.99999,0.00001,0.00000
38.71000,0.52194,0.99998,0.00001,0.00000
38.78000,0.52194,0.99879,0.00121,0.00000
38.85000,0.52194,0.99958,0.00041,0.00000
38.92000,0.52194,0.99991,0.00009,0.00000
38.99000,0.52193,0.99866,0.00134,0.00000
39.06000,0.52193,0.99990,0.00010,0.00000
39.13000,0.52194,0.99998,0.00002,0.00000
39.20000,0.52194,0.99999,0.00001,0.00000
39.27000,0.52194,1.00000,0.00000,0.00000
39.34000,0.52194,1.00000,0.00000,0.00000
39.41000,0.52194,1.00000,0.00000,0.00000
39.48000,0.52194,1.00000,0.00000,0.00000
39.55000,0.52194,1.00000,0.00000,0.00000
39.62000,0.52194,1.00000,0.00000,0.00000
39.69000,0.52194,1.00000,0.00000,0.00000
39.76000,0.52194,1.00000,0.00000,0.00000
39.83000,0.52193,1.00000,0.00000,0.00000
39.90000,0.52193,1.00000,0.00000,0.00000
39.97000,0.52193,1.00000,0.00000,0.00000
40.04000,0.52194,1.00000,0.00000,0.00000
40.11000,0.52194,1.00000,0.00000,0.00000
40.18000,0.52194,1.00000,0.00000,0.00000
40.25000,0.52194,1.00000,0.00000,0.00000
40.32000,0.52194,1.00000,0.00000,0.00000
40.39000,0.52194,1.00000,0.00000,0.00000
40.46000,0.52194,1.00000,0.00000,0.00000
40.53000,0.52194,1.00000,0.00000,0.00000
40.60000,0.52194,1.00000,0.00000,0.00000
40.67000,0.52194,1.00000,0.00000,0.00000
40.74000,0.52193,1.00000,0.00000,0.00000
40.81000,0.52193,1.00000,0.00000,0.00000
40.88000,0.52194,1.00000,0.00000,0.00000
40.95000,0.52194,1.00000,0.00000,0.00000
41.02000,0.52194,1.00000,0.00000,0.00000
41.09000,0.52194,1.00000,0.00000,0.00000
41.16000,0.52194,1.00000,0.00000,0.00000
41.23000,0.52194,1.00000,0.00000,0.00000
41.30000,0.52194,1.00000,0.00000,0.00000
41.37000,0.52194,1.00000,0.00000,0.00000
41.44000,0.52194,1.00000,0.00000,0.00000
41.51000,0.52194,0.99998,0.00002,0.00000
41.58000,0.52193,0.99984,0.00016,0.00000
41.65000,0.52193,0.99791,0.00208,0.00000
41.72000,0.52193,0.98472,0.01528,0.00000
41.79000,0.52194,0.99879,0.00121,0.00000
41.86000,0.52194,0.99970,0.00030,0.00000
41.93000,0.52194,0.99993,0.00007,0.00000
42.00000,0.52194,0.99994,0.00005,0.00000
42.07000,0.52194,0.99991,0.00009,0.00000
42.14000,0.52194,0.99997,0.00003,0.00000
42.21000,0.52194,0.99763,0.00236,0.00000
42.28000,0.52194,0.99212,0.00788,0.00000
42.35000,0.52194,0.99929,0.00071,0.00000
42.42000,0.52194,0.99951,0.00049,0.00000
42.49000,0.52193,0.99893,0.00107,0.00000
42.56000,0.52193,0.99940,0.00060,0.00000
42.63000,0.52194,0.99967,0.00033,0.00000
42.70000,0.52194,0.99994,0.00005,0.00000
42.77000,0.52194,0.99993,0.00007,0.00000
42.84000,0.52194,0.99998,0.00002,0.00000
42.91000,0.52194,1.00000,0.00000,0.00000
42.98000,0.52194,1.00000,0.00000,0.00000
43.05000,0.52194,1.00000,0.00000,0.00000
43.12000,0.52194,1.00000,0.00000,0.00000
43.19000,0.52194,1.00000,0.00000,0.00000
43.26000,0.52194,1.00000,0.00000,0.00000
43.33000,0.52193,1.00000,0.00000,0.00000
43.40000,0.52193,1.00000,0.00000,0.00000
43.47000,0.52193,1.00000,0.00000,0.00000
43.54000,0.52194,1.00000,0.00000,0.00000
43.61000,0.52194,1.00000,0.00000,0.00000
43.68000,0.52194,1.00000,0.00000,0.00000
43.75000,0.52194,1.00000,0.00000,0.00000
43.82000,0.52194,1.00000,0.00000,0.00000
43.89000,0.52194,0.99999,0.00001,0.00000
43.96000,0.52194,0.99997,0.00003,0.00000
44.03000,0.52194,0.99987,0.00012,0.00001
44.10000,0.52194,0.99388,0.00612,0.00001
44.17000,0.52194,0.99987,0.00013,0.00000
44.24000,0.52193,0.99962,0.00038,0.00000
44.31000,0.52193,0.99991,0.00009,0.00000
44.38000,0.52194,0.99999,0.00001,0.00000
44.45000,0.52194,0.99999,0.00000,0.00001
44.52000,0.52194,0.99978,0.00021,0.00001
44.59000,0.52194,0.99998,0.00001,0.00000
44.66000,0.52194,0.99998,0.00001,0.00000
44.73000,0.52194,0.99998,0.00002,0.00000
44.80000,0.52194,1.00000,0.00000,0.00000
44.87000,0.52194,1.00000,0.00000,0.00000
44.94000,0.52194,1.00000,0.00000,0.00000
45.01000,0.52194,1.00000,0.00000,0.00000
45.08000,0.52193,1.00000,0.00000,0.00000
45.15000,0.52193,0.99999,0.00000,0.00000
45.22000,0.52193,0.99800,0.00200,0.00000
45.29000,0.52194,0.99722,0.00278,0.00000
45.36000,0.52194,0.99991,0.00009,0.00000
45.43000,0.52194,0.99995,0.00005,0.00000
45.50000,0.52194,0.99999,0.00001,0.00000
45.57000,0.52194,1.00000,0.00000,0.00000
45.64000,0.52194,1.00000,0.00000,0.00000
45.71000,0.52194,1.00000,0.00000,0.00000
45.78000,0.52194,1.00000,0.00000,0.00000
45.85000,0.52194,1.00000,0.00000,0.00000
45.92000,0.52194,1.00000,0.00000,0.00000
45.99000,0.52193,1.00000,0.00000,0.00000
46.06000,0.52193,1.00000,0.00000,0.00000
46.13000,0.52194,1.00000,0.00000,0.00000
46.20000,0.52194,1.00000,0.00000,0.00000
46.27000,0.52194,1.00000,0.00000,0.00000
46.34000,0.52194,1.00000,0.00000,0.00000
46.41000,0.52194,1.00000,0.00000,0.00000
46.48000,0.52194,1.00000,0.00000,0.00000
46.55000,0.52194,1.00000,0.00000,0.00000
46.62000,0.52194,1.00000,0.00000,0.00000
46.69000,0.52194,1.00000,0.00000,0.00000
46.76000,0.52194,1.00000,0.00000,0.00000
46.83000,0.52193,1.00000,0.00000,0.00000
46.90000,0.52193,1.00000,0.00000,0.00000
46.97000,0.52193,1.00000,0.00000,0.00000
47.04000,0.52194,1.00000,0.00000,0.00000
47.11000,0.52194,1.00000,0.00000,0.00000
47.18000,0.52194,1.00000,0.00000,0.00000
47.25000,0.52194,1.00000,0.00000,0.00000
47.32000,0.52194,1.00000,0.00000,0.00000
47.39000,0.52194,1.00000,0.00000,0.00000
47.46000,0.52194,1.00000,0.00000,0.00000
47.53000,0.52194,1.00000,0.00000,0.00000
47.60000,0.52194,1.00000,0.00000,0.00000
47.67000,0.52194,1.00000,0.00000,0.00000
47.74000,0.52193,1.00000,0.00000,0.00000
47.81000,0.52193,1.00000,0.00000,0.00000
47.88000,0.52194,1.00000,0.00000,0.00000
47.95000,0.52194,1.00000,0.00000,0.00000
48.02000,0.52194,1.00000,0.00000,0.00000
48.09000,0.52194,1.00000,0.00000,0.00000
48.16000,0.52194,1.00000,0.00000,0.00000
48.23000,0.52194,1.00000,0.00000,0.00000
48.30000,0.52194,1.00000,0.00000,0.00000
48.37000,0.52194,1.00000,0.00000,0.00000
48.44000,0.52194,1.00000,0.00000,0.00000
48.51000,0.52194,1.00000,0.00000,0.00000
48.58000,0.52193,1.00000,0.00000,0.00000
48.65000,0.52193,1.00000,0.00000,0.00000
48.72000,0.52193,1.00000,0.00000,0.00000
48.79000,0.52194,1.00000,0.00000,0.00000
48.86000,0.52194,1.00000,0.00000,0.00000
48.93000,0.52194,1.00000,0.00000,0.00000
49.00000,0.52194,1.00000,0.00000,0.00000
49.07000,0.52194,1.00000,0.00000,0.00000
49.14000,0.52194,1.00000,0.00000,0.00000
49.21000,0.52194,1.00000,0.00000,0.00000
49.28000,0.52194,1.00000,0.00000,0.00000
49.35000,0.52194,1.00000,0.00000,0.00000
49.42000,0.52194,1.00000,0.00000,0.00000
49.49000,0.52193,1.00000,0.00000,0.00000
49.56000,0.52193,1.00000,0.00000,0.00000
49.63000,0.52194,1.00000,0.00000,0.00000
49.70000,0.52194,1.00000,0.00000,0.00000
49.77000,0.52194,1.00000,0.00000,0.00000
49.84000,0.52194,1.00000,0.00000,0.00000
49.91000,0.52194,1.00000,0.00000,0.00000
49.98000,0.52194,1.00000,0.00000,0.00000
50.05000,0.52194,1.00000,0.00000,0.00000
50.12000,0.52194,1.00000,0.00000,0.00000
50.19000,0.52194,1.00000,0.00000,0.00000
50.26000,0.52194,0.99999,0.00000,0.00001
50.33000,0.52193,0.99990,0.00000,0.00010
50.40000,0.52193,0.99939,0.00003,0.00058
50.47000,0.52193,0.99254,0.00103,0.00643
50.54000,0.52194,0.99527,0.00172,0.00300
50.61000,0.52194,0.99877,0.00088,0.00035
50.68000,0.52194,0.99972,0.00027,0.00001
50.75000,0.52194,0.99959,0.00040,0.00001
50.82000,0.52194,0.99999,0.00000,0.00001
50.89000,0.52194,1.00000,0.00000,0.00000
50.96000,0.52194,1.00000,0.00000,0.00000
51.03000,0.52194,0.99862,0.00137,0.00001
51.10000,0.52194,0.98632,0.01368,0.00000
51.17000,0.52194,0.99986,0.00014,0.00000
51.24000,0.52193,0.99849,0.00151,0.00000
51.31000,0.52193,0.99703,0.00297,0.00000
51.38000,0.52194,0.99861,0.00139,0.00000
51.45000,0.52194,0.99955,0.00045,0.00000
51.52000,0.52194,0.99996,0.00004,0.00000
51.59000,0.52194,0.99999,0.00001,0.00000
51.66000,0.52194,1.00000,0.00000,0.00000
51.73000,0.52194,1.00000,0.00000,0.00000
51.80000,0.52194,1.00000,0.00000,0.00000
51.87000,0.52194,1.00000,0.00000,0.00000
51.94000,0.52194,1.00000,0.00000,0.00000
52.01000,0.52194,1.00000,0.00000,0.00000
52.08000,0.52193,1.00000,0.00000,0.00000
52.15000,0.52193,0.99999,0.00001,0.00000
52.22000,0.52193,0.99975,0.00025,0.00000
52.29000,0.52194,0.99995,0.00005,0.00000
52.36000,0.52194,1.00000,0.00000,0.00000
52.43000,0.52194,1.00000,0.00000,0.00000
52.50000,0.52194,1.00000,0.00000,0.00000
52.57000,0.52194,1.00000,0.00000,0.00000
52.64000,0.52194,0.99965,0.00034,0.00001
52.71000,0.52194,0.97255,0.02745,0.00000
52.78000,0.52194,0.99963,0.00037,0.00000
52.85000,0.52194,0.99918,0.00082,0.00000
52.92000,0.52194,0.99870,0.00130,0.00000
52.99000,0.52193,0.99964,0.00036,0.00000
53.06000,0.52193,0.99984,0.00016,0.00000
53.13000,0.52194,0.99998,0.00002,0.00000
53.20000,0.52194,1.00000,0.00000,0.00000
53.27000,0.52194,1.00000,0.00000,0.00000
53.34000,0.52194,1.00000,0.00000,0.00000
53.41000,0.52194,1.00000,0.00000,0.00000
53.48000,0.52194,1.00000,0.00000,0.00000
53.55000,0.52194,1.00000,0.00000,0.00000
53.62000,0.52194,1.00000,0.00000,0.00000
53.69000,0.52194,1.00000,0.00000,0.00000
53.76000,0.52194,1.00000,0.00000,0.00000
53.83000,0.52193,0.99999,0.00000,0.00000
53.90000,0.52193,0.99998,0.00000,0.00001
53.97000,0.52193,0.99972,0.00004,0.00024
54.04000,0.52194,0.99938,0.00044,0.00018
54.11000,0.52194,0.99998,0.00001,0.00000
54.18000,0.52194,0.99992,0.00002,0.00007
54.25000,0.52194,0.99994,0.00003,0.00003
54.32000,0.52194,0.99999,0.00000,0.00001
54.39000,0.52194,0.99975,0.00005,0.00021
54.46000,0.52194,0.99999,0.00000,0.00001
54.53000,0.52194,0.99998,0.00000,0.00002
54.60000,0.52194,0.99988,0.00001,0.00010
54.67000,0.52194,0.99992,0.00000,0.00008
54.74000,0.52193,0.99994,0.00001,0.00005
54.81000,0.52193,0.99999,0.00000,0.00001
54.88000,0.52194,0.99995,0.00002,0.00003
54.95000,0.52194,0.99999,0.00001,0.00000
55.02000,0.52194,0.99990,0.00010,0.00000
55.09000,0.52194,0.99890,0.00110,0.00000
55.16000,0.52194,0.99994,0.00006,0.00000
55.23000,0.52194,0.99996,0.00004,0.00000
55.30000,0.52194,1.00000,0.00000,0.00000
55.37000,0.52194,1.00000,0.00000,0.00000
55.44000,0.52194,1.00000,0.00000,0.00000
55.51000,0.52194,1.00000,0.00000,0.00000
55.58000,0.52193,1.00000,0.00000,0.00000
55.65000,0.52193,0.99998,0.00000,0.00001
55.72000,0.52193,0.99996,0.00000,0.00004
55.79000,0.52194,0.99995,0.00000,0.00005
55.86000,0.52194,0.99987,0.00011,0.00003
55.93000,0.52194,0.99999,0.00000,0.00001
56.00000,0.52194,0.99981,0.00001,0.00018
56.07000,0.52194,1.00000,0.00000,0.00000
56.14000,0.52194,0.99979,0.00000,0.00021
56.21000,0.52194,0.99996,0.00003,0.00002
56.28000,0.52194,0.99992,0.00000,0.00008
56.35000,0.52194,0.99970,0.00027,0.00003
56.42000,0.52194,0.99999,0.00000,0.00001
56.49000,0.52193,0.99996,0.00000,0.00004
56.56000,0.52193,1.00000,0.00000,0.00000
56.63000,0.52194,0.99986,0.00012,0.00003
56.70000,0.52194,0.99998,0.00002,0.00000
56.77000,0.52194,0.99997,0.00003,0.00000
56.84000,0.52194,0.99517,0.00483,0.00000
56.91000,0.52194,0.99994,0.00006,0.00000
56.98000,0.52194,0.99996,0.00004,0.00000
57.05000,0.52194,0.99999,0.00001,0.00000
57.12000,0.52194,1.00000,0.00000,0.00000
57.19000,0.52194,1.00000,0.00000,0.00000
57.26000,0.52194,1.00000,0.00000,0.00000
57.33000,0.52193,1.00000,0.00000,0.00000
57.40000,0.52193,1.00000,0.00000,0.00000
57.47000,0.52193,1.00000,0.00000,0.00000
57.54000,0.52194,1.00000,0.00000,0.00000
57.61000,0.52194,1.00000,0.00000,0.00000
57.68000,0.52194,1.00000,0.00000,0.00000
57.75000,0.52194,1.00000,0.00000,0.00000
57.82000,0.52194,1.00000,0.00000,0.00000
57.89000,0.52194,1.00000,0.00000,0.00000
57.96000,0.52194,1.00000,0.00000,0.00000
58.03000,0.52194,1.00000,0.00000,0.00000
58.10000,0.52194,1.00000,0.00000,0.00000
58.17000,0.52194,1.00000,0.00000,0.00000
58.24000,0.52193,1.00000,0.00000,0.00000
58.31000,0.52193,1.00000,0.00000,0.00000
58.38000,0.52194,1.00000,0.00000,0.00000
58.45000,0.52194,1.00000,0.00000,0.00000
58.52000,0.52194,1.00000,0.00000,0.00000
58.59000,0.52194,1.00000,0.00000,0.00000
58.66000,0.52194,1.00000,0.00000,0.00000
58.73000,0.52194,1.00000,0.00000,0.00000
58.80000,0.52194,1.00000,0.00000,0.00000
58.87000,0.52194,1.00000,0.00000,0.00000
58.94000,0.52194,1.00000,0.00000,0.00000
59.01000,0.52194,1.00000,0.00000,0.00000
59.08000,0.52193,1.00000,0.00000,0.00000
59.15000,0.52193,1.00000,0.00000,0.00000
59.22000,0.52193,1.00000,0.00000,0.00000
59.29000,0.52194,1.00000,0.00000,0.00000
59.36000,0.52194,1.00000,0.00000,0.00000
59.43000,0.52194,1.00000,0.00000,0.00000
59.50000,0.52194,1.00000,0.00000,0.00000
59.57000,0.52194,1.00000,0.00000,0.00000
59.64000,0.52194,1.00000,0.00000,0.00000
59.71000,0.52194,1.00000,0.00000,0.00000
59.78000,0.52194,1.00000,0.00000,0.00000
59.85000,0.52194,1.00000,0.00000,0.00000
59.92000,0.52194,1.00000,0.00000,0.00000
59.99000,0.52193,1.00000,0.00000,0.00000
60.06000,0.52193,1.00000,0.00000,0.00000
60.13000,0.52194,1.00000,0.00000,0.00000
60.20000,0.52194,1.00000,0.00000,0.00000
60.27000,0.52194,1.00000,0.00000,0.00000
60.34000,0.52194,1.00000,0.00000,0.00000
60.41000,0.52194,1.00000,0.00000,0.00000
60.48000,0.52194,1.00000,0.00000,0.00000
60.55000,0.52194,1.00000,0.00000,0.00000
60.62000,0.52194,1.00000,0.00000,0.00000
60.69000,0.52194,1.00000,0.00000,0.00000
60.76000,0.52194,1.00000,0.00000,0.00000
60.83000,0.52193,1.00000,0.00000,0.00000
60.90000,0.52193,1.00000,0.00000,0.00000
60.97000,0.52193,1.00000,0.00000,0.00000
61.04000,0.52194,1.00000,0.00000,0.00000
61.11000,0.52194,1.00000,0.00000,0.00000
61.18000,0.52194,1.00000,0.00000,0.00000
61.25000,0.52194,1.00000,0.00000,0.00000
61.32000,0.52194,1.00000,0.00000,0.00000
61.39000,0.52194,1.00000,0.00000,0.00000
61.46000,0.52194,1.00000,0.00000,0.00000
61.53000,0.52194,1.00000,0.00000,0.00000
61.60000,0.52194,1.00000,0.00000,0.00000
61.67000,0.52194,1.00000,0.00000,0.00000
61.74000,0.52193,1.00000,0.00000,0.00000
61.81000,0.52193,1.00000,0.00000,0.00000
61.88000,0.52194,1.00000,0.00000,0.00000
61.95000,0.52194,1.00000,0.00000,0.00000
62.02000,0.52194,1.00000,0.00000,0.00000
62.09000,0.52194,1.00000,0.00000,0.00000
62.16000,0.52194,1.00000,0.00000,0.00000
62.23000,0.52194,1.00000,0.00000,0.00000
62.30000,0.52194,1.00000,0.00000,0.00000
62.37000,0.52194,1.00000,0.00000,0.00000
62.44000,0.52194,1.00000,0.00000,0.00000
62.51000,0.52194,1.00000,0.00000,0.00000
62.58000,0.52193,1.00000,0.00000,0.00000
62.65000,0.52193,1.00000,0.00000,0.00000
62.72000,0.52193,1.00000,0.00000,0.00000
62.79000,0.52194,1.00000,0.00000,0.00000
62.86000,0.52194,1.00000,0.00000,0.00000
62.93000,0.52194,0.99999,0.00000,0.00000
63.00000,0.52194,0.97140,0.02859,0.00000
63.07000,0.52194,0.99995,0.00005,0.00000
63.14000,0.52194,0.99999,0.00001,0.00000
63.21000,0.52194,0.99999,0.00000,0.00000
63.28000,0.52194,1.00000,0.00000,0.00000
63.35000,0.52194,1.00000,0.00000,0.00000
63.42000,0.52194,1.00000,0.00000,0.00000
63.49000,0.52194,1.00000,0.00000,0.00000
63.56000,0.52194,1.00000,0.00000,0.00000
63.63000,0.52194,1.00000,0.00000,0.00000
63.70000,0.52194,1.00000,0.00000,0.00000
63.77000,0.52194,1.00000,0.00000,0.00000
63.84000,0.52194,1.00000,0.00000,0.00000
63.91000,0.52194,1.00000,0.00000,0.00000
63.98000,0.52194,0.99999,0.00000,0.00001
64.05000,0.52193,0.99865,0.00000,0.00135
64.12000,0.52193,0.98772,0.00000,0.01228
64.19000,0.52193,0.03196,0.00000,0.96803
64.26000,0.52193,0.85755,0.00010,0.14235
64.33000,0.52193,0.98654,0.00054,0.01293
64.40000,0.52193,0.99924,0.00063,0.00012
64.47000,0.52193,0.99936,0.00064,0.00000
64.54000,0.52193,0.99999,0.00001,0.00000
64.61000,0.52193,1.00000,0.00000,0.00000
64.68000,0.52193,1.00000,0.00000,0.00000
64.75000,0.52193,1.00000,0.00000,0.00000
64.82000,0.52193,1.00000,0.00000,0.00000
64.89000,0.52193,1.00000,0.00000,0.00000
64.96000,0.52194,1.00000,0.00000,0.00000
65.03000,0.52194,1.00000,0.00000,0.00000
65.10000,0.52194,1.00000,0.00000,0.00000
65.17000,0.52194,1.00000,0.00000,0.00000
65.24000,0.52194,1.00000,0.00000,0.00000
65.31000,0.52194,1.00000,0.00000,0.00000
65.38000,0.52194,1.00000,0.00000,0.00000
65.45000,0.52194,0.99998,0.00000,0.00002
65.52000,0.52194,0.99701,0.00000,0.00299
65.59000,0.52194,0.84421,0.00000,0.15579
65.66000,0.52193,0.18702,0.00003,0.81295
65.73000,0.52193,0.88859,0.00367,0.10774
65.80000,0.52193,0.99808,0.00156,0.00036
65.87000,0.52193,0.99978,0.00021,0.00000
65.94000,0.52193,0.99930,0.00070,0.00000
66.01000,0.52193,0.99995,0.00005,0.00000
66.08000,0.52193,1.00000,0.00000,0.00000
66.15000,0.52193,1.00000,0.00000,0.00000
66.22000,0.52193,1.00000,0.00000,0.00000
66.29000,0.52193,1.00000,0.00000,0.00000
66.36000,0.52193,1.00000,0.00000,0.00000
66.43000,0.52193,1.00000,0.00000,0.00000
66.50000,0.52193,1.00000,0.00000,0.00000
66.57000,0.52193,1.00000,0.00000,0.00000
66.64000,0.52193,1.00000,0.00000,0.00000
66.71000,0.52194,1.00000,0.00000,0.00000
66.78000,0.52194,1.00000,0.00000,0.00000
66.85000,0.52194,1.00000,0.00000,0.00000
66.92000,0.52194,0.99996,0.00001,0.00004
66.99000,0.52194,0.99391,0.00004,0.00605
67.06000,0.52194,0.85148,0.00396,0.14456
67.13000,0.52194,0.91272,0.08197,0.00531
67.20000,0.52194,0.99925,0.00061,0.00014
67.27000,0.52194,0.99771,0.00222,0.00007
67.34000,0.52194,0.99745,0.00255,0.00000
67.41000,0.52193,0.99972,0.00028,0.00000
67.48000,0.52193,1.00000,0.00000,0.00000
67.55000,0.52193,1.00000,0.00000,0.00000
67.62000,0.52193,1.00000,0.00000,0.00000
67.69000,0.52193,1.00000,0.00000,0.00000
67.76000,0.52193,1.00000,0.00000,0.00000
67.83000,0.52193,1.00000,0.00000,0.00000
67.90000,0.52193,1.00000,0.00000,0.00000
67.97000,0.52193,1.00000,0.00000,0.00000
68.04000,0.52193,1.00000,0.00000,0.00000
68.11000,0.52193,1.00000,0.00000,0.00000
68.18000,0.52193,1.00000,0.00000,0.00000
68.25000,0.52193,1.00000,0.00000,0.00000
