Time (seconds), Duration (seconds),pred_unlabelled,pred_Air,pred_Floor,pred_Carpet
0.00000,2.02194,0.99386,0.00155,0.00071,0.00387
0.10000,2.02194,0.99401,0.00149,0.00069,0.00381
0.20000,2.02194,0.99388,0.00156,0.00071,0.00385
0.30000,2.02194,0.99364,0.00170,0.00074,0.00392
0.40000,2.02194,0.99403,0.00127,0.00070,0.00401
0.50000,2.02194,0.99419,0.00114,0.00065,0.00401
0.60000,2.02194,0.99400,0.00129,0.00069,0.00402
0.70000,2.02194,0.99408,0.00132,0.00068,0.00392
0.80000,2.02194,0.99418,0.00130,0.00068,0.00384
0.90000,2.02194,0.99420,0.00127,0.00067,0.00385
1.00000,2.02194,0.99417,0.00128,0.00070,0.00385
1.10000,2.02194,0.99412,0.00128,0.00070,0.00390
1.20000,2.02194,0.99404,0.00131,0.00073,0.00392
1.30000,2.02194,0.99372,0.00167,0.00053,0.00408
1.40000,2.02194,0.99457,0.00126,0.00067,0.00350
1.50000,2.02194,0.99749,0.00050,0.00027,0.00174
1.60000,2.02194,0.99870,0.00026,0.00013,0.00092
1.70000,2.02194,0.99891,0.00021,0.00011,0.00076
1.80000,2.02194,0.99886,0.00023,0.00013,0.00078
1.90000,2.02194,0.99816,0.00035,0.00021,0.00128
2.00000,2.02194,0.99765,0.00039,0.00025,0.00172
2.10000,2.02194,0.99630,0.00046,0.00031,0.00293
2.20000,2.02194,0.99463,0.00053,0.00037,0.00447
2.30000,2.02194,0.99085,0.00068,0.00045,0.00802
2.40000,2.02194,0.98582,0.00083,0.00056,0.01280
2.50000,2.02194,0.97281,0.00114,0.00073,0.02532
2.60000,2.02194,0.95501,0.00119,0.00091,0.04289
2.70000,2.02194,0.91316,0.00140,0.00135,0.08410
2.80000,2.02194,0.87467,0.00142,0.00206,0.12185
2.90000,2.02194,0.77803,0.00176,0.00306,0.21715
3.00000,2.02194,0.67365,0.00170,0.00390,0.32075
3.10000,2.02194,0.51330,0.00170,0.00493,0.48006
3.20000,2.02194,0.37352,0.00142,0.00651,0.61854
3.30000,2.02194,0.23187,0.00104,0.00597,0.76112
3.40000,2.02194,0.11409,0.00086,0.00494,0.88011
3.50000,2.02194,0.03247,0.00069,0.00435,0.96249
3.60000,2.02194,0.01033,0.00047,0.00356,0.98564
3.70000,2.02194,0.00535,0.00034,0.00298,0.99133
3.80000,2.02194,0.00336,0.00023,0.00181,0.99460
3.90000,2.02194,0.00247,0.00016,0.00135,0.99603
4.00000,2.02194,0.00201,0.00014,0.00110,0.99675
4.10000,2.02194,0.00167,0.00014,0.00107,0.99711
4.20000,2.02194,0.00149,0.00012,0.00090,0.99749
4.30000,2.02194,0.00136,0.00012,0.00094,0.99758
4.40000,2.02194,0.00143,0.00012,0.00092,0.99752
4.50000,2.02194,0.00153,0.00012,0.00090,0.99745
4.60000,2.02194,0.00180,0.00014,0.00091,0.99715
4.70000,2.02194,0.00194,0.00016,0.00070,0.99720
4.80000,2.02194,0.00219,0.00018,0.00050,0.99713
4.90000,2.02194,0.00221,0.00020,0.00041,0.99719
5.00000,2.02194,0.00263,0.00023,0.00033,0.99681
5.10000,2.02194,0.00259,0.00029,0.00028,0.99683
5.20000,2.02194,0.00316,0.00035,0.00023,0.99627
5.30000,2.02194,0.00335,0.00043,0.00026,0.99596
5.40000,2.02194,0.00373,0.00054,0.00024,0.99549
5.50000,2.02194,0.00348,0.00062,0.00024,0.99566
5.60000,2.02194,0.00388,0.00071,0.00025,0.99516
5.70000,2.02194,0.00391,0.00081,0.00025,0.99502
5.80000,2.02194,0.00485,0.00098,0.00026,0.99391
5.90000,2.02194,0.00517,0.00107,0.00024,0.99352
6.00000,2.02194,0.00629,0.00134,0.00029,0.99208
6.10000,2.02194,0.00641,0.00156,0.00032,0.99171
6.20000,2.02194,0.00719,0.00171,0.00032,0.99079
6.30000,2.02194,0.00711,0.00198,0.00034,0.99056
6.40000,2.02194,0.00816,0.00216,0.00036,0.98932
6.50000,2.02194,0.00779,0.00228,0.00038,0.98955
6.60000,2.02194,0.00757,0.00230,0.00046,0.98968
6.70000,2.02194,0.00725,0.00210,0.00057,0.99007
6.80000,2.02194,0.00570,0.00199,0.00058,0.99173
6.90000,2.02194,0.00578,0.00186,0.00061,0.99175
7.00000,2.02194,0.00508,0.00160,0.00073,0.99258
7.10000,2.02194,0.00431,0.00122,0.00057,0.99390
7.20000,2.02194,0.00389,0.00113,0.00063,0.99435
7.30000,2.02194,0.00353,0.00096,0.00064,0.99487
7.40000,2.02194,0.00313,0.00085,0.00060,0.99541
7.50000,2.02194,0.00310,0.00073,0.00060,0.99558
7.60000,2.02194,0.00286,0.00069,0.00063,0.99582
7.70000,2.02194,0.00256,0.00062,0.00071,0.99612
7.80000,2.02194,0.00224,0.00054,0.00064,0.99658
7.90000,2.02194,0.00216,0.00050,0.00067,0.99667
8.00000,2.02194,0.00191,0.00048,0.00063,0.99697
8.10000,2.02194,0.00188,0.00044,0.00059,0.99709
8.20000,2.02194,0.00188,0.00038,0.00061,0.99713
8.30000,2.02194,0.00185,0.00035,0.00068,0.99712
8.40000,2.02194,0.00174,0.00034,0.00066,0.99726
8.50000,2.02194,0.00172,0.00032,0.00063,0.99733
8.60000,2.02194,0.00165,0.00035,0.00054,0.99746
8.70000,2.02194,0.00160,0.00038,0.00046,0.99757
8.80000,2.02194,0.00163,0.00043,0.00044,0.99751
8.90000,2.02194,0.00180,0.00043,0.00041,0.99736
9.00000,2.02194,0.00186,0.00044,0.00036,0.99733
9.10000,2.02194,0.00192,0.00041,0.00036,0.99731
9.20000,2.02194,0.00199,0.00042,0.00036,0.99723
9.30000,2.02194,0.00223,0.00050,0.00038,0.99688
9.40000,2.02194,0.00215,0.00048,0.00041,0.99696
9.50000,2.02194,0.00224,0.00052,0.00041,0.99683
9.60000,2.02194,0.00211,0.00052,0.00042,0.99695
9.70000,2.02194,0.00228,0.00063,0.00040,0.99670
9.80000,2.02194,0.00230,0.00065,0.00052,0.99652
9.90000,2.02194,0.00277,0.00075,0.00061,0.99588
10.00000,2.02194,0.00261,0.00061,0.00063,0.99616
10.10000,2.02194,0.00318,0.00066,0.00088,0.99529
10.20000,2.02194,0.00290,0.00055,0.00098,0.99558
10.30000,2.02194,0.00306,0.00063,0.00095,0.99536
10.40000,2.02194,0.00252,0.00051,0.00108,0.99589
10.50000,2.02194,0.00267,0.00051,0.00114,0.99568
10.60000,2.02194,0.00271,0.00041,0.00127,0.99560
10.70000,2.02194,0.00288,0.00042,0.00166,0.99504
10.80000,2.02194,0.00267,0.00034,0.00153,0.99547
10.90000,2.02194,0.00310,0.00041,0.00187,0.99462
11.00000,2.02194,0.00264,0.00034,0.00147,0.99555
11.10000,2.02194,0.00256,0.00039,0.00155,0.99550
11.20000,2.02194,0.00218,0.00030,0.00122,0.99631
11.30000,2.02194,0.00224,0.00031,0.00109,0.99635
11.40000,2.02194,0.00223,0.00025,0.00089,0.99664
11.50000,2.02194,0.00233,0.00024,0.00086,0.99658
11.60000,2.02194,0.00234,0.00021,0.00081,0.99664
11.70000,2.02194,0.00217,0.00019,0.00084,0.99680
11.80000,2.02194,0.00200,0.00016,0.00057,0.99727
11.90000,2.02194,0.00197,0.00017,0.00071,0.99716
12.00000,2.02194,0.00198,0.00014,0.00060,0.99728
12.10000,2.02194,0.00190,0.00014,0.00049,0.99748
12.20000,2.02194,0.00188,0.00012,0.00041,0.99758
12.30000,2.02194,0.00189,0.00012,0.00042,0.99757
12.40000,2.02194,0.00201,0.00011,0.00037,0.99751
12.50000,2.02194,0.00197,0.00012,0.00033,0.99758
12.60000,2.02194,0.00187,0.00013,0.00027,0.99773
12.70000,2.02194,0.00178,0.00012,0.00025,0.99785
12.80000,2.02194,0.00187,0.00013,0.00030,0.99771
12.90000,2.02194,0.00188,0.00014,0.00038,0.99760
13.00000,2.02194,0.00209,0.00016,0.00046,0.99730
13.10000,2.02194,0.00246,0.00016,0.00062,0.99677
13.20000,2.02194,0.00295,0.00017,0.00083,0.99606
13.30000,2.02194,0.00298,0.00020,0.00111,0.99571
13.40000,2.02194,0.00309,0.00023,0.00160,0.99509
13.50000,2.02194,0.00303,0.00026,0.00195,0.99476
13.60000,2.02194,0.00321,0.00024,0.00221,0.99434
13.70000,2.02194,0.00384,0.00026,0.00217,0.99374
13.80000,2.02194,0.00429,0.00026,0.00249,0.99296
13.90000,2.02194,0.00431,0.00026,0.00214,0.99330
14.00000,2.02194,0.00448,0.00027,0.00203,0.99322
14.10000,2.02194,0.00415,0.00030,0.00195,0.99361
14.20000,2.02194,0.00433,0.00030,0.00145,0.99392
14.30000,2.02194,0.00382,0.00030,0.00150,0.99438
14.40000,2.02194,0.00368,0.00030,0.00119,0.99483
14.50000,2.02194,0.00336,0.00031,0.00127,0.99506
14.60000,2.02194,0.00316,0.00025,0.00109,0.99549
14.70000,2.02194,0.00284,0.00023,0.00102,0.99591
14.80000,2.02194,0.00270,0.00020,0.00082,0.99628
14.90000,2.02194,0.00239,0.00019,0.00067,0.99674
15.00000,2.02194,0.00220,0.00018,0.00056,0.99706
15.10000,2.02194,0.00169,0.00018,0.00039,0.99773
15.20000,2.02194,0.00186,0.00019,0.00029,0.99766
15.30000,2.02194,0.00167,0.00015,0.00023,0.99795
15.40000,2.02194,0.00174,0.00014,0.00016,0.99796
15.50000,2.02194,0.00163,0.00012,0.00013,0.99812
15.60000,2.02194,0.00140,0.00013,0.00013,0.99834
15.70000,2.02194,0.00120,0.00010,0.00011,0.99860
15.80000,2.02194,0.00126,0.00010,0.00013,0.99851
15.90000,2.02194,0.00108,0.00010,0.00011,0.99872
16.00000,2.02194,0.00114,0.00011,0.00013,0.99862
16.10000,2.02194,0.00119,0.00010,0.00013,0.99858
16.20000,2.02194,0.00128,0.00010,0.00016,0.99846
16.30000,2.02194,0.00148,0.00010,0.00015,0.99827
16.40000,2.02194,0.00161,0.00010,0.00017,0.99811
16.50000,2.02194,0.00174,0.00010,0.00017,0.99800
16.60000,2.02194,0.00204,0.00013,0.00018,0.99766
16.70000,2.02194,0.00218,0.00012,0.00018,0.99752
16.80000,2.02194,0.00228,0.00013,0.00015,0.99744
16.90000,2.02194,0.00234,0.00013,0.00018,0.99734
17.00000,2.02194,0.00271,0.00014,0.00017,0.99697
17.10000,2.02194,0.00299,0.00012,0.00022,0.99667
17.20000,2.02194,0.00305,0.00014,0.00027,0.99654
17.30000,2.02194,0.00332,0.00016,0.00038,0.99615
17.40000,2.02194,0.00348,0.00016,0.00044,0.99592
17.50000,2.02194,0.00367,0.00016,0.00048,0.99568
17.60000,2.02194,0.00397,0.00020,0.00051,0.99532
17.70000,2.02194,0.00487,0.00021,0.00061,0.99431
17.80000,2.02194,0.00463,0.00021,0.00058,0.99458
17.90000,2.02194,0.00459,0.00020,0.00076,0.99445
18.00000,2.02194,0.00409,0.00018,0.00075,0.99498
18.10000,2.02194,0.00454,0.00018,0.00080,0.99448
18.20000,2.02194,0.00402,0.00015,0.00067,0.99517
18.30000,2.02194,0.00431,0.00013,0.00084,0.99472
18.40000,2.02194,0.00439,0.00013,0.00081,0.99468
18.50000,2.02194,0.00432,0.00011,0.00095,0.99462
18.60000,2.02194,0.00372,0.00009,0.00096,0.99523
18.70000,2.02194,0.00365,0.00008,0.00101,0.99526
18.80000,2.02194,0.00338,0.00008,0.00092,0.99561
18.90000,2.02194,0.00331,0.00008,0.00092,0.99569
19.00000,2.02194,0.00283,0.00008,0.00096,0.99613
19.10000,2.02194,0.00267,0.00008,0.00091,0.99633
19.20000,2.02194,0.00257,0.00009,0.00081,0.99653
19.30000,2.02194,0.00242,0.00008,0.00072,0.99678
19.40000,2.02194,0.00229,0.00009,0.00063,0.99699
19.50000,2.02194,0.00215,0.00009,0.00052,0.99725
19.60000,2.02194,0.00211,0.00010,0.00043,0.99736
19.70000,2.02194,0.00184,0.00009,0.00033,0.99774
19.80000,2.02194,0.00169,0.00011,0.00029,0.99792
19.90000,2.02194,0.00175,0.00011,0.00026,0.99788
20.00000,2.02194,0.00171,0.00013,0.00023,0.99793
20.10000,2.02194,0.00173,0.00016,0.00025,0.99787
20.20000,2.02194,0.00181,0.00018,0.00033,0.99768
20.30000,2.02194,0.00152,0.00017,0.00029,0.99801
20.40000,2.02194,0.00166,0.00019,0.00030,0.99786
20.50000,2.02194,0.00164,0.00019,0.00024,0.99793
20.60000,2.02194,0.00162,0.00018,0.00020,0.99800
20.70000,2.02194,0.00153,0.00019,0.00019,0.99809
20.80000,2.02194,0.00151,0.00018,0.00020,0.99811
20.90000,2.02194,0.00157,0.00017,0.00019,0.99807
21.00000,2.02194,0.00180,0.00019,0.00016,0.99785
21.10000,2.02194,0.00173,0.00016,0.00015,0.99796
21.20000,2.02194,0.00166,0.00013,0.00013,0.99809
21.30000,2.02194,0.00170,0.00011,0.00010,0.99809
21.40000,2.02194,0.00166,0.00010,0.00010,0.99814
21.50000,2.02194,0.00165,0.00010,0.00009,0.99816
21.60000,2.02194,0.00150,0.00009,0.00010,0.99830
21.70000,2.02194,0.00152,0.00008,0.00009,0.99831
21.80000,2.02194,0.00139,0.00008,0.00010,0.99843
21.90000,2.02194,0.00148,0.00007,0.00008,0.99837
22.00000,2.02194,0.00128,0.00007,0.00009,0.99856
22.10000,2.02194,0.00130,0.00007,0.00007,0.99856
22.20000,2.02194,0.00110,0.00007,0.00006,0.99877
22.30000,2.02194,0.00108,0.00006,0.00005,0.99881
22.40000,2.02194,0.00100,0.00006,0.00005,0.99889
22.50000,2.02194,0.00101,0.00007,0.00005,0.99887
22.60000,2.02194,0.00091,0.00007,0.00006,0.99896
22.70000,2.02194,0.00108,0.00008,0.00006,0.99879
22.80000,2.02194,0.00113,0.00008,0.00006,0.99873
22.90000,2.02194,0.00117,0.00008,0.00005,0.99869
23.00000,2.02194,0.00114,0.00009,0.00007,0.99871
23.10000,2.02194,0.00125,0.00010,0.00007,0.99857
23.20000,2.02194,0.00123,0.00012,0.00007,0.99857
23.30000,2.02194,0.00136,0.00016,0.00008,0.99839
23.40000,2.02194,0.00138,0.00017,0.00009,0.99836
23.50000,2.02194,0.00145,0.00018,0.00009,0.99828
23.60000,2.02194,0.00162,0.00017,0.00008,0.99812
23.70000,2.02194,0.00166,0.00023,0.00008,0.99803
23.80000,2.02194,0.00188,0.00024,0.00008,0.99779
23.90000,2.02194,0.00180,0.00027,0.00009,0.99783
24.00000,2.02194,0.00188,0.00026,0.00011,0.99775
24.10000,2.02194,0.00184,0.00027,0.00013,0.99775
24.20000,2.02194,0.00203,0.00026,0.00015,0.99756
24.30000,2.02194,0.00215,0.00031,0.00016,0.99739
24.40000,2.02194,0.00230,0.00036,0.00018,0.99716
24.50000,2.02194,0.00222,0.00036,0.00019,0.99723
24.60000,2.02194,0.00250,0.00034,0.00018,0.99698
24.70000,2.02194,0.00252,0.00033,0.00018,0.99697
24.80000,2.02194,0.00273,0.00036,0.00018,0.99672
24.90000,2.02194,0.00289,0.00038,0.00018,0.99656
25.00000,2.02194,0.00333,0.00039,0.00016,0.99612
25.10000,2.02194,0.00285,0.00033,0.00014,0.99668
25.20000,2.02194,0.00262,0.00029,0.00016,0.99693
25.30000,2.02194,0.00257,0.00026,0.00017,0.99701
25.40000,2.02194,0.00237,0.00021,0.00016,0.99726
25.50000,2.02194,0.00197,0.00019,0.00017,0.99766
25.60000,2.02194,0.00197,0.00017,0.00018,0.99768
25.70000,2.02194,0.00171,0.00017,0.00016,0.99796
25.80000,2.02194,0.00169,0.00015,0.00016,0.99800
25.90000,2.02194,0.00149,0.00014,0.00018,0.99818
26.00000,2.02194,0.00153,0.00015,0.00017,0.99815
26.10000,2.02194,0.00167,0.00017,0.00018,0.99799
26.20000,2.02194,0.00165,0.00017,0.00018,0.99800
26.30000,2.02194,0.00160,0.00017,0.00017,0.99806
26.40000,2.02194,0.00153,0.00016,0.00016,0.99815
26.50000,2.02194,0.00148,0.00015,0.00014,0.99823
26.60000,2.02194,0.00160,0.00016,0.00015,0.99809
26.70000,2.02194,0.00146,0.00018,0.00015,0.99821
26.80000,2.02194,0.00151,0.00016,0.00016,0.99817
26.90000,2.02194,0.00135,0.00015,0.00017,0.99833
27.00000,2.02194,0.00142,0.00015,0.00019,0.99823
27.10000,2.02194,0.00128,0.00014,0.00019,0.99839
27.20000,2.02194,0.00158,0.00019,0.00026,0.99797
27.30000,2.02194,0.00145,0.00019,0.00025,0.99812
27.40000,2.02194,0.00173,0.00020,0.00034,0.99773
27.50000,2.02194,0.00175,0.00020,0.00031,0.99774
27.60000,2.02194,0.00190,0.00022,0.00040,0.99749
27.70000,2.02194,0.00192,0.00022,0.00043,0.99743
27.80000,2.02194,0.00196,0.00022,0.00048,0.99735
27.90000,2.02194,0.00175,0.00021,0.00034,0.99770
28.00000,2.02194,0.00193,0.00018,0.00041,0.99747
28.10000,2.02194,0.00180,0.00017,0.00030,0.99773
28.20000,2.02194,0.00190,0.00015,0.00027,0.99768
28.30000,2.02194,0.00166,0.00015,0.00022,0.99797
28.40000,2.02194,0.00146,0.00014,0.00026,0.99815
28.50000,2.02194,0.00128,0.00015,0.00026,0.99832
28.60000,2.02194,0.00117,0.00016,0.00029,0.99838
28.70000,2.02194,0.00126,0.00016,0.00029,0.99829
28.80000,2.02194,0.00111,0.00018,0.00036,0.99835
28.90000,2.02194,0.00109,0.00019,0.00030,0.99841
29.00000,2.02194,0.00110,0.00023,0.00038,0.99829
29.10000,2.02194,0.00109,0.00018,0.00032,0.99841
29.20000,2.02194,0.00099,0.00019,0.00031,0.99851
29.30000,2.02194,0.00102,0.00019,0.00032,0.99847
29.40000,2.02194,0.00090,0.00017,0.00025,0.99868
29.50000,2.02194,0.00098,0.00018,0.00026,0.99858
29.60000,2.02194,0.00100,0.00017,0.00028,0.99855
29.70000,2.02194,0.00114,0.00018,0.00023,0.99845
29.80000,2.02194,0.00108,0.00018,0.00021,0.99852
29.90000,2.02194,0.00126,0.00017,0.00025,0.99832
30.00000,2.02194,0.00130,0.00017,0.00023,0.99830
30.10000,2.02194,0.00134,0.00018,0.00030,0.99817
30.20000,2.02194,0.00119,0.00017,0.00033,0.99830
30.30000,2.02194,0.00124,0.00017,0.00036,0.99823
30.40000,2.02194,0.00128,0.00015,0.00035,0.99822
30.50000,2.02194,0.00134,0.00017,0.00035,0.99814
30.60000,2.02194,0.00141,0.00015,0.00031,0.99813
30.70000,2.02194,0.00137,0.00017,0.00034,0.99813
30.80000,2.02194,0.00148,0.00015,0.00043,0.99795
30.90000,2.02194,0.00139,0.00013,0.00044,0.99803
31.00000,2.02194,0.00141,0.00012,0.00041,0.99806
31.10000,2.02194,0.00160,0.00014,0.00037,0.99789
31.20000,2.02194,0.00185,0.00014,0.00036,0.99765
31.30000,2.02194,0.00176,0.00015,0.00038,0.99771
31.40000,2.02194,0.00186,0.00014,0.00039,0.99762
31.50000,2.02194,0.00173,0.00014,0.00036,0.99778
31.60000,2.02194,0.00190,0.00014,0.00039,0.99758
31.70000,2.02194,0.00193,0.00014,0.00049,0.99744
31.80000,2.02194,0.00202,0.00015,0.00047,0.99735
31.90000,2.02194,0.00184,0.00015,0.00042,0.99759
32.00000,2.02194,0.00188,0.00015,0.00043,0.99753
32.10000,2.02194,0.00199,0.00016,0.00042,0.99743
32.20000,2.02194,0.00214,0.00017,0.00034,0.99735
32.30000,2.02194,0.00192,0.00017,0.00038,0.99753
32.40000,2.02193,0.00208,0.00018,0.00033,0.99741
32.50000,2.02194,0.00216,0.00017,0.00033,0.99734
32.60000,2.02194,0.00220,0.00018,0.00033,0.99730
32.70000,2.02194,0.00215,0.00014,0.00033,0.99738
32.80000,2.02194,0.00242,0.00017,0.00035,0.99706
32.90000,2.02193,0.00239,0.00016,0.00048,0.99698
33.00000,2.02194,0.00242,0.00015,0.00054,0.99688
33.10000,2.02194,0.00198,0.00015,0.00051,0.99736
33.20000,2.02194,0.00185,0.00016,0.00044,0.99755
33.30000,2.02194,0.00180,0.00016,0.00049,0.99754
33.40000,2.02193,0.00167,0.00014,0.00034,0.99785
33.50000,2.02194,0.00162,0.00013,0.00037,0.99788
33.60000,2.02194,0.00150,0.00012,0.00036,0.99803
33.70000,2.02194,0.00149,0.00012,0.00034,0.99804
33.80000,2.02194,0.00148,0.00014,0.00040,0.99798
33.90000,2.02193,0.00156,0.00013,0.00050,0.99782
34.00000,2.02194,0.00143,0.00012,0.00052,0.99792
34.10000,2.02194,0.00138,0.00012,0.00072,0.99778
34.20000,2.02194,0.00135,0.00011,0.00068,0.99786
34.30000,2.02194,0.00139,0.00010,0.00075,0.99775
34.40000,2.02193,0.00146,0.00012,0.00074,0.99768
34.50000,2.02194,0.00140,0.00012,0.00090,0.99757
34.60000,2.02194,0.00137,0.00014,0.00077,0.99772
34.70000,2.02194,0.00140,0.00014,0.00091,0.99754
34.80000,2.02194,0.00141,0.00014,0.00072,0.99773
34.90000,2.02193,0.00146,0.00015,0.00092,0.99748
35.00000,2.02194,0.00148,0.00018,0.00085,0.99749
35.10000,2.02194,0.00145,0.00015,0.00096,0.99744
35.20000,2.02194,0.00149,0.00016,0.00093,0.99742
35.30000,2.02194,0.00152,0.00014,0.00081,0.99752
35.40000,2.02193,0.00155,0.00015,0.00089,0.99741
35.50000,2.02194,0.00155,0.00015,0.00089,0.99741
35.60000,2.02194,0.00157,0.00016,0.00087,0.99739
35.70000,2.02194,0.00158,0.00017,0.00086,0.99739
35.80000,2.02194,0.00156,0.00017,0.00073,0.99754
35.90000,2.02193,0.00155,0.00019,0.00073,0.99753
36.00000,2.02194,0.00149,0.00019,0.00061,0.99771
36.10000,2.02194,0.00163,0.00020,0.00071,0.99746
36.20000,2.02194,0.00163,0.00018,0.00061,0.99758
36.30000,2.02194,0.00178,0.00021,0.00059,0.99741
36.40000,2.02193,0.00169,0.00020,0.00059,0.99752
36.50000,2.02194,0.00185,0.00020,0.00067,0.99728
36.60000,2.02194,0.00158,0.00016,0.00056,0.99770
36.70000,2.02194,0.00167,0.00017,0.00058,0.99758
36.80000,2.02194,0.00138,0.00015,0.00047,0.99800
36.90000,2.02193,0.00145,0.00016,0.00049,0.99790
37.00000,2.02194,0.00139,0.00015,0.00044,0.99802
37.10000,2.02194,0.00154,0.00014,0.00051,0.99780
37.20000,2.02194,0.00149,0.00015,0.00053,0.99783
37.30000,2.02194,0.00152,0.00017,0.00062,0.99769
37.40000,2.02193,0.00140,0.00019,0.00059,0.99782
37.50000,2.02194,0.00160,0.00022,0.00068,0.99749
37.60000,2.02194,0.00145,0.00021,0.00063,0.99771
37.70000,2.02194,0.00166,0.00020,0.00068,0.99745
37.80000,2.02194,0.00144,0.00019,0.00066,0.99771
37.90000,2.02193,0.00149,0.00017,0.00073,0.99761
38.00000,2.02194,0.00132,0.00016,0.00066,0.99787
38.10000,2.02194,0.00136,0.00015,0.00070,0.99779
38.20000,2.02194,0.00129,0.00016,0.00082,0.99773
38.30000,2.02194,0.00132,0.00015,0.00077,0.99776
38.40000,2.02193,0.00128,0.00015,0.00081,0.99777
38.50000,2.02194,0.00137,0.00017,0.00091,0.99755
38.60000,2.02194,0.00138,0.00019,0.00107,0.99736
38.70000,2.02194,0.00152,0.00019,0.00115,0.99713
38.80000,2.02194,0.00168,0.00018,0.00150,0.99664
38.90000,2.02193,0.00158,0.00017,0.00134,0.99691
39.00000,2.02194,0.00146,0.00017,0.00129,0.99707
39.10000,2.02194,0.00158,0.00015,0.00142,0.99685
39.20000,2.02194,0.00161,0.00015,0.00143,0.99681
39.30000,2.02194,0.00187,0.00015,0.00154,0.99644
39.40000,2.02193,0.00165,0.00014,0.00149,0.99672
39.50000,2.02194,0.00162,0.00013,0.00137,0.99688
39.60000,2.02194,0.00169,0.00013,0.00119,0.99699
39.70000,2.02194,0.00171,0.00012,0.00110,0.99706
39.80000,2.02194,0.00174,0.00014,0.00099,0.99713
39.90000,2.02193,0.00174,0.00015,0.00075,0.99736
40.00000,2.02194,0.00183,0.00017,0.00064,0.99737
40.10000,2.02194,0.00172,0.00016,0.00052,0.99759
40.20000,2.02194,0.00178,0.00018,0.00049,0.99756
40.30000,2.02194,0.00178,0.00018,0.00055,0.99749
40.40000,2.02193,0.00178,0.00020,0.00061,0.99741
40.50000,2.02194,0.00188,0.00021,0.00068,0.99724
40.60000,2.02194,0.00190,0.00021,0.00062,0.99727
40.70000,2.02194,0.00167,0.00019,0.00051,0.99764
40.80000,2.02194,0.00160,0.00022,0.00039,0.99778
40.90000,2.02193,0.00160,0.00020,0.00036,0.99784
41.00000,2.02194,0.00187,0.00023,0.00049,0.99740
41.10000,2.02194,0.00190,0.00023,0.00041,0.99745
41.20000,2.02194,0.00188,0.00021,0.00039,0.99752
41.30000,2.02194,0.00192,0.00018,0.00033,0.99756
41.40000,2.02193,0.00211,0.00021,0.00037,0.99731
41.50000,2.02194,0.00214,0.00020,0.00045,0.99722
41.60000,2.02194,0.00192,0.00023,0.00051,0.99734
41.70000,2.02194,0.00204,0.00023,0.00047,0.99726
41.80000,2.02194,0.00231,0.00022,0.00057,0.99689
41.90000,2.02193,0.00231,0.00020,0.00070,0.99678
42.00000,2.02194,0.00232,0.00018,0.00074,0.99676
42.10000,2.02194,0.00216,0.00016,0.00082,0.99685
42.20000,2.02194,0.00240,0.00016,0.00095,0.99649
42.30000,2.02194,0.00246,0.00015,0.00093,0.99647
42.40000,2.02193,0.00244,0.00013,0.00087,0.99656
42.50000,2.02194,0.00234,0.00012,0.00078,0.99677
42.60000,2.02194,0.00233,0.00014,0.00076,0.99677
42.70000,2.02194,0.00230,0.00013,0.00066,0.99691
42.80000,2.02194,0.00245,0.00014,0.00070,0.99671
42.90000,2.02193,0.00283,0.00014,0.00087,0.99616
43.00000,2.02194,0.00252,0.00013,0.00059,0.99677
43.10000,2.02194,0.00244,0.00015,0.00055,0.99687
43.20000,2.02194,0.00222,0.00016,0.00055,0.99707
43.30000,2.02194,0.00210,0.00015,0.00061,0.99714
43.40000,2.02193,0.00221,0.00014,0.00080,0.99685
43.50000,2.02194,0.00204,0.00012,0.00075,0.99709
43.60000,2.02194,0.00242,0.00014,0.00104,0.99640
43.70000,2.02194,0.00227,0.00012,0.00103,0.99658
43.80000,2.02194,0.00237,0.00015,0.00105,0.99644
43.90000,2.02193,0.00224,0.00013,0.00076,0.99687
44.00000,2.02194,0.00257,0.00016,0.00081,0.99646
44.10000,2.02194,0.00235,0.00014,0.00065,0.99685
44.20000,2.02194,0.00231,0.00018,0.00070,0.99681
44.30000,2.02194,0.00209,0.00018,0.00067,0.99706
44.40000,2.02193,0.00209,0.00019,0.00065,0.99706
44.50000,2.02194,0.00210,0.00017,0.00067,0.99707
44.60000,2.02194,0.00222,0.00016,0.00089,0.99674
44.70000,2.02194,0.00234,0.00017,0.00077,0.99672
44.80000,2.02194,0.00217,0.00019,0.00078,0.99686
44.90000,2.02193,0.00196,0.00019,0.00066,0.99719
45.00000,2.02194,0.00181,0.00019,0.00069,0.99731
45.10000,2.02194,0.00191,0.00018,0.00079,0.99713
45.20000,2.02194,0.00200,0.00023,0.00102,0.99676
45.30000,2.02194,0.00192,0.00022,0.00081,0.99706
45.40000,2.02193,0.00181,0.00022,0.00061,0.99736
45.50000,2.02194,0.00187,0.00022,0.00059,0.99732
45.60000,2.02194,0.00172,0.00023,0.00044,0.99761
45.70000,2.02194,0.00157,0.00025,0.00040,0.99778
45.80000,2.02194,0.00144,0.00027,0.00037,0.99793
45.90000,2.02193,0.00163,0.00023,0.00043,0.99771
46.00000,2.02194,0.00148,0.00023,0.00049,0.99780
46.10000,2.02194,0.00153,0.00023,0.00055,0.99769
46.20000,2.02194,0.00150,0.00022,0.00056,0.99772
46.30000,2.02194,0.00171,0.00020,0.00053,0.99756
46.40000,2.02193,0.00172,0.00020,0.00068,0.99739
46.50000,2.02194,0.00172,0.00022,0.00055,0.99751
46.60000,2.02194,0.00168,0.00021,0.00049,0.99761
46.70000,2.02194,0.00165,0.00018,0.00045,0.99772
46.80000,2.02194,0.00180,0.00016,0.00049,0.99754
46.90000,2.02193,0.00181,0.00017,0.00064,0.99739
47.00000,2.02194,0.00182,0.00018,0.00063,0.99737
47.10000,2.02194,0.00196,0.00016,0.00059,0.99729
47.20000,2.02194,0.00197,0.00017,0.00070,0.99716
47.30000,2.02194,0.00195,0.00015,0.00069,0.99721
47.40000,2.02193,0.00189,0.00014,0.00082,0.99716
47.50000,2.02194,0.00204,0.00015,0.00071,0.99711
47.60000,2.02194,0.00212,0.00017,0.00082,0.99689
47.70000,2.02194,0.00215,0.00015,0.00085,0.99686
47.80000,2.02194,0.00212,0.00015,0.00091,0.99682
47.90000,2.02193,0.00207,0.00016,0.00075,0.99702
48.00000,2.02194,0.00223,0.00019,0.00097,0.99662
48.10000,2.02194,0.00221,0.00018,0.00086,0.99675
48.20000,2.02194,0.00228,0.00019,0.00114,0.99639
48.30000,2.02194,0.00243,0.00021,0.00099,0.99636
48.40000,2.02193,0.00302,0.00020,0.00118,0.99560
48.50000,2.02194,0.00307,0.00015,0.00137,0.99541
48.60000,2.02194,0.00279,0.00016,0.00150,0.99555
48.70000,2.02194,0.00265,0.00015,0.00134,0.99586
48.80000,2.02194,0.00271,0.00018,0.00127,0.99585
48.90000,2.02193,0.00239,0.00016,0.00082,0.99663
49.00000,2.02194,0.00237,0.00016,0.00091,0.99657
49.10000,2.02194,0.00223,0.00014,0.00079,0.99684
49.20000,2.02194,0.00241,0.00019,0.00102,0.99638
49.30000,2.02194,0.00227,0.00019,0.00083,0.99671
49.40000,2.02193,0.00245,0.00025,0.00106,0.99624
49.50000,2.02194,0.00187,0.00020,0.00079,0.99714
49.60000,2.02194,0.00234,0.00019,0.00127,0.99620
49.70000,2.02194,0.00220,0.00018,0.00113,0.99648
49.80000,2.02194,0.00246,0.00020,0.00138,0.99595
49.90000,2.02193,0.00176,0.00017,0.00092,0.99714
50.00000,2.02194,0.00180,0.00020,0.00086,0.99714
50.10000,2.02194,0.00158,0.00017,0.00075,0.99750
50.20000,2.02194,0.00175,0.00020,0.00080,0.99725
50.30000,2.02194,0.00150,0.00017,0.00072,0.99761
50.40000,2.02193,0.00131,0.00022,0.00077,0.99770
50.50000,2.02194,0.00133,0.00025,0.00081,0.99762
50.60000,2.02194,0.00136,0.00025,0.00103,0.99735
50.70000,2.02194,0.00133,0.00023,0.00110,0.99734
50.80000,2.02194,0.00142,0.00027,0.00126,0.99706
50.90000,2.02193,0.00123,0.00022,0.00120,0.99735
51.00000,2.02194,0.00140,0.00027,0.00121,0.99713
51.10000,2.02194,0.00115,0.00027,0.00100,0.99758
51.20000,2.02194,0.00128,0.00024,0.00109,0.99739
51.30000,2.02194,0.00119,0.00023,0.00098,0.99760
51.40000,2.02193,0.00134,0.00024,0.00132,0.99709
51.50000,2.02194,0.00126,0.00024,0.00130,0.99720
51.60000,2.02194,0.00121,0.00022,0.00123,0.99734
51.70000,2.02194,0.00114,0.00019,0.00107,0.99760
51.80000,2.02194,0.00128,0.00019,0.00119,0.99735
51.90000,2.02193,0.00127,0.00015,0.00149,0.99709
52.00000,2.02194,0.00142,0.00016,0.00176,0.99666
52.10000,2.02194,0.00130,0.00015,0.00166,0.99690
52.20000,2.02194,0.00151,0.00015,0.00170,0.99664
52.30000,2.02194,0.00143,0.00014,0.00147,0.99695
52.40000,2.02193,0.00159,0.00014,0.00170,0.99657
52.50000,2.02194,0.00138,0.00013,0.00123,0.99727
52.60000,2.02194,0.00143,0.00013,0.00099,0.99745
52.70000,2.02194,0.00117,0.00011,0.00094,0.99778
52.80000,2.02194,0.00118,0.00013,0.00086,0.99783
52.90000,2.02193,0.00121,0.00012,0.00078,0.99790
53.00000,2.02194,0.00133,0.00012,0.00091,0.99764
53.10000,2.02194,0.00135,0.00012,0.00089,0.99763
53.20000,2.02194,0.00131,0.00013,0.00107,0.99748
53.30000,2.02194,0.00135,0.00011,0.00104,0.99750
53.40000,2.02193,0.00128,0.00012,0.00092,0.99767
53.50000,2.02194,0.00140,0.00012,0.00083,0.99765
53.60000,2.02194,0.00154,0.00016,0.00084,0.99746
53.70000,2.02194,0.00145,0.00015,0.00101,0.99739
53.80000,2.02194,0.00153,0.00016,0.00120,0.99711
53.90000,2.02193,0.00137,0.00017,0.00084,0.99761
54.00000,2.02194,0.00137,0.00017,0.00083,0.99762
54.10000,2.02194,0.00135,0.00017,0.00098,0.99751
54.20000,2.02194,0.00140,0.00016,0.00116,0.99728
54.30000,2.02194,0.00123,0.00015,0.00088,0.99774
54.40000,2.02193,0.00134,0.00017,0.00085,0.99764
54.50000,2.02194,0.00135,0.00016,0.00068,0.99781
54.60000,2.02194,0.00135,0.00017,0.00066,0.99782
54.70000,2.02194,0.00136,0.00016,0.00053,0.99794
54.80000,2.02194,0.00157,0.00020,0.00060,0.99763
54.90000,2.02193,0.00170,0.00021,0.00068,0.99742
55.00000,2.02194,0.00173,0.00021,0.00074,0.99733
55.10000,2.02194,0.00176,0.00020,0.00080,0.99723
55.20000,2.02194,0.00180,0.00021,0.00088,0.99710
55.30000,2.02194,0.00179,0.00021,0.00086,0.99714
55.40000,2.02193,0.00178,0.00023,0.00104,0.99695
55.50000,2.02194,0.00154,0.00020,0.00101,0.99725
55.60000,2.02194,0.00168,0.00018,0.00111,0.99703
55.70000,2.02194,0.00166,0.00018,0.00083,0.99733
55.80000,2.02194,0.00152,0.00019,0.00075,0.99754
55.90000,2.02193,0.00151,0.00017,0.00069,0.99763
56.00000,2.02194,0.00151,0.00018,0.00066,0.99766
56.10000,2.02194,0.00148,0.00018,0.00053,0.99782
56.20000,2.02194,0.00148,0.00021,0.00054,0.99777
56.30000,2.02194,0.00153,0.00022,0.00063,0.99763
56.40000,2.02193,0.00150,0.00024,0.00068,0.99759
56.50000,2.02194,0.00141,0.00022,0.00072,0.99765
56.60000,2.02194,0.00143,0.00025,0.00071,0.99760
56.70000,2.02194,0.00146,0.00024,0.00079,0.99752
56.80000,2.02194,0.00133,0.00021,0.00086,0.99760
56.90000,2.02193,0.00138,0.00022,0.00092,0.99748
57.00000,2.02194,0.00129,0.00021,0.00084,0.99766
57.10000,2.02194,0.00144,0.00022,0.00068,0.99766
57.20000,2.02194,0.00148,0.00024,0.00060,0.99767
57.30000,2.02194,0.00165,0.00024,0.00057,0.99754
57.40000,2.02193,0.00179,0.00025,0.00057,0.99739
57.50000,2.02194,0.00179,0.00025,0.00051,0.99745
57.60000,2.02194,0.00183,0.00031,0.00050,0.99736
57.70000,2.02194,0.00190,0.00032,0.00058,0.99721
57.80000,2.02194,0.00220,0.00035,0.00077,0.99668
57.90000,2.02193,0.00222,0.00033,0.00065,0.99680
58.00000,2.02194,0.00230,0.00036,0.00074,0.99660
58.10000,2.02194,0.00225,0.00034,0.00073,0.99668
58.20000,2.02194,0.00232,0.00034,0.00088,0.99646
58.30000,2.02194,0.00232,0.00031,0.00083,0.99654
58.40000,2.02193,0.00229,0.00031,0.00095,0.99646
58.50000,2.02194,0.00231,0.00028,0.00091,0.99649
58.60000,2.02194,0.00231,0.00029,0.00118,0.99622
58.70000,2.02194,0.00248,0.00030,0.00121,0.99601
58.80000,2.02194,0.00232,0.00031,0.00123,0.99614
58.90000,2.02193,0.00209,0.00030,0.00097,0.99664
59.00000,2.02194,0.00220,0.00033,0.00101,0.99646
59.10000,2.02194,0.00198,0.00035,0.00103,0.99664
59.20000,2.02194,0.00196,0.00031,0.00091,0.99682
59.30000,2.02194,0.00184,0.00032,0.00086,0.99698
59.40000,2.02193,0.00182,0.00032,0.00074,0.99712
59.50000,2.02194,0.00186,0.00031,0.00069,0.99714
59.60000,2.02194,0.00183,0.00026,0.00061,0.99731
59.70000,2.02194,0.00196,0.00026,0.00058,0.99720
59.80000,2.02194,0.00198,0.00025,0.00047,0.99730
59.90000,2.02193,0.00210,0.00026,0.00050,0.99713
60.00000,2.02194,0.00215,0.00024,0.00053,0.99707
60.10000,2.02194,0.00237,0.00024,0.00050,0.99689
60.20000,2.02194,0.00234,0.00023,0.00040,0.99703
60.30000,2.02194,0.00298,0.00024,0.00041,0.99637
60.40000,2.02193,0.00468,0.00028,0.00056,0.99448
60.50000,2.02194,0.01204,0.00039,0.00068,0.98689
60.60000,2.02194,0.04393,0.00047,0.00065,0.95495
60.70000,2.02194,0.15960,0.00051,0.00064,0.83924
60.80000,2.02194,0.41159,0.00040,0.00049,0.58752
60.90000,2.02193,0.61422,0.00035,0.00045,0.38499
61.00000,2.02194,0.77422,0.00027,0.00031,0.22520
61.10000,2.02194,0.88154,0.00019,0.00037,0.11790
61.20000,2.02194,0.93511,0.00014,0.00031,0.06443
61.30000,2.02194,0.96631,0.00010,0.00029,0.03330
61.40000,2.02193,0.98244,0.00007,0.00025,0.01724
61.50000,2.02194,0.99091,0.00005,0.00024,0.00879
61.60000,2.02194,0.99505,0.00004,0.00022,0.00469
61.70000,2.02194,0.99772,0.00002,0.00017,0.00208
61.80000,2.02194,0.99872,0.00002,0.00016,0.00111
61.90000,2.02193,0.99926,0.00001,0.00016,0.00057
62.00000,2.02193,0.99957,0.00001,0.00014,0.00028
62.10000,2.02194,0.99973,0.00001,0.00012,0.00014
62.20000,2.02194,0.99981,0.00001,0.00011,0.00008
62.30000,2.02194,0.99985,0.00001,0.00009,0.00005
62.40000,2.02193,0.99985,0.00001,0.00009,0.00005
62.50000,2.02193,0.99976,0.00001,0.00016,0.00007
62.60000,2.02194,0.99949,0.00003,0.00034,0.00014
62.70000,2.02194,0.99866,0.00009,0.00094,0.00031
62.80000,2.02194,0.99744,0.00020,0.00181,0.00056
62.90000,2.02193,0.99657,0.00026,0.00250,0.00066
63.00000,2.02193,0.99619,0.00030,0.00274,0.00078
63.10000,2.02194,0.99667,0.00036,0.00211,0.00086
63.20000,2.02194,0.99667,0.00037,0.00203,0.00093
63.30000,2.02194,0.99668,0.00045,0.00179,0.00108
63.40000,2.02193,0.99676,0.00050,0.00154,0.00120
63.50000,2.02193,0.99681,0.00058,0.00131,0.00130
63.60000,2.02194,0.99659,0.00068,0.00120,0.00153
63.70000,2.02194,0.99601,0.00094,0.00120,0.00185
63.80000,2.02194,0.99594,0.00102,0.00101,0.00203
63.90000,2.02193,0.99567,0.00119,0.00085,0.00229
64.00000,2.02193,0.99535,0.00124,0.00075,0.00265
64.10000,2.02194,0.99508,0.00128,0.00068,0.00297
64.20000,2.02194,0.99495,0.00127,0.00060,0.00318
64.30000,2.02193,0.99485,0.00120,0.00055,0.00339
64.40000,2.02193,0.99491,0.00111,0.00054,0.00344
64.50000,2.02193,0.99471,0.00107,0.00056,0.00366
64.60000,2.02194,0.99466,0.00102,0.00059,0.00373
64.70000,2.02194,0.99458,0.00100,0.00060,0.00381
64.80000,2.02193,0.99454,0.00097,0.00062,0.00386
64.90000,2.02193,0.99448,0.00096,0.00063,0.00392
65.00000,2.02193,0.99445,0.00096,0.00063,0.00396
65.10000,2.02194,0.99445,0.00095,0.00063,0.00397
65.20000,2.02194,0.99444,0.00094,0.00064,0.00398
65.30000,2.02193,0.99448,0.00093,0.00064,0.00396
65.40000,2.02193,0.99449,0.00093,0.00064,0.00395
65.50000,2.02193,0.99453,0.00092,0.00063,0.00392
65.60000,2.02194,0.99452,0.00092,0.00063,0.00393
65.70000,2.02194,0.99453,0.00092,0.00062,0.00393
65.80000,2.02193,0.99451,0.00092,0.00062,0.00395
65.90000,2.02193,0.99452,0.00092,0.00061,0.00394
66.00000,2.02193,0.99451,0.00092,0.00062,0.00395
66.10000,2.02194,0.99452,0.00092,0.00061,0.00395
66.20000,2.02194,0.99453,0.00092,0.00061,0.00394
66.30000,2.02193,0.99452,0.00093,0.00061,0.00394
66.40000,2.02193,0.99454,0.00093,0.00061,0.00391
66.50000,2.02193,0.99443,0.00101,0.00061,0.00395
66.60000,2.02194,0.99451,0.00100,0.00061,0.00388
66.70000,2.02194,0.99452,0.00101,0.00060,0.00387
66.80000,2.02193,0.99448,0.00102,0.00060,0.00390
66.90000,2.02193,0.99447,0.00101,0.00060,0.00391
67.00000,2.02193,0.99445,0.00102,0.00060,0.00393
67.10000,2.02194,0.99445,0.00102,0.00061,0.00393
67.20000,2.02194,0.99445,0.00102,0.00060,0.00393
67.30000,2.02193,0.99442,0.00103,0.00060,0.00395
67.40000,2.02193,0.99439,0.00103,0.00060,0.00398
67.50000,2.02193,0.99435,0.00104,0.00061,0.00400
67.60000,2.02194,0.99437,0.00103,0.00061,0.00399
67.70000,2.02194,0.99439,0.00104,0.00061,0.00396
67.80000,2.02193,0.99446,0.00104,0.00061,0.00390
67.90000,2.02193,0.99443,0.00104,0.00061,0.00392
68.00000,2.02193,0.99445,0.00104,0.00060,0.00391
68.10000,2.02194,0.99444,0.00104,0.00060,0.00392
68.20000,2.02194,0.99442,0.00105,0.00061,0.00393
68.30000,2.02193,0.99439,0.00104,0.00060,0.00397
68.40000,2.02193,0.99433,0.00106,0.00062,0.00400
68.50000,2.02193,0.99445,0.00096,0.00060,0.00399
68.60000,2.02194,0.99447,0.00095,0.00059,0.00399
68.70000,2.02194,0.99446,0.00095,0.00059,0.00399
68.80000,2.02193,0.99448,0.00094,0.00060,0.00398
68.90000,2.02193,0.99447,0.00094,0.00059,0.00399
69.00000,2.02193,0.99449,0.00094,0.00059,0.00398
