Time (seconds), Duration (seconds),pred_unlabelled,pred_Air,pred_Floor,pred_Carpet
0.00000,2.02194,0.89479,0.04748,0.05145,0.00628
0.10000,2.02194,0.82325,0.06626,0.10167,0.00882
0.20000,2.02194,0.75339,0.09972,0.13830,0.00859
0.30000,2.02194,0.62267,0.12630,0.23899,0.01205
0.40000,2.02194,0.44443,0.16668,0.37605,0.01283
0.50000,2.02194,0.30218,0.13264,0.55157,0.01361
0.60000,2.02194,0.16590,0.16542,0.65681,0.01187
0.70000,2.02194,0.08397,0.19041,0.71349,0.01213
0.80000,2.02194,0.04606,0.18010,0.76387,0.00997
0.90000,2.02194,0.02709,0.11613,0.84731,0.00947
1.00000,2.02194,0.01652,0.08609,0.89045,0.00694
1.10000,2.02194,0.01188,0.05704,0.92517,0.00591
1.20000,2.02194,0.00792,0.03820,0.94966,0.00423
1.30000,2.02194,0.00696,0.02771,0.96101,0.00431
1.40000,2.02194,0.00549,0.02197,0.96894,0.00360
1.50000,2.02194,0.00517,0.01675,0.97456,0.00352
1.60000,2.02194,0.00416,0.01169,0.98154,0.00262
1.70000,2.02194,0.00448,0.01303,0.97973,0.00276
1.80000,2.02194,0.00420,0.01234,0.98127,0.00219
1.90000,2.02194,0.00365,0.00809,0.98657,0.00168
2.00000,2.02194,0.00312,0.00646,0.98904,0.00139
2.10000,2.02194,0.00276,0.00481,0.99130,0.00113
2.20000,2.02194,0.00234,0.00376,0.99303,0.00088
2.30000,2.02194,0.00216,0.00310,0.99396,0.00079
2.40000,2.02194,0.00173,0.00243,0.99525,0.00060
2.50000,2.02194,0.00198,0.00256,0.99478,0.00068
2.60000,2.02194,0.00150,0.00190,0.99608,0.00052
2.70000,2.02194,0.00143,0.00182,0.99626,0.00048
2.80000,2.02194,0.00127,0.00177,0.99650,0.00046
2.90000,2.02194,0.00144,0.00224,0.99581,0.00051
3.00000,2.02194,0.00141,0.00267,0.99537,0.00055
3.10000,2.02194,0.00156,0.00305,0.99477,0.00062
3.20000,2.02194,0.00154,0.00332,0.99445,0.00069
3.30000,2.02194,0.00145,0.00274,0.99520,0.00061
3.40000,2.02194,0.00157,0.00295,0.99482,0.00066
3.50000,2.02194,0.00141,0.00276,0.99522,0.00061
3.60000,2.02194,0.00143,0.00282,0.99515,0.00059
3.70000,2.02194,0.00143,0.00222,0.99575,0.00060
3.80000,2.02194,0.00132,0.00220,0.99588,0.00060
3.90000,2.02194,0.00137,0.00230,0.99568,0.00065
4.00000,2.02194,0.00146,0.00268,0.99516,0.00071
4.10000,2.02194,0.00153,0.00269,0.99500,0.00078
4.20000,2.02194,0.00176,0.00301,0.99436,0.00087
4.30000,2.02194,0.00170,0.00292,0.99458,0.00080
4.40000,2.02194,0.00184,0.00316,0.99413,0.00087
4.50000,2.02194,0.00178,0.00332,0.99411,0.00079
4.60000,2.02194,0.00207,0.00370,0.99328,0.00095
4.70000,2.02194,0.00204,0.00325,0.99380,0.00090
4.80000,2.02194,0.00204,0.00290,0.99414,0.00093
4.90000,2.02194,0.00166,0.00184,0.99590,0.00060
5.00000,2.02194,0.00170,0.00167,0.99606,0.00057
5.10000,2.02194,0.00142,0.00135,0.99680,0.00044
5.20000,2.02194,0.00157,0.00143,0.99650,0.00051
5.30000,2.02194,0.00127,0.00119,0.99716,0.00038
5.40000,2.02194,0.00123,0.00106,0.99735,0.00035
5.50000,2.02194,0.00113,0.00101,0.99755,0.00030
5.60000,2.02194,0.00126,0.00112,0.99726,0.00036
5.70000,2.02194,0.00123,0.00121,0.99723,0.00032
5.80000,2.02194,0.00138,0.00123,0.99703,0.00036
5.90000,2.02194,0.00126,0.00107,0.99737,0.00030
6.00000,2.02194,0.00116,0.00099,0.99755,0.00029
6.10000,2.02194,0.00112,0.00093,0.99769,0.00026
6.20000,2.02194,0.00135,0.00129,0.99707,0.00030
6.30000,2.02194,0.00143,0.00148,0.99674,0.00035
6.40000,2.02194,0.00149,0.00154,0.99661,0.00036
6.50000,2.02194,0.00141,0.00138,0.99687,0.00034
6.60000,2.02194,0.00141,0.00131,0.99695,0.00033
6.70000,2.02194,0.00162,0.00187,0.99611,0.00041
6.80000,2.02194,0.00169,0.00191,0.99596,0.00043
6.90000,2.02194,0.00229,0.00281,0.99430,0.00059
7.00000,2.02194,0.00262,0.00383,0.99287,0.00069
7.10000,2.02194,0.00260,0.00358,0.99312,0.00071
7.20000,2.02194,0.00254,0.00373,0.99303,0.00070
7.30000,2.02194,0.00270,0.00419,0.99228,0.00084
7.40000,2.02194,0.00258,0.00387,0.99282,0.00073
7.50000,2.02194,0.00256,0.00431,0.99227,0.00086
7.60000,2.02194,0.00226,0.00381,0.99320,0.00072
7.70000,2.02194,0.00208,0.00340,0.99379,0.00072
7.80000,2.02194,0.00202,0.00336,0.99401,0.00061
7.90000,2.02194,0.00246,0.00420,0.99256,0.00079
8.00000,2.02194,0.00239,0.00424,0.99258,0.00079
8.10000,2.02194,0.00234,0.00424,0.99264,0.00077
8.20000,2.02194,0.00175,0.00298,0.99468,0.00058
8.30000,2.02194,0.00171,0.00244,0.99527,0.00058
8.40000,2.02194,0.00146,0.00210,0.99598,0.00046
8.50000,2.02194,0.00139,0.00185,0.99632,0.00044
8.60000,2.02194,0.00141,0.00197,0.99619,0.00043
8.70000,2.02194,0.00127,0.00169,0.99665,0.00039
8.80000,2.02194,0.00111,0.00153,0.99703,0.00034
8.90000,2.02194,0.00106,0.00142,0.99713,0.00039
9.00000,2.02194,0.00096,0.00130,0.99737,0.00037
9.10000,2.02194,0.00114,0.00163,0.99678,0.00045
9.20000,2.02194,0.00114,0.00172,0.99669,0.00045
9.30000,2.02194,0.00104,0.00149,0.99708,0.00038
9.40000,2.02194,0.00092,0.00125,0.99751,0.00032
9.50000,2.02194,0.00112,0.00162,0.99690,0.00036
9.60000,2.02194,0.00097,0.00136,0.99736,0.00031
9.70000,2.02194,0.00106,0.00156,0.99702,0.00037
9.80000,2.02194,0.00096,0.00147,0.99723,0.00034
9.90000,2.02194,0.00107,0.00178,0.99670,0.00045
10.00000,2.02194,0.00099,0.00166,0.99694,0.00041
10.10000,2.02194,0.00113,0.00181,0.99658,0.00048
10.20000,2.02194,0.00108,0.00164,0.99683,0.00046
10.30000,2.02194,0.00138,0.00229,0.99568,0.00065
10.40000,2.02194,0.00125,0.00196,0.99618,0.00060
10.50000,2.02194,0.00145,0.00246,0.99540,0.00070
10.60000,2.02194,0.00130,0.00180,0.99631,0.00058
10.70000,2.02194,0.00141,0.00187,0.99610,0.00062
10.80000,2.02194,0.00141,0.00178,0.99618,0.00063
10.90000,2.02194,0.00154,0.00170,0.99617,0.00059
11.00000,2.02194,0.00148,0.00147,0.99648,0.00057
11.10000,2.02194,0.00167,0.00167,0.99600,0.00065
11.20000,2.02194,0.00153,0.00144,0.99644,0.00060
11.30000,2.02194,0.00164,0.00160,0.99614,0.00062
11.40000,2.02194,0.00184,0.00176,0.99557,0.00083
11.50000,2.02194,0.00182,0.00163,0.99575,0.00079
11.60000,2.02194,0.00178,0.00152,0.99592,0.00079
11.70000,2.02194,0.00162,0.00140,0.99639,0.00059
11.80000,2.02194,0.00147,0.00126,0.99669,0.00057
11.90000,2.02194,0.00139,0.00108,0.99706,0.00048
12.00000,2.02194,0.00160,0.00143,0.99634,0.00063
12.10000,2.02194,0.00143,0.00114,0.99689,0.00054
12.20000,2.02194,0.00141,0.00123,0.99673,0.00063
12.30000,2.02194,0.00132,0.00113,0.99705,0.00049
12.40000,2.02194,0.00147,0.00132,0.99657,0.00065
12.50000,2.02194,0.00145,0.00131,0.99657,0.00067
12.60000,2.02194,0.00150,0.00161,0.99614,0.00075
12.70000,2.02194,0.00143,0.00152,0.99637,0.00068
12.80000,2.02194,0.00127,0.00145,0.99664,0.00064
12.90000,2.02194,0.00127,0.00148,0.99667,0.00059
13.00000,2.02194,0.00125,0.00159,0.99659,0.00058
13.10000,2.02194,0.00095,0.00092,0.99773,0.00040
13.20000,2.02194,0.00103,0.00107,0.99746,0.00043
13.30000,2.02194,0.00103,0.00094,0.99761,0.00042
13.40000,2.02194,0.00102,0.00089,0.99772,0.00037
13.50000,2.02194,0.00090,0.00080,0.99796,0.00034
13.60000,2.02194,0.00105,0.00095,0.99759,0.00041
13.70000,2.02194,0.00106,0.00100,0.99746,0.00047
13.80000,2.02194,0.00105,0.00096,0.99757,0.00042
13.90000,2.02194,0.00097,0.00084,0.99779,0.00040
14.00000,2.02194,0.00096,0.00077,0.99792,0.00035
14.10000,2.02194,0.00099,0.00091,0.99775,0.00035
14.20000,2.02194,0.00108,0.00100,0.99757,0.00036
14.30000,2.02194,0.00101,0.00110,0.99753,0.00036
14.40000,2.02194,0.00117,0.00111,0.99732,0.00040
14.50000,2.02194,0.00109,0.00109,0.99743,0.00038
14.60000,2.02194,0.00123,0.00106,0.99730,0.00041
14.70000,2.02194,0.00110,0.00100,0.99749,0.00041
14.80000,2.02194,0.00126,0.00115,0.99714,0.00046
14.90000,2.02194,0.00121,0.00107,0.99727,0.00045
15.00000,2.02194,0.00130,0.00121,0.99702,0.00048
15.10000,2.02194,0.00142,0.00149,0.99653,0.00056
15.20000,2.02194,0.00138,0.00155,0.99653,0.00053
15.30000,2.02194,0.00135,0.00168,0.99643,0.00054
15.40000,2.02194,0.00135,0.00172,0.99638,0.00055
15.50000,2.02194,0.00129,0.00152,0.99668,0.00051
15.60000,2.02194,0.00110,0.00113,0.99736,0.00040
15.70000,2.02194,0.00107,0.00094,0.99763,0.00036
15.80000,2.02194,0.00100,0.00094,0.99771,0.00035
15.90000,2.02194,0.00108,0.00112,0.99742,0.00038
16.00000,2.02194,0.00094,0.00104,0.99769,0.00033
16.10000,2.02194,0.00084,0.00077,0.99812,0.00027
16.20000,2.02194,0.00092,0.00088,0.99791,0.00029
16.30000,2.02194,0.00083,0.00073,0.99818,0.00026
16.40000,2.02194,0.00096,0.00090,0.99785,0.00030
16.50000,2.02194,0.00084,0.00079,0.99811,0.00026
16.60000,2.02194,0.00074,0.00077,0.99827,0.00022
16.70000,2.02194,0.00090,0.00105,0.99776,0.00029
16.80000,2.02194,0.00086,0.00094,0.99792,0.00028
16.90000,2.02194,0.00083,0.00087,0.99801,0.00028
17.00000,2.02194,0.00090,0.00102,0.99777,0.00031
17.10000,2.02194,0.00096,0.00098,0.99774,0.00032
17.20000,2.02194,0.00091,0.00093,0.99784,0.00032
17.30000,2.02194,0.00093,0.00089,0.99789,0.00030
17.40000,2.02194,0.00105,0.00104,0.99753,0.00038
17.50000,2.02194,0.00113,0.00114,0.99733,0.00040
17.60000,2.02194,0.00101,0.00107,0.99752,0.00040
17.70000,2.02194,0.00122,0.00132,0.99694,0.00052
17.80000,2.02194,0.00129,0.00144,0.99670,0.00057
17.90000,2.02194,0.00119,0.00108,0.99728,0.00045
18.00000,2.02194,0.00127,0.00114,0.99708,0.00051
18.10000,2.02194,0.00141,0.00153,0.99644,0.00062
18.20000,2.02194,0.00123,0.00133,0.99688,0.00056
18.30000,2.02194,0.00141,0.00160,0.99636,0.00063
18.40000,2.02194,0.00102,0.00106,0.99747,0.00046
18.50000,2.02194,0.00091,0.00088,0.99784,0.00037
18.60000,2.02194,0.00101,0.00109,0.99748,0.00042
18.70000,2.02194,0.00101,0.00117,0.99740,0.00042
18.80000,2.02194,0.00104,0.00112,0.99741,0.00042
18.90000,2.02194,0.00093,0.00099,0.99773,0.00035
19.00000,2.02194,0.00086,0.00091,0.99793,0.00030
19.10000,2.02194,0.00093,0.00138,0.99734,0.00036
19.20000,2.02194,0.00101,0.00148,0.99715,0.00036
19.30000,2.02194,0.00102,0.00149,0.99711,0.00038
19.40000,2.02194,0.00092,0.00104,0.99776,0.00028
19.50000,2.02194,0.00093,0.00113,0.99762,0.00032
19.60000,2.02194,0.00088,0.00078,0.99811,0.00023
19.70000,2.02194,0.00083,0.00076,0.99817,0.00024
19.80000,2.02194,0.00090,0.00077,0.99810,0.00023
19.90000,2.02194,0.00076,0.00065,0.99837,0.00022
20.00000,2.02194,0.00070,0.00053,0.99861,0.00016
20.10000,2.02194,0.00063,0.00046,0.99876,0.00016
20.20000,2.02194,0.00062,0.00041,0.99883,0.00014
20.30000,2.02194,0.00060,0.00043,0.99882,0.00015
20.40000,2.02194,0.00067,0.00049,0.99870,0.00015
20.50000,2.02194,0.00074,0.00052,0.99857,0.00017
20.60000,2.02194,0.00059,0.00037,0.99891,0.00013
20.70000,2.02194,0.00053,0.00028,0.99907,0.00012
20.80000,2.02194,0.00048,0.00027,0.99916,0.00010
20.90000,2.02194,0.00060,0.00036,0.99889,0.00015
21.00000,2.02194,0.00065,0.00041,0.99878,0.00016
21.10000,2.02194,0.00055,0.00021,0.99913,0.00012
21.20000,2.02194,0.00050,0.00020,0.99921,0.00010
21.30000,2.02194,0.00053,0.00024,0.99912,0.00011
21.40000,2.02194,0.00051,0.00027,0.99911,0.00011
21.50000,2.02194,0.00057,0.00029,0.99903,0.00011
21.60000,2.02194,0.00058,0.00028,0.99904,0.00010
21.70000,2.02194,0.00072,0.00039,0.99876,0.00014
21.80000,2.02194,0.00074,0.00048,0.99862,0.00015
21.90000,2.02194,0.00079,0.00046,0.99859,0.00016
22.00000,2.02194,0.00077,0.00049,0.99856,0.00017
22.10000,2.02194,0.00083,0.00050,0.99850,0.00017
22.20000,2.02194,0.00081,0.00053,0.99848,0.00019
22.30000,2.02194,0.00074,0.00045,0.99866,0.00016
22.40000,2.02194,0.00066,0.00045,0.99874,0.00014
22.50000,2.02194,0.00071,0.00049,0.99866,0.00014
22.60000,2.02194,0.00062,0.00050,0.99876,0.00013
22.70000,2.02194,0.00063,0.00049,0.99875,0.00013
22.80000,2.02194,0.00050,0.00038,0.99903,0.00009
22.90000,2.02194,0.00045,0.00033,0.99914,0.00008
23.00000,2.02194,0.00041,0.00030,0.99922,0.00007
23.10000,2.02194,0.00055,0.00045,0.99888,0.00011
23.20000,2.02194,0.00054,0.00044,0.99891,0.00012
23.30000,2.02194,0.00057,0.00045,0.99887,0.00012
23.40000,2.02194,0.00049,0.00039,0.99901,0.00010
23.50000,2.02194,0.00043,0.00041,0.99906,0.00010
23.60000,2.02194,0.00040,0.00041,0.99910,0.00009
23.70000,2.02194,0.00035,0.00034,0.99924,0.00007
23.80000,2.02194,0.00045,0.00046,0.99898,0.00010
23.90000,2.02194,0.00048,0.00055,0.99886,0.00011
24.00000,2.02194,0.00041,0.00049,0.99901,0.00009
24.10000,2.02194,0.00043,0.00052,0.99896,0.00009
24.20000,2.02194,0.00039,0.00041,0.99912,0.00008
24.30000,2.02194,0.00045,0.00047,0.99897,0.00010
24.40000,2.02194,0.00043,0.00042,0.99906,0.00010
24.50000,2.02194,0.00049,0.00046,0.99894,0.00011
24.60000,2.02194,0.00056,0.00055,0.99877,0.00012
24.70000,2.02194,0.00057,0.00063,0.99865,0.00014
24.80000,2.02194,0.00068,0.00077,0.99837,0.00018
24.90000,2.02194,0.00062,0.00072,0.99849,0.00017
25.00000,2.02194,0.00059,0.00072,0.99852,0.00016
25.10000,2.02194,0.00047,0.00063,0.99877,0.00013
25.20000,2.02194,0.00053,0.00068,0.99864,0.00015
25.30000,2.02194,0.00039,0.00054,0.99895,0.00012
25.40000,2.02194,0.00051,0.00060,0.99874,0.00015
25.50000,2.02194,0.00055,0.00075,0.99852,0.00018
25.60000,2.02194,0.00064,0.00091,0.99825,0.00021
25.70000,2.02194,0.00059,0.00085,0.99837,0.00018
25.80000,2.02194,0.00062,0.00099,0.99820,0.00019
25.90000,2.02194,0.00057,0.00083,0.99844,0.00017
26.00000,2.02194,0.00071,0.00081,0.99829,0.00019
26.10000,2.02194,0.00062,0.00073,0.99848,0.00017
26.20000,2.02194,0.00076,0.00084,0.99819,0.00020
26.30000,2.02194,0.00062,0.00073,0.99848,0.00017
26.40000,2.02194,0.00071,0.00077,0.99832,0.00020
26.50000,2.02194,0.00067,0.00077,0.99837,0.00019
26.60000,2.02194,0.00067,0.00068,0.99846,0.00019
26.70000,2.02194,0.00079,0.00082,0.99818,0.00021
26.80000,2.02194,0.00105,0.00107,0.99762,0.00026
26.90000,2.02194,0.00104,0.00112,0.99757,0.00027
27.00000,2.02194,0.00124,0.00147,0.99692,0.00037
27.10000,2.02194,0.00131,0.00178,0.99651,0.00040
27.20000,2.02194,0.00147,0.00178,0.99633,0.00041
27.30000,2.02194,0.00137,0.00162,0.99664,0.00037
27.40000,2.02194,0.00119,0.00124,0.99725,0.00032
27.50000,2.02194,0.00115,0.00110,0.99742,0.00032
27.60000,2.02194,0.00120,0.00134,0.99712,0.00035
27.70000,2.02194,0.00118,0.00124,0.99721,0.00036
27.80000,2.02194,0.00094,0.00093,0.99786,0.00027
27.90000,2.02194,0.00085,0.00083,0.99805,0.00027
28.00000,2.02194,0.00075,0.00087,0.99813,0.00024
28.10000,2.02194,0.00088,0.00110,0.99773,0.00029
28.20000,2.02194,0.00084,0.00105,0.99784,0.00027
28.30000,2.02194,0.00095,0.00112,0.99761,0.00032
28.40000,2.02194,0.00088,0.00098,0.99787,0.00027
28.50000,2.02194,0.00107,0.00114,0.99745,0.00034
28.60000,2.02194,0.00091,0.00096,0.99787,0.00027
28.70000,2.02194,0.00097,0.00090,0.99781,0.00031
28.80000,2.02194,0.00068,0.00054,0.99859,0.00018
28.90000,2.02194,0.00070,0.00055,0.99856,0.00019
29.00000,2.02194,0.00081,0.00065,0.99832,0.00022
29.10000,2.02194,0.00085,0.00077,0.99813,0.00025
29.20000,2.02194,0.00088,0.00084,0.99804,0.00024
29.30000,2.02194,0.00104,0.00115,0.99748,0.00032
29.40000,2.02194,0.00116,0.00130,0.99717,0.00037
29.50000,2.02194,0.00105,0.00101,0.99761,0.00032
29.60000,2.02194,0.00083,0.00072,0.99821,0.00025
29.70000,2.02194,0.00070,0.00056,0.99854,0.00021
29.80000,2.02194,0.00072,0.00055,0.99852,0.00021
29.90000,2.02194,0.00072,0.00058,0.99847,0.00023
30.00000,2.02194,0.00080,0.00061,0.99835,0.00024
30.10000,2.02194,0.00070,0.00057,0.99851,0.00022
30.20000,2.02194,0.00071,0.00050,0.99857,0.00021
30.30000,2.02194,0.00079,0.00064,0.99833,0.00024
30.40000,2.02194,0.00093,0.00079,0.99801,0.00027
30.50000,2.02194,0.00085,0.00080,0.99810,0.00026
30.60000,2.02194,0.00080,0.00072,0.99824,0.00024
30.70000,2.02194,0.00084,0.00071,0.99821,0.00024
30.80000,2.02194,0.00088,0.00065,0.99824,0.00023
30.90000,2.02194,0.00082,0.00059,0.99837,0.00022
31.00000,2.02194,0.00057,0.00032,0.99899,0.00012
31.10000,2.02194,0.00058,0.00035,0.99893,0.00014
31.20000,2.02194,0.00054,0.00029,0.99905,0.00012
31.30000,2.02194,0.00063,0.00043,0.99878,0.00016
31.40000,2.02194,0.00069,0.00053,0.99861,0.00017
31.50000,2.02194,0.00065,0.00058,0.99858,0.00018
31.60000,2.02194,0.00069,0.00062,0.99851,0.00018
31.70000,2.02194,0.00072,0.00072,0.99835,0.00021
31.80000,2.02194,0.00068,0.00061,0.99854,0.00018
31.90000,2.02194,0.00060,0.00055,0.99869,0.00016
32.00000,2.02194,0.00065,0.00057,0.99862,0.00016
32.10000,2.02194,0.00070,0.00071,0.99841,0.00019
32.20000,2.02194,0.00064,0.00063,0.99857,0.00017
32.30000,2.02194,0.00059,0.00053,0.99871,0.00017
32.40000,2.02193,0.00056,0.00042,0.99889,0.00014
32.50000,2.02194,0.00050,0.00041,0.99895,0.00013
32.60000,2.02194,0.00055,0.00038,0.99893,0.00013
32.70000,2.02194,0.00051,0.00035,0.99902,0.00012
32.80000,2.02194,0.00050,0.00032,0.99905,0.00013
32.90000,2.02193,0.00051,0.00038,0.99898,0.00013
33.00000,2.02194,0.00063,0.00046,0.99873,0.00019
33.10000,2.02194,0.00051,0.00032,0.99903,0.00014
33.20000,2.02194,0.00053,0.00030,0.99903,0.00014
33.30000,2.02194,0.00041,0.00020,0.99929,0.00010
33.40000,2.02193,0.00047,0.00024,0.99918,0.00012
33.50000,2.02194,0.00051,0.00030,0.99906,0.00012
33.60000,2.02194,0.00066,0.00034,0.99885,0.00015
33.70000,2.02194,0.00073,0.00045,0.99864,0.00017
33.80000,2.02194,0.00093,0.00057,0.99828,0.00023
33.90000,2.02193,0.00088,0.00065,0.99827,0.00020
34.00000,2.02194,0.00081,0.00064,0.99835,0.00019
34.10000,2.02194,0.00058,0.00039,0.99891,0.00012
34.20000,2.02194,0.00057,0.00043,0.99887,0.00013
34.30000,2.02194,0.00047,0.00036,0.99908,0.00010
34.40000,2.02193,0.00051,0.00037,0.99901,0.00012
34.50000,2.02194,0.00041,0.00025,0.99925,0.00010
34.60000,2.02194,0.00043,0.00026,0.99921,0.00011
34.70000,2.02194,0.00039,0.00029,0.99922,0.00010
34.80000,2.02194,0.00051,0.00043,0.99893,0.00013
34.90000,2.02193,0.00051,0.00051,0.99885,0.00013
35.00000,2.02194,0.00055,0.00057,0.99873,0.00015
35.10000,2.02194,0.00051,0.00047,0.99889,0.00012
35.20000,2.02194,0.00053,0.00046,0.99889,0.00013
35.30000,2.02194,0.00055,0.00047,0.99884,0.00014
35.40000,2.02193,0.00041,0.00027,0.99922,0.00009
35.50000,2.02194,0.00039,0.00024,0.99928,0.00008
35.60000,2.02194,0.00037,0.00022,0.99933,0.00008
35.70000,2.02194,0.00032,0.00018,0.99943,0.00007
35.80000,2.02194,0.00031,0.00017,0.99945,0.00007
35.90000,2.02193,0.00036,0.00018,0.99939,0.00007
36.00000,2.02194,0.00040,0.00021,0.99930,0.00009
36.10000,2.02194,0.00049,0.00030,0.99909,0.00011
36.20000,2.02194,0.00059,0.00042,0.99883,0.00016
36.30000,2.02194,0.00076,0.00060,0.99842,0.00021
36.40000,2.02193,0.00071,0.00060,0.99848,0.00021
36.50000,2.02194,0.00077,0.00074,0.99827,0.00022
36.60000,2.02194,0.00077,0.00075,0.99826,0.00023
36.70000,2.02194,0.00072,0.00067,0.99840,0.00021
36.80000,2.02194,0.00078,0.00059,0.99842,0.00021
36.90000,2.02193,0.00079,0.00049,0.99852,0.00019
37.00000,2.02194,0.00077,0.00052,0.99853,0.00018
37.10000,2.02194,0.00090,0.00079,0.99811,0.00021
37.20000,2.02194,0.00101,0.00113,0.99762,0.00024
37.30000,2.02194,0.00137,0.00197,0.99636,0.00030
37.40000,2.02193,0.00163,0.00276,0.99521,0.00040
37.50000,2.02194,0.00183,0.00352,0.99419,0.00047
37.60000,2.02194,0.00185,0.00396,0.99374,0.00046
37.70000,2.02194,0.00192,0.00407,0.99353,0.00048
37.80000,2.02194,0.00215,0.00438,0.99295,0.00052
37.90000,2.02193,0.00218,0.00482,0.99243,0.00057
38.00000,2.02194,0.00179,0.00348,0.99433,0.00040
38.10000,2.02194,0.00167,0.00303,0.99491,0.00038
38.20000,2.02194,0.00164,0.00290,0.99511,0.00034
38.30000,2.02194,0.00183,0.00386,0.99392,0.00038
38.40000,2.02193,0.00184,0.00443,0.99340,0.00033
38.50000,2.02194,0.00191,0.00514,0.99259,0.00036
38.60000,2.02194,0.00190,0.00470,0.99308,0.00032
38.70000,2.02194,0.00165,0.00429,0.99377,0.00028
38.80000,2.02194,0.00133,0.00374,0.99471,0.00022
38.90000,2.02193,0.00152,0.00334,0.99490,0.00024
39.00000,2.02194,0.00172,0.00354,0.99445,0.00029
39.10000,2.02194,0.00133,0.00231,0.99612,0.00024
39.20000,2.02194,0.00107,0.00140,0.99737,0.00016
39.30000,2.02194,0.00077,0.00085,0.99826,0.00012
39.40000,2.02193,0.00058,0.00052,0.99881,0.00008
39.50000,2.02194,0.00053,0.00045,0.99894,0.00008
39.60000,2.02194,0.00059,0.00045,0.99887,0.00009
39.70000,2.02194,0.00077,0.00085,0.99823,0.00014
39.80000,2.02194,0.00065,0.00055,0.99869,0.00010
39.90000,2.02193,0.00055,0.00045,0.99892,0.00009
40.00000,2.02194,0.00057,0.00038,0.99897,0.00009
40.10000,2.02194,0.00059,0.00043,0.99889,0.00009
40.20000,2.02194,0.00049,0.00031,0.99914,0.00006
40.30000,2.02194,0.00059,0.00037,0.99896,0.00008
40.40000,2.02193,0.00059,0.00033,0.99900,0.00008
40.50000,2.02194,0.00063,0.00035,0.99894,0.00008
40.60000,2.02194,0.00069,0.00038,0.99885,0.00009
40.70000,2.02194,0.00083,0.00056,0.99849,0.00012
40.80000,2.02194,0.00085,0.00058,0.99844,0.00013
40.90000,2.02193,0.00077,0.00063,0.99846,0.00014
41.00000,2.02194,0.00072,0.00053,0.99864,0.00011
41.10000,2.02194,0.00080,0.00062,0.99845,0.00013
41.20000,2.02194,0.00078,0.00053,0.99855,0.00014
41.30000,2.02194,0.00076,0.00059,0.99850,0.00015
41.40000,2.02193,0.00081,0.00060,0.99846,0.00013
41.50000,2.02194,0.00096,0.00084,0.99806,0.00015
41.60000,2.02194,0.00094,0.00079,0.99813,0.00014
41.70000,2.02194,0.00081,0.00063,0.99844,0.00012
41.80000,2.02194,0.00113,0.00096,0.99774,0.00017
41.90000,2.02193,0.00114,0.00113,0.99755,0.00018
42.00000,2.02194,0.00158,0.00172,0.99644,0.00026
42.10000,2.02194,0.00141,0.00159,0.99670,0.00030
42.20000,2.02194,0.00200,0.00239,0.99513,0.00048
42.30000,2.02194,0.00145,0.00170,0.99652,0.00033
42.40000,2.02193,0.00137,0.00134,0.99695,0.00034
42.50000,2.02194,0.00136,0.00172,0.99654,0.00038
42.60000,2.02194,0.00157,0.00182,0.99617,0.00045
42.70000,2.02194,0.00147,0.00187,0.99625,0.00042
42.80000,2.02194,0.00123,0.00134,0.99709,0.00034
42.90000,2.02193,0.00131,0.00215,0.99612,0.00041
43.00000,2.02194,0.00145,0.00195,0.99617,0.00042
43.10000,2.02194,0.00131,0.00202,0.99625,0.00041
43.20000,2.02194,0.00156,0.00207,0.99595,0.00042
43.30000,2.02194,0.00196,0.00341,0.99409,0.00054
43.40000,2.02193,0.00323,0.00572,0.99000,0.00105
43.50000,2.02194,0.00274,0.00406,0.99231,0.00089
43.60000,2.02194,0.00348,0.00448,0.99093,0.00111
43.70000,2.02194,0.00266,0.00356,0.99295,0.00082
43.80000,2.02194,0.00216,0.00232,0.99491,0.00061
43.90000,2.02193,0.00197,0.00219,0.99525,0.00059
44.00000,2.02194,0.00209,0.00197,0.99543,0.00051
44.10000,2.02194,0.00278,0.00252,0.99408,0.00061
44.20000,2.02194,0.00242,0.00194,0.99512,0.00052
44.30000,2.02194,0.00255,0.00230,0.99456,0.00059
44.40000,2.02193,0.00266,0.00231,0.99443,0.00060
44.50000,2.02194,0.00238,0.00214,0.99500,0.00047
44.60000,2.02194,0.00284,0.00264,0.99390,0.00062
44.70000,2.02194,0.00247,0.00207,0.99495,0.00050
44.80000,2.02194,0.00250,0.00215,0.99478,0.00057
44.90000,2.02193,0.00279,0.00233,0.99430,0.00058
45.00000,2.02194,0.00242,0.00190,0.99514,0.00054
45.10000,2.02194,0.00277,0.00208,0.99460,0.00055
45.20000,2.02194,0.00267,0.00226,0.99444,0.00063
45.30000,2.02194,0.00240,0.00181,0.99526,0.00053
45.40000,2.02193,0.00181,0.00126,0.99653,0.00040
45.50000,2.02194,0.00170,0.00127,0.99667,0.00035
45.60000,2.02194,0.00137,0.00105,0.99729,0.00029
45.70000,2.02194,0.00159,0.00120,0.99689,0.00033
45.80000,2.02194,0.00152,0.00122,0.99687,0.00039
45.90000,2.02193,0.00167,0.00133,0.99654,0.00045
46.00000,2.02194,0.00140,0.00126,0.99688,0.00046
46.10000,2.02194,0.00115,0.00082,0.99769,0.00034
46.20000,2.02194,0.00123,0.00097,0.99743,0.00036
46.30000,2.02194,0.00132,0.00089,0.99736,0.00043
46.40000,2.02193,0.00112,0.00081,0.99773,0.00034
46.50000,2.02194,0.00103,0.00071,0.99793,0.00033
46.60000,2.02194,0.00073,0.00046,0.99860,0.00021
46.70000,2.02194,0.00109,0.00080,0.99775,0.00036
46.80000,2.02194,0.00126,0.00092,0.99743,0.00039
46.90000,2.02193,0.00132,0.00108,0.99719,0.00042
47.00000,2.02194,0.00134,0.00133,0.99689,0.00044
47.10000,2.02194,0.00139,0.00121,0.99693,0.00047
47.20000,2.02194,0.00120,0.00089,0.99755,0.00036
47.30000,2.02194,0.00091,0.00058,0.99823,0.00028
47.40000,2.02193,0.00078,0.00058,0.99837,0.00027
47.50000,2.02194,0.00079,0.00056,0.99840,0.00026
47.60000,2.02194,0.00071,0.00050,0.99857,0.00023
47.70000,2.02194,0.00071,0.00041,0.99868,0.00021
47.80000,2.02194,0.00076,0.00048,0.99854,0.00022
47.90000,2.02193,0.00072,0.00039,0.99870,0.00019
48.00000,2.02194,0.00060,0.00037,0.99887,0.00016
48.10000,2.02194,0.00062,0.00040,0.99884,0.00015
48.20000,2.02194,0.00046,0.00027,0.99916,0.00010
48.30000,2.02194,0.00051,0.00031,0.99907,0.00011
48.40000,2.02193,0.00063,0.00040,0.99883,0.00015
48.50000,2.02194,0.00110,0.00077,0.99787,0.00026
48.60000,2.02194,0.00161,0.00132,0.99662,0.00045
48.70000,2.02194,0.00180,0.00150,0.99623,0.00046
48.80000,2.02194,0.00138,0.00091,0.99737,0.00034
48.90000,2.02193,0.00119,0.00073,0.99780,0.00028
49.00000,2.02194,0.00103,0.00063,0.99808,0.00027
49.10000,2.02194,0.00124,0.00080,0.99763,0.00033
49.20000,2.02194,0.00115,0.00086,0.99768,0.00031
49.30000,2.02194,0.00128,0.00087,0.99750,0.00035
49.40000,2.02193,0.00123,0.00093,0.99746,0.00038
49.50000,2.02194,0.00149,0.00103,0.99703,0.00045
49.60000,2.02194,0.00167,0.00130,0.99648,0.00055
49.70000,2.02194,0.00173,0.00132,0.99642,0.00052
49.80000,2.02194,0.00154,0.00113,0.99684,0.00049
49.90000,2.02193,0.00189,0.00158,0.99595,0.00058
50.00000,2.02194,0.00168,0.00146,0.99627,0.00059
50.10000,2.02194,0.00213,0.00181,0.99537,0.00069
50.20000,2.02194,0.00197,0.00160,0.99572,0.00070
50.30000,2.02194,0.00331,0.00255,0.99302,0.00113
50.40000,2.02193,0.00263,0.00168,0.99474,0.00095
50.50000,2.02194,0.00252,0.00147,0.99518,0.00083
50.60000,2.02194,0.00191,0.00127,0.99618,0.00063
50.70000,2.02194,0.00192,0.00128,0.99613,0.00067
50.80000,2.02194,0.00170,0.00134,0.99632,0.00064
50.90000,2.02193,0.00175,0.00128,0.99634,0.00063
51.00000,2.02194,0.00150,0.00122,0.99677,0.00051
51.10000,2.02194,0.00140,0.00101,0.99713,0.00046
51.20000,2.02194,0.00154,0.00119,0.99673,0.00054
51.30000,2.02194,0.00181,0.00151,0.99605,0.00062
51.40000,2.02193,0.00163,0.00144,0.99641,0.00052
51.50000,2.02194,0.00186,0.00165,0.99592,0.00057
51.60000,2.02194,0.00186,0.00206,0.99548,0.00060
51.70000,2.02194,0.00181,0.00187,0.99570,0.00062
51.80000,2.02194,0.00164,0.00193,0.99586,0.00057
51.90000,2.02193,0.00162,0.00170,0.99611,0.00057
52.00000,2.02194,0.00168,0.00200,0.99570,0.00063
52.10000,2.02194,0.00130,0.00113,0.99711,0.00045
52.20000,2.02194,0.00119,0.00114,0.99725,0.00042
52.30000,2.02194,0.00090,0.00068,0.99813,0.00029
52.40000,2.02193,0.00108,0.00101,0.99757,0.00034
52.50000,2.02194,0.00099,0.00081,0.99789,0.00031
52.60000,2.02194,0.00084,0.00074,0.99815,0.00027
52.70000,2.02194,0.00087,0.00063,0.99827,0.00024
52.80000,2.02194,0.00090,0.00063,0.99821,0.00027
52.90000,2.02193,0.00080,0.00046,0.99852,0.00022
53.00000,2.02194,0.00086,0.00058,0.99829,0.00026
53.10000,2.02194,0.00083,0.00059,0.99832,0.00026
53.20000,2.02194,0.00073,0.00045,0.99859,0.00024
53.30000,2.02194,0.00065,0.00036,0.99880,0.00020
53.40000,2.02193,0.00067,0.00032,0.99879,0.00021
53.50000,2.02194,0.00059,0.00025,0.99899,0.00017
53.60000,2.02194,0.00060,0.00027,0.99896,0.00017
53.70000,2.02194,0.00064,0.00030,0.99888,0.00018
53.80000,2.02194,0.00076,0.00036,0.99864,0.00024
53.90000,2.02193,0.00084,0.00041,0.99848,0.00026
54.00000,2.02194,0.00079,0.00035,0.99862,0.00024
54.10000,2.02194,0.00081,0.00044,0.99850,0.00026
54.20000,2.02194,0.00080,0.00044,0.99851,0.00026
54.30000,2.02194,0.00090,0.00059,0.99820,0.00031
54.40000,2.02193,0.00065,0.00037,0.99873,0.00024
54.50000,2.02194,0.00082,0.00049,0.99839,0.00030
54.60000,2.02194,0.00066,0.00034,0.99875,0.00025
54.70000,2.02194,0.00066,0.00041,0.99869,0.00025
54.80000,2.02194,0.00086,0.00058,0.99821,0.00035
54.90000,2.02193,0.00087,0.00059,0.99824,0.00030
55.00000,2.02194,0.00082,0.00054,0.99832,0.00032
55.10000,2.02194,0.00084,0.00050,0.99839,0.00027
55.20000,2.02194,0.00087,0.00060,0.99823,0.00029
55.30000,2.02194,0.00090,0.00062,0.99819,0.00030
55.40000,2.02193,0.00097,0.00073,0.99796,0.00035
55.50000,2.02194,0.00094,0.00069,0.99805,0.00032
55.60000,2.02194,0.00093,0.00069,0.99807,0.00031
55.70000,2.02194,0.00103,0.00075,0.99790,0.00032
55.80000,2.02194,0.00104,0.00082,0.99781,0.00033
55.90000,2.02193,0.00104,0.00078,0.99786,0.00032
56.00000,2.02194,0.00097,0.00081,0.99790,0.00031
56.10000,2.02194,0.00103,0.00075,0.99792,0.00030
56.20000,2.02194,0.00112,0.00081,0.99774,0.00033
56.30000,2.02194,0.00087,0.00053,0.99838,0.00021
56.40000,2.02193,0.00085,0.00064,0.99829,0.00022
56.50000,2.02194,0.00071,0.00046,0.99867,0.00016
56.60000,2.02194,0.00080,0.00064,0.99835,0.00021
56.70000,2.02194,0.00140,0.00124,0.99701,0.00036
56.80000,2.02194,0.00135,0.00126,0.99702,0.00036
56.90000,2.02193,0.00189,0.00204,0.99553,0.00054
57.00000,2.02194,0.00285,0.00361,0.99269,0.00085
57.10000,2.02194,0.00270,0.00301,0.99357,0.00072
57.20000,2.02194,0.00302,0.00369,0.99243,0.00086
57.30000,2.02194,0.00267,0.00316,0.99338,0.00079
57.40000,2.02193,0.00295,0.00423,0.99179,0.00103
57.50000,2.02194,0.00263,0.00389,0.99260,0.00088
57.60000,2.02194,0.00256,0.00365,0.99290,0.00089
57.70000,2.02194,0.00255,0.00371,0.99293,0.00081
57.80000,2.02194,0.00195,0.00238,0.99508,0.00059
57.90000,2.02193,0.00225,0.00311,0.99400,0.00064
58.00000,2.02194,0.00258,0.00414,0.99246,0.00082
58.10000,2.02194,0.00300,0.00567,0.99042,0.00090
58.20000,2.02194,0.00312,0.00596,0.98994,0.00099
58.30000,2.02194,0.00397,0.00892,0.98573,0.00137
58.40000,2.02193,0.00409,0.00864,0.98595,0.00132
58.50000,2.02194,0.00460,0.01008,0.98389,0.00143
58.60000,2.02194,0.00366,0.00829,0.98693,0.00113
58.70000,2.02194,0.00304,0.00688,0.98918,0.00089
58.80000,2.02194,0.00272,0.00677,0.98972,0.00079
58.90000,2.02193,0.00205,0.00447,0.99288,0.00060
59.00000,2.02194,0.00211,0.00553,0.99165,0.00071
59.10000,2.02194,0.00236,0.00707,0.98976,0.00081
59.20000,2.02194,0.00295,0.01088,0.98506,0.00111
59.30000,2.02194,0.00417,0.01967,0.97472,0.00144
59.40000,2.02193,0.00446,0.02394,0.96996,0.00164
