Time (seconds), Duration (seconds),pred_unlabelled,pred_Air,pred_Floor,pred_Carpet
0.00000,2.02194,0.99480,0.00110,0.00054,0.00355
0.10000,2.02194,0.99492,0.00110,0.00053,0.00345
0.20000,2.02194,0.99407,0.00138,0.00051,0.00404
0.30000,2.02194,0.99608,0.00086,0.00037,0.00269
0.40000,2.02194,0.99816,0.00034,0.00015,0.00134
0.50000,2.02194,0.99882,0.00022,0.00009,0.00086
0.60000,2.02194,0.99902,0.00018,0.00008,0.00072
0.70000,2.02194,0.99886,0.00020,0.00011,0.00083
0.80000,2.02194,0.99859,0.00022,0.00013,0.00106
0.90000,2.02194,0.99746,0.00032,0.00019,0.00203
1.00000,2.02194,0.99621,0.00030,0.00026,0.00323
1.10000,2.02194,0.99295,0.00038,0.00036,0.00631
1.20000,2.02194,0.98829,0.00045,0.00049,0.01078
1.30000,2.02194,0.97899,0.00052,0.00058,0.01990
1.40000,2.02194,0.96512,0.00063,0.00079,0.03346
1.50000,2.02194,0.93453,0.00083,0.00100,0.06364
1.60000,2.02194,0.89664,0.00098,0.00134,0.10103
1.70000,2.02194,0.81272,0.00125,0.00164,0.18439
1.80000,2.02194,0.72147,0.00150,0.00181,0.27522
1.90000,2.02194,0.58997,0.00166,0.00172,0.40664
2.00000,2.02194,0.46027,0.00168,0.00184,0.53620
2.10000,2.02194,0.29784,0.00147,0.00185,0.69884
2.20000,2.02194,0.21048,0.00108,0.00141,0.78702
2.30000,2.02194,0.09351,0.00115,0.00138,0.90396
2.40000,2.02194,0.03053,0.00108,0.00121,0.96718
2.50000,2.02194,0.01094,0.00072,0.00090,0.98744
2.60000,2.02194,0.00574,0.00067,0.00069,0.99290
2.70000,2.02194,0.00353,0.00048,0.00052,0.99546
2.80000,2.02194,0.00269,0.00043,0.00040,0.99648
2.90000,2.02194,0.00244,0.00038,0.00039,0.99679
3.00000,2.02194,0.00238,0.00038,0.00034,0.99690
3.10000,2.02194,0.00247,0.00045,0.00038,0.99670
3.20000,2.02194,0.00236,0.00048,0.00033,0.99682
3.30000,2.02194,0.00250,0.00050,0.00034,0.99665
3.40000,2.02194,0.00241,0.00054,0.00030,0.99674
3.50000,2.02194,0.00247,0.00052,0.00029,0.99672
3.60000,2.02194,0.00233,0.00054,0.00027,0.99686
3.70000,2.02194,0.00249,0.00051,0.00032,0.99668
3.80000,2.02194,0.00237,0.00045,0.00030,0.99688
3.90000,2.02194,0.00222,0.00048,0.00031,0.99699
4.00000,2.02194,0.00200,0.00050,0.00031,0.99719
4.10000,2.02194,0.00205,0.00054,0.00033,0.99707
4.20000,2.02194,0.00195,0.00054,0.00033,0.99718
4.30000,2.02194,0.00164,0.00049,0.00030,0.99757
4.40000,2.02194,0.00161,0.00048,0.00030,0.99760
4.50000,2.02194,0.00131,0.00050,0.00031,0.99788
4.60000,2.02194,0.00140,0.00047,0.00030,0.99782
4.70000,2.02194,0.00130,0.00048,0.00028,0.99794
4.80000,2.02194,0.00137,0.00055,0.00025,0.99783
4.90000,2.02194,0.00124,0.00053,0.00024,0.99799
5.00000,2.02194,0.00122,0.00060,0.00022,0.99795
5.10000,2.02194,0.00118,0.00059,0.00023,0.99801
5.20000,2.02194,0.00110,0.00066,0.00023,0.99801
5.30000,2.02194,0.00107,0.00070,0.00024,0.99799
5.40000,2.02194,0.00104,0.00075,0.00022,0.99799
5.50000,2.02194,0.00099,0.00077,0.00023,0.99802
5.60000,2.02194,0.00100,0.00081,0.00020,0.99799
5.70000,2.02194,0.00105,0.00087,0.00022,0.99786
5.80000,2.02194,0.00099,0.00084,0.00026,0.99792
5.90000,2.02194,0.00101,0.00074,0.00025,0.99800
6.00000,2.02194,0.00097,0.00073,0.00024,0.99806
6.10000,2.02194,0.00102,0.00063,0.00027,0.99808
6.20000,2.02194,0.00103,0.00061,0.00031,0.99805
6.30000,2.02194,0.00107,0.00052,0.00036,0.99804
6.40000,2.02194,0.00112,0.00049,0.00036,0.99804
6.50000,2.02194,0.00114,0.00043,0.00038,0.99805
6.60000,2.02194,0.00104,0.00039,0.00033,0.99824
6.70000,2.02194,0.00109,0.00037,0.00034,0.99820
6.80000,2.02194,0.00107,0.00033,0.00032,0.99828
6.90000,2.02194,0.00102,0.00032,0.00034,0.99833
7.00000,2.02194,0.00098,0.00028,0.00031,0.99843
7.10000,2.02194,0.00100,0.00028,0.00034,0.99838
7.20000,2.02194,0.00099,0.00023,0.00031,0.99847
7.30000,2.02194,0.00100,0.00022,0.00027,0.99851
7.40000,2.02194,0.00095,0.00019,0.00024,0.99862
7.50000,2.02194,0.00093,0.00019,0.00025,0.99863
7.60000,2.02194,0.00095,0.00019,0.00024,0.99861
7.70000,2.02194,0.00089,0.00018,0.00026,0.99867
7.80000,2.02194,0.00086,0.00019,0.00019,0.99876
7.90000,2.02194,0.00085,0.00020,0.00021,0.99874
8.00000,2.02194,0.00091,0.00021,0.00021,0.99867
8.10000,2.02194,0.00095,0.00022,0.00022,0.99860
8.20000,2.02194,0.00088,0.00021,0.00020,0.99872
8.30000,2.02194,0.00080,0.00021,0.00019,0.99879
8.40000,2.02194,0.00080,0.00021,0.00019,0.99880
8.50000,2.02194,0.00087,0.00022,0.00019,0.99871
8.60000,2.02194,0.00077,0.00022,0.00017,0.99884
8.70000,2.02194,0.00083,0.00020,0.00018,0.99880
8.80000,2.02194,0.00080,0.00019,0.00017,0.99884
8.90000,2.02194,0.00078,0.00020,0.00016,0.99885
9.00000,2.02194,0.00082,0.00021,0.00014,0.99883
9.10000,2.02194,0.00080,0.00023,0.00015,0.99882
9.20000,2.02194,0.00077,0.00028,0.00015,0.99880
9.30000,2.02194,0.00083,0.00030,0.00017,0.99870
9.40000,2.02194,0.00080,0.00028,0.00016,0.99876
9.50000,2.02194,0.00092,0.00032,0.00016,0.99860
9.60000,2.02194,0.00089,0.00035,0.00016,0.99860
9.70000,2.02194,0.00090,0.00030,0.00016,0.99864
9.80000,2.02194,0.00097,0.00030,0.00018,0.99856
9.90000,2.02194,0.00103,0.00027,0.00020,0.99850
10.00000,2.02194,0.00102,0.00027,0.00018,0.99853
10.10000,2.02194,0.00097,0.00025,0.00016,0.99862
10.20000,2.02194,0.00101,0.00025,0.00015,0.99859
10.30000,2.02194,0.00108,0.00025,0.00013,0.99854
10.40000,2.02194,0.00110,0.00027,0.00013,0.99849
10.50000,2.02194,0.00106,0.00026,0.00011,0.99857
10.60000,2.02194,0.00111,0.00028,0.00011,0.99850
10.70000,2.02194,0.00113,0.00033,0.00012,0.99842
10.80000,2.02194,0.00123,0.00037,0.00013,0.99827
10.90000,2.02194,0.00122,0.00036,0.00014,0.99828
11.00000,2.02194,0.00118,0.00032,0.00016,0.99834
11.10000,2.02194,0.00135,0.00031,0.00019,0.99815
11.20000,2.02194,0.00135,0.00028,0.00021,0.99816
11.30000,2.02194,0.00145,0.00026,0.00021,0.99808
11.40000,2.02194,0.00126,0.00024,0.00021,0.99829
11.50000,2.02194,0.00119,0.00021,0.00022,0.99838
11.60000,2.02194,0.00124,0.00021,0.00023,0.99832
11.70000,2.02194,0.00121,0.00019,0.00020,0.99840
11.80000,2.02194,0.00109,0.00018,0.00024,0.99848
11.90000,2.02194,0.00111,0.00016,0.00021,0.99852
12.00000,2.02194,0.00105,0.00018,0.00019,0.99858
12.10000,2.02194,0.00106,0.00018,0.00015,0.99861
12.20000,2.02194,0.00097,0.00020,0.00014,0.99868
12.30000,2.02194,0.00086,0.00020,0.00014,0.99880
12.40000,2.02194,0.00080,0.00020,0.00015,0.99884
12.50000,2.02194,0.00086,0.00019,0.00015,0.99881
12.60000,2.02194,0.00092,0.00020,0.00016,0.99872
12.70000,2.02194,0.00094,0.00017,0.00015,0.99874
12.80000,2.02194,0.00091,0.00017,0.00017,0.99875
12.90000,2.02194,0.00094,0.00015,0.00015,0.99876
13.00000,2.02194,0.00091,0.00016,0.00016,0.99877
13.10000,2.02194,0.00088,0.00014,0.00013,0.99885
13.20000,2.02194,0.00085,0.00015,0.00015,0.99886
13.30000,2.02194,0.00087,0.00011,0.00013,0.99888
13.40000,2.02194,0.00094,0.00013,0.00016,0.99876
13.50000,2.02194,0.00095,0.00014,0.00012,0.99880
13.60000,2.02194,0.00087,0.00016,0.00013,0.99884
13.70000,2.02194,0.00085,0.00016,0.00012,0.99887
13.80000,2.02194,0.00088,0.00020,0.00012,0.99881
13.90000,2.02194,0.00087,0.00018,0.00011,0.99884
14.00000,2.02194,0.00082,0.00021,0.00015,0.99882
14.10000,2.02194,0.00082,0.00020,0.00015,0.99884
14.20000,2.02194,0.00094,0.00020,0.00017,0.99869
14.30000,2.02194,0.00089,0.00019,0.00014,0.99878
14.40000,2.02194,0.00097,0.00018,0.00017,0.99868
14.50000,2.02194,0.00096,0.00017,0.00017,0.99870
14.60000,2.02194,0.00090,0.00018,0.00019,0.99872
14.70000,2.02194,0.00090,0.00018,0.00018,0.99873
14.80000,2.02194,0.00083,0.00017,0.00018,0.99883
14.90000,2.02194,0.00086,0.00017,0.00022,0.99875
15.00000,2.02194,0.00094,0.00018,0.00019,0.99868
15.10000,2.02194,0.00082,0.00022,0.00019,0.99877
15.20000,2.02194,0.00080,0.00022,0.00015,0.99883
15.30000,2.02194,0.00075,0.00026,0.00015,0.99884
15.40000,2.02194,0.00077,0.00025,0.00014,0.99884
15.50000,2.02194,0.00075,0.00027,0.00019,0.99880
15.60000,2.02194,0.00081,0.00027,0.00017,0.99875
15.70000,2.02194,0.00081,0.00030,0.00018,0.99871
15.80000,2.02194,0.00081,0.00027,0.00018,0.99874
15.90000,2.02194,0.00089,0.00026,0.00023,0.99862
16.00000,2.02194,0.00089,0.00021,0.00023,0.99866
16.10000,2.02194,0.00088,0.00021,0.00026,0.99865
16.20000,2.02194,0.00080,0.00020,0.00025,0.99875
16.30000,2.02194,0.00085,0.00024,0.00034,0.99857
16.40000,2.02194,0.00078,0.00021,0.00027,0.99874
16.50000,2.02194,0.00083,0.00020,0.00030,0.99866
16.60000,2.02194,0.00085,0.00019,0.00029,0.99867
16.70000,2.02194,0.00083,0.00019,0.00033,0.99865
16.80000,2.02194,0.00079,0.00019,0.00026,0.99877
16.90000,2.02194,0.00078,0.00021,0.00025,0.99875
17.00000,2.02194,0.00080,0.00019,0.00022,0.99879
17.10000,2.02194,0.00082,0.00018,0.00026,0.99874
17.20000,2.02194,0.00086,0.00018,0.00027,0.99869
17.30000,2.02194,0.00079,0.00019,0.00027,0.99875
17.40000,2.02194,0.00079,0.00020,0.00026,0.99875
17.50000,2.02194,0.00082,0.00018,0.00027,0.99873
17.60000,2.02194,0.00087,0.00016,0.00027,0.99870
17.70000,2.02194,0.00084,0.00014,0.00028,0.99874
17.80000,2.02194,0.00091,0.00014,0.00028,0.99867
17.90000,2.02194,0.00092,0.00013,0.00023,0.99871
18.00000,2.02194,0.00102,0.00014,0.00024,0.99859
18.10000,2.02194,0.00100,0.00015,0.00027,0.99858
18.20000,2.02194,0.00118,0.00013,0.00023,0.99845
18.30000,2.02194,0.00107,0.00014,0.00021,0.99858
18.40000,2.02194,0.00108,0.00015,0.00021,0.99855
18.50000,2.02194,0.00095,0.00015,0.00017,0.99873
18.60000,2.02194,0.00093,0.00014,0.00018,0.99875
18.70000,2.02194,0.00092,0.00015,0.00017,0.99875
18.80000,2.02194,0.00100,0.00015,0.00017,0.99869
18.90000,2.02194,0.00094,0.00016,0.00017,0.99873
19.00000,2.02194,0.00103,0.00017,0.00021,0.99859
19.10000,2.02194,0.00099,0.00017,0.00021,0.99863
19.20000,2.02194,0.00106,0.00016,0.00023,0.99855
19.30000,2.02194,0.00103,0.00012,0.00022,0.99862
19.40000,2.02194,0.00114,0.00011,0.00027,0.99848
19.50000,2.02194,0.00105,0.00011,0.00023,0.99860
19.60000,2.02194,0.00109,0.00012,0.00025,0.99854
19.70000,2.02194,0.00108,0.00012,0.00022,0.99858
19.80000,2.02194,0.00111,0.00014,0.00022,0.99853
19.90000,2.02194,0.00096,0.00014,0.00019,0.99871
20.00000,2.02194,0.00098,0.00014,0.00017,0.99871
20.10000,2.02194,0.00093,0.00016,0.00018,0.99873
20.20000,2.02194,0.00093,0.00017,0.00019,0.99871
20.30000,2.02194,0.00095,0.00018,0.00022,0.99866
20.40000,2.02194,0.00100,0.00017,0.00021,0.99862
20.50000,2.02194,0.00103,0.00018,0.00022,0.99857
20.60000,2.02194,0.00102,0.00020,0.00021,0.99857
20.70000,2.02194,0.00095,0.00019,0.00019,0.99867
20.80000,2.02194,0.00091,0.00021,0.00018,0.99871
20.90000,2.02194,0.00090,0.00020,0.00017,0.99873
21.00000,2.02194,0.00090,0.00023,0.00016,0.99871
21.10000,2.02194,0.00091,0.00021,0.00014,0.99874
21.20000,2.02194,0.00097,0.00027,0.00016,0.99860
21.30000,2.02194,0.00102,0.00032,0.00012,0.99854
21.40000,2.02194,0.00104,0.00036,0.00011,0.99849
21.50000,2.02194,0.00104,0.00044,0.00011,0.99841
21.60000,2.02194,0.00108,0.00048,0.00010,0.99835
21.70000,2.02194,0.00108,0.00054,0.00009,0.99830
21.80000,2.02194,0.00119,0.00056,0.00011,0.99814
21.90000,2.02194,0.00114,0.00061,0.00012,0.99813
22.00000,2.02194,0.00126,0.00060,0.00015,0.99800
22.10000,2.02194,0.00118,0.00049,0.00015,0.99817
22.20000,2.02194,0.00140,0.00055,0.00017,0.99789
22.30000,2.02194,0.00131,0.00052,0.00013,0.99804
22.40000,2.02194,0.00129,0.00050,0.00013,0.99808
22.50000,2.02194,0.00117,0.00052,0.00011,0.99820
22.60000,2.02194,0.00130,0.00062,0.00013,0.99795
22.70000,2.02194,0.00119,0.00056,0.00013,0.99811
22.80000,2.02194,0.00128,0.00057,0.00016,0.99799
22.90000,2.02194,0.00118,0.00051,0.00016,0.99816
23.00000,2.02194,0.00133,0.00053,0.00016,0.99798
23.10000,2.02194,0.00117,0.00049,0.00016,0.99818
23.20000,2.02194,0.00135,0.00049,0.00017,0.99799
23.30000,2.02194,0.00115,0.00042,0.00017,0.99826
23.40000,2.02194,0.00126,0.00045,0.00022,0.99807
23.50000,2.02194,0.00113,0.00041,0.00023,0.99824
23.60000,2.02194,0.00140,0.00039,0.00032,0.99789
23.70000,2.02194,0.00110,0.00033,0.00031,0.99826
23.80000,2.02194,0.00120,0.00035,0.00031,0.99814
23.90000,2.02194,0.00102,0.00031,0.00028,0.99839
24.00000,2.02194,0.00104,0.00029,0.00023,0.99844
24.10000,2.02194,0.00089,0.00030,0.00017,0.99864
24.20000,2.02194,0.00094,0.00034,0.00018,0.99854
24.30000,2.02194,0.00076,0.00033,0.00017,0.99873
24.40000,2.02194,0.00082,0.00036,0.00017,0.99864
24.50000,2.02194,0.00076,0.00037,0.00018,0.99869
24.60000,2.02194,0.00081,0.00037,0.00018,0.99865
24.70000,2.02194,0.00077,0.00040,0.00019,0.99864
24.80000,2.02194,0.00085,0.00048,0.00019,0.99848
24.90000,2.02194,0.00082,0.00048,0.00017,0.99854
25.00000,2.02194,0.00093,0.00055,0.00023,0.99830
25.10000,2.02194,0.00088,0.00055,0.00023,0.99834
25.20000,2.02194,0.00093,0.00060,0.00025,0.99822
25.30000,2.02194,0.00078,0.00060,0.00024,0.99838
25.40000,2.02194,0.00086,0.00059,0.00024,0.99831
25.50000,2.02194,0.00072,0.00062,0.00020,0.99847
25.60000,2.02194,0.00070,0.00076,0.00021,0.99833
25.70000,2.02194,0.00064,0.00076,0.00019,0.99841
25.80000,2.02194,0.00070,0.00083,0.00019,0.99828
25.90000,2.02194,0.00071,0.00088,0.00019,0.99823
26.00000,2.02194,0.00072,0.00102,0.00021,0.99805
26.10000,2.02194,0.00075,0.00107,0.00024,0.99794
26.20000,2.02194,0.00088,0.00113,0.00027,0.99772
26.30000,2.02194,0.00093,0.00104,0.00025,0.99778
26.40000,2.02194,0.00100,0.00106,0.00026,0.99769
26.50000,2.02194,0.00102,0.00098,0.00027,0.99772
26.60000,2.02194,0.00105,0.00098,0.00027,0.99770
26.70000,2.02194,0.00117,0.00091,0.00031,0.99760
26.80000,2.02194,0.00110,0.00094,0.00028,0.99768
26.90000,2.02194,0.00112,0.00085,0.00032,0.99771
27.00000,2.02194,0.00102,0.00080,0.00029,0.99788
27.10000,2.02194,0.00110,0.00075,0.00028,0.99787
27.20000,2.02194,0.00109,0.00072,0.00028,0.99791
27.30000,2.02194,0.00120,0.00068,0.00026,0.99786
27.40000,2.02194,0.00112,0.00067,0.00025,0.99796
27.50000,2.02194,0.00124,0.00062,0.00028,0.99787
27.60000,2.02194,0.00118,0.00058,0.00027,0.99797
27.70000,2.02194,0.00121,0.00057,0.00026,0.99796
27.80000,2.02194,0.00119,0.00056,0.00025,0.99801
27.90000,2.02194,0.00123,0.00054,0.00026,0.99798
28.00000,2.02194,0.00124,0.00047,0.00028,0.99801
28.10000,2.02194,0.00121,0.00045,0.00028,0.99806
28.20000,2.02194,0.00112,0.00041,0.00033,0.99815
28.30000,2.02194,0.00119,0.00042,0.00040,0.99800
28.40000,2.02194,0.00113,0.00040,0.00044,0.99803
28.50000,2.02194,0.00129,0.00040,0.00048,0.99782
28.60000,2.02194,0.00125,0.00037,0.00040,0.99798
28.70000,2.02194,0.00131,0.00036,0.00037,0.99795
28.80000,2.02194,0.00114,0.00033,0.00024,0.99828
28.90000,2.02194,0.00121,0.00037,0.00026,0.99816
29.00000,2.02194,0.00112,0.00036,0.00023,0.99830
29.10000,2.02194,0.00117,0.00041,0.00026,0.99816
29.20000,2.02194,0.00101,0.00035,0.00021,0.99844
29.30000,2.02194,0.00096,0.00042,0.00022,0.99839
29.40000,2.02194,0.00097,0.00044,0.00022,0.99836
29.50000,2.02194,0.00095,0.00047,0.00025,0.99834
29.60000,2.02194,0.00094,0.00041,0.00022,0.99843
29.70000,2.02194,0.00102,0.00044,0.00026,0.99828
29.80000,2.02194,0.00094,0.00039,0.00022,0.99845
29.90000,2.02194,0.00099,0.00041,0.00025,0.99835
30.00000,2.02194,0.00096,0.00040,0.00020,0.99844
30.10000,2.02194,0.00102,0.00048,0.00020,0.99831
30.20000,2.02194,0.00086,0.00048,0.00015,0.99851
30.30000,2.02194,0.00088,0.00051,0.00013,0.99848
30.40000,2.02194,0.00081,0.00049,0.00011,0.99859
30.50000,2.02194,0.00076,0.00050,0.00010,0.99864
30.60000,2.02194,0.00072,0.00055,0.00011,0.99863
30.70000,2.02194,0.00076,0.00058,0.00013,0.99853
30.80000,2.02194,0.00081,0.00065,0.00018,0.99836
30.90000,2.02194,0.00087,0.00071,0.00020,0.99822
31.00000,2.02194,0.00099,0.00072,0.00023,0.99807
31.10000,2.02194,0.00103,0.00066,0.00025,0.99806
31.20000,2.02194,0.00103,0.00064,0.00027,0.99806
31.30000,2.02194,0.00110,0.00059,0.00028,0.99803
31.40000,2.02194,0.00110,0.00058,0.00027,0.99805
31.50000,2.02194,0.00110,0.00060,0.00023,0.99806
31.60000,2.02194,0.00113,0.00062,0.00025,0.99800
31.70000,2.02194,0.00118,0.00058,0.00024,0.99800
31.80000,2.02194,0.00109,0.00060,0.00026,0.99805
31.90000,2.02194,0.00126,0.00059,0.00029,0.99786
32.00000,2.02194,0.00133,0.00055,0.00031,0.99781
32.10000,2.02194,0.00133,0.00046,0.00030,0.99791
32.20000,2.02194,0.00150,0.00044,0.00033,0.99773
32.30000,2.02194,0.00167,0.00054,0.00043,0.99736
32.40000,2.02193,0.00173,0.00046,0.00040,0.99742
32.50000,2.02194,0.00181,0.00048,0.00045,0.99726
32.60000,2.02194,0.00167,0.00038,0.00036,0.99758
32.70000,2.02194,0.00171,0.00044,0.00042,0.99743
32.80000,2.02194,0.00155,0.00035,0.00034,0.99776
32.90000,2.02193,0.00164,0.00035,0.00034,0.99767
33.00000,2.02194,0.00146,0.00036,0.00029,0.99790
33.10000,2.02194,0.00174,0.00037,0.00030,0.99759
33.20000,2.02194,0.00168,0.00036,0.00026,0.99770
33.30000,2.02194,0.00184,0.00040,0.00027,0.99749
33.40000,2.02193,0.00169,0.00039,0.00025,0.99767
33.50000,2.02194,0.00204,0.00043,0.00029,0.99725
33.60000,2.02194,0.00189,0.00042,0.00026,0.99744
33.70000,2.02194,0.00195,0.00050,0.00027,0.99729
33.80000,2.02194,0.00192,0.00048,0.00024,0.99736
33.90000,2.02193,0.00200,0.00052,0.00025,0.99722
34.00000,2.02194,0.00193,0.00047,0.00023,0.99736
34.10000,2.02194,0.00213,0.00056,0.00026,0.99705
34.20000,2.02194,0.00220,0.00056,0.00026,0.99699
34.30000,2.02194,0.00213,0.00060,0.00026,0.99702
34.40000,2.02193,0.00222,0.00063,0.00025,0.99691
34.50000,2.02194,0.00235,0.00071,0.00027,0.99667
34.60000,2.02194,0.00238,0.00073,0.00029,0.99661
34.70000,2.02194,0.00243,0.00079,0.00031,0.99647
34.80000,2.02194,0.00258,0.00082,0.00033,0.99627
34.90000,2.02193,0.00261,0.00085,0.00033,0.99621
35.00000,2.02194,0.00275,0.00085,0.00033,0.99607
35.10000,2.02194,0.00271,0.00089,0.00033,0.99607
35.20000,2.02194,0.00286,0.00096,0.00034,0.99584
35.30000,2.02194,0.00296,0.00097,0.00033,0.99574
35.40000,2.02193,0.00282,0.00095,0.00031,0.99592
35.50000,2.02194,0.00332,0.00108,0.00033,0.99528
35.60000,2.02194,0.00326,0.00100,0.00028,0.99546
35.70000,2.02194,0.00384,0.00106,0.00033,0.99477
35.80000,2.02194,0.00347,0.00095,0.00030,0.99528
35.90000,2.02193,0.00365,0.00129,0.00037,0.99468
36.00000,2.02194,0.00339,0.00119,0.00030,0.99511
36.10000,2.02194,0.00361,0.00154,0.00034,0.99452
36.20000,2.02194,0.00321,0.00135,0.00027,0.99517
36.30000,2.02194,0.00349,0.00152,0.00030,0.99469
36.40000,2.02193,0.00313,0.00144,0.00030,0.99513
36.50000,2.02194,0.00352,0.00167,0.00038,0.99444
36.60000,2.02194,0.00337,0.00143,0.00032,0.99488
36.70000,2.02194,0.00341,0.00154,0.00033,0.99472
36.80000,2.02194,0.00328,0.00153,0.00028,0.99491
36.90000,2.02193,0.00359,0.00190,0.00033,0.99418
37.00000,2.02194,0.00323,0.00160,0.00029,0.99488
37.10000,2.02194,0.00337,0.00187,0.00033,0.99443
37.20000,2.02194,0.00330,0.00175,0.00031,0.99464
37.30000,2.02194,0.00339,0.00172,0.00031,0.99458
37.40000,2.02193,0.00343,0.00156,0.00031,0.99470
37.50000,2.02194,0.00341,0.00152,0.00039,0.99468
37.60000,2.02194,0.00304,0.00160,0.00041,0.99495
37.70000,2.02194,0.00320,0.00159,0.00044,0.99477
37.80000,2.02194,0.00343,0.00161,0.00043,0.99453
37.90000,2.02193,0.00351,0.00158,0.00047,0.99444
38.00000,2.02194,0.00345,0.00161,0.00046,0.99448
38.10000,2.02194,0.00396,0.00165,0.00047,0.99392
38.20000,2.02194,0.00396,0.00160,0.00047,0.99397
38.30000,2.02194,0.00439,0.00156,0.00050,0.99354
38.40000,2.02193,0.00400,0.00145,0.00041,0.99414
38.50000,2.02194,0.00403,0.00155,0.00047,0.99395
38.60000,2.02194,0.00419,0.00158,0.00044,0.99379
38.70000,2.02194,0.00430,0.00140,0.00043,0.99386
38.80000,2.02194,0.00462,0.00162,0.00043,0.99333
38.90000,2.02193,0.00442,0.00149,0.00047,0.99362
39.00000,2.02194,0.00407,0.00154,0.00052,0.99387
39.10000,2.02194,0.00413,0.00153,0.00050,0.99385
39.20000,2.02194,0.00404,0.00162,0.00057,0.99377
39.30000,2.02194,0.00361,0.00156,0.00061,0.99423
39.40000,2.02193,0.00347,0.00186,0.00062,0.99406
39.50000,2.02194,0.00309,0.00172,0.00057,0.99463
39.60000,2.02194,0.00299,0.00164,0.00052,0.99485
39.70000,2.02194,0.00273,0.00165,0.00052,0.99510
39.80000,2.02194,0.00272,0.00177,0.00048,0.99503
39.90000,2.02193,0.00230,0.00173,0.00044,0.99553
40.00000,2.02194,0.00200,0.00152,0.00043,0.99605
40.10000,2.02194,0.00167,0.00130,0.00041,0.99662
40.20000,2.02194,0.00159,0.00120,0.00039,0.99682
40.30000,2.02194,0.00145,0.00109,0.00035,0.99711
40.40000,2.02193,0.00153,0.00121,0.00038,0.99688
40.50000,2.02194,0.00138,0.00118,0.00034,0.99710
40.60000,2.02194,0.00134,0.00125,0.00035,0.99705
40.70000,2.02194,0.00112,0.00118,0.00028,0.99742
40.80000,2.02194,0.00110,0.00108,0.00030,0.99752
40.90000,2.02193,0.00100,0.00091,0.00024,0.99785
41.00000,2.02194,0.00110,0.00094,0.00023,0.99773
41.10000,2.02194,0.00090,0.00082,0.00018,0.99810
41.20000,2.02194,0.00098,0.00087,0.00017,0.99798
41.30000,2.02194,0.00097,0.00074,0.00014,0.99816
41.40000,2.02193,0.00106,0.00077,0.00014,0.99802
41.50000,2.02194,0.00092,0.00068,0.00011,0.99829
41.60000,2.02194,0.00093,0.00075,0.00012,0.99820
41.70000,2.02194,0.00086,0.00063,0.00010,0.99841
41.80000,2.02194,0.00094,0.00065,0.00013,0.99828
41.90000,2.02193,0.00098,0.00056,0.00012,0.99834
42.00000,2.02194,0.00107,0.00058,0.00012,0.99823
42.10000,2.02194,0.00108,0.00058,0.00013,0.99821
42.20000,2.02194,0.00107,0.00063,0.00014,0.99816
42.30000,2.02194,0.00106,0.00057,0.00014,0.99822
42.40000,2.02193,0.00106,0.00052,0.00015,0.99827
42.50000,2.02194,0.00094,0.00045,0.00015,0.99847
42.60000,2.02194,0.00096,0.00040,0.00016,0.99848
42.70000,2.02194,0.00095,0.00039,0.00018,0.99848
42.80000,2.02194,0.00100,0.00040,0.00022,0.99838
42.90000,2.02193,0.00108,0.00043,0.00021,0.99828
43.00000,2.02194,0.00124,0.00041,0.00018,0.99817
43.10000,2.02194,0.00119,0.00038,0.00019,0.99825
43.20000,2.02194,0.00112,0.00034,0.00018,0.99836
43.30000,2.02194,0.00105,0.00034,0.00019,0.99842
43.40000,2.02193,0.00110,0.00028,0.00020,0.99843
43.50000,2.02194,0.00111,0.00028,0.00020,0.99842
43.60000,2.02194,0.00111,0.00025,0.00020,0.99844
43.70000,2.02194,0.00105,0.00025,0.00024,0.99846
43.80000,2.02194,0.00105,0.00024,0.00025,0.99847
43.90000,2.02193,0.00103,0.00023,0.00031,0.99844
44.00000,2.02194,0.00101,0.00023,0.00031,0.99845
44.10000,2.02194,0.00107,0.00020,0.00038,0.99836
44.20000,2.02194,0.00113,0.00019,0.00034,0.99834
44.30000,2.02194,0.00101,0.00020,0.00035,0.99844
44.40000,2.02193,0.00105,0.00019,0.00031,0.99846
44.50000,2.02194,0.00117,0.00019,0.00041,0.99823
44.60000,2.02194,0.00110,0.00016,0.00035,0.99838
44.70000,2.02194,0.00109,0.00016,0.00032,0.99844
44.80000,2.02194,0.00101,0.00013,0.00028,0.99857
44.90000,2.02193,0.00094,0.00012,0.00033,0.99861
45.00000,2.02194,0.00093,0.00011,0.00039,0.99857
45.10000,2.02194,0.00101,0.00012,0.00047,0.99840
45.20000,2.02194,0.00107,0.00011,0.00050,0.99831
45.30000,2.02194,0.00102,0.00011,0.00054,0.99833
45.40000,2.02193,0.00109,0.00011,0.00055,0.99825
45.50000,2.02194,0.00108,0.00011,0.00050,0.99831
45.60000,2.02194,0.00110,0.00012,0.00049,0.99830
45.70000,2.02194,0.00098,0.00011,0.00041,0.99850
45.80000,2.02194,0.00099,0.00010,0.00035,0.99856
45.90000,2.02193,0.00083,0.00010,0.00027,0.99880
46.00000,2.02194,0.00100,0.00011,0.00031,0.99859
46.10000,2.02194,0.00082,0.00011,0.00022,0.99885
46.20000,2.02194,0.00091,0.00010,0.00025,0.99873
46.30000,2.02194,0.00084,0.00010,0.00025,0.99881
46.40000,2.02193,0.00096,0.00011,0.00032,0.99861
46.50000,2.02194,0.00095,0.00011,0.00027,0.99867
46.60000,2.02194,0.00105,0.00011,0.00031,0.99853
46.70000,2.02194,0.00098,0.00012,0.00031,0.99858
46.80000,2.02194,0.00111,0.00014,0.00037,0.99838
46.90000,2.02193,0.00114,0.00014,0.00034,0.99838
47.00000,2.02194,0.00107,0.00014,0.00027,0.99852
47.10000,2.02194,0.00107,0.00014,0.00026,0.99854
47.20000,2.02194,0.00101,0.00015,0.00024,0.99860
47.30000,2.02194,0.00101,0.00019,0.00023,0.99857
47.40000,2.02193,0.00101,0.00022,0.00020,0.99856
47.50000,2.02194,0.00102,0.00025,0.00025,0.99849
47.60000,2.02194,0.00098,0.00027,0.00026,0.99848
47.70000,2.02194,0.00108,0.00032,0.00035,0.99825
47.80000,2.02194,0.00101,0.00034,0.00028,0.99837
47.90000,2.02193,0.00112,0.00039,0.00031,0.99817
48.00000,2.02194,0.00104,0.00040,0.00029,0.99828
48.10000,2.02194,0.00106,0.00046,0.00032,0.99817
48.20000,2.02194,0.00091,0.00047,0.00028,0.99834
48.30000,2.02194,0.00087,0.00050,0.00025,0.99838
48.40000,2.02193,0.00079,0.00056,0.00021,0.99845
48.50000,2.02194,0.00080,0.00052,0.00022,0.99846
48.60000,2.02194,0.00066,0.00056,0.00017,0.99861
48.70000,2.02194,0.00066,0.00056,0.00018,0.99860
48.80000,2.02194,0.00057,0.00051,0.00016,0.99877
48.90000,2.02193,0.00061,0.00050,0.00019,0.99870
49.00000,2.02194,0.00054,0.00050,0.00017,0.99880
49.10000,2.02194,0.00066,0.00045,0.00020,0.99869
49.20000,2.02194,0.00067,0.00037,0.00020,0.99876
49.30000,2.02194,0.00074,0.00033,0.00024,0.99870
49.40000,2.02193,0.00066,0.00026,0.00024,0.99884
49.50000,2.02194,0.00072,0.00022,0.00024,0.99882
49.60000,2.02194,0.00065,0.00018,0.00021,0.99897
49.70000,2.02194,0.00069,0.00019,0.00020,0.99891
49.80000,2.02194,0.00060,0.00018,0.00016,0.99907
49.90000,2.02193,0.00066,0.00019,0.00018,0.99898
50.00000,2.02194,0.00062,0.00016,0.00014,0.99909
50.10000,2.02194,0.00069,0.00016,0.00015,0.99900
50.20000,2.02194,0.00072,0.00017,0.00016,0.99896
50.30000,2.02194,0.00076,0.00014,0.00017,0.99892
50.40000,2.02193,0.00072,0.00014,0.00015,0.99899
50.50000,2.02194,0.00071,0.00014,0.00015,0.99900
50.60000,2.02194,0.00070,0.00014,0.00014,0.99903
50.70000,2.02194,0.00078,0.00016,0.00017,0.99888
50.80000,2.02194,0.00082,0.00018,0.00016,0.99885
50.90000,2.02193,0.00083,0.00019,0.00016,0.99882
51.00000,2.02194,0.00078,0.00022,0.00017,0.99883
51.10000,2.02194,0.00074,0.00022,0.00015,0.99890
51.20000,2.02194,0.00064,0.00024,0.00013,0.99900
51.30000,2.02194,0.00062,0.00022,0.00010,0.99906
51.40000,2.02193,0.00061,0.00025,0.00010,0.99904
51.50000,2.02194,0.00064,0.00024,0.00010,0.99902
51.60000,2.02194,0.00063,0.00026,0.00010,0.99901
51.70000,2.02194,0.00065,0.00024,0.00010,0.99901
51.80000,2.02194,0.00062,0.00024,0.00010,0.99904
51.90000,2.02193,0.00061,0.00026,0.00011,0.99902
52.00000,2.02194,0.00061,0.00028,0.00011,0.99900
52.10000,2.02194,0.00062,0.00025,0.00012,0.99902
52.20000,2.02194,0.00058,0.00026,0.00011,0.99904
52.30000,2.02194,0.00059,0.00025,0.00011,0.99906
52.40000,2.02193,0.00057,0.00024,0.00011,0.99908
52.50000,2.02194,0.00058,0.00027,0.00011,0.99904
52.60000,2.02194,0.00059,0.00025,0.00010,0.99906
52.70000,2.02194,0.00061,0.00022,0.00009,0.99908
52.80000,2.02194,0.00057,0.00022,0.00009,0.99912
52.90000,2.02193,0.00059,0.00021,0.00008,0.99912
53.00000,2.02194,0.00061,0.00023,0.00009,0.99907
53.10000,2.02194,0.00063,0.00022,0.00009,0.99906
53.20000,2.02194,0.00065,0.00022,0.00011,0.99903
53.30000,2.02194,0.00068,0.00023,0.00011,0.99897
53.40000,2.02193,0.00063,0.00022,0.00012,0.99903
53.50000,2.02194,0.00067,0.00025,0.00013,0.99895
53.60000,2.02194,0.00062,0.00023,0.00011,0.99903
53.70000,2.02194,0.00076,0.00024,0.00012,0.99887
53.80000,2.02194,0.00071,0.00019,0.00012,0.99897
53.90000,2.02193,0.00077,0.00021,0.00013,0.99889
54.00000,2.02194,0.00074,0.00019,0.00013,0.99893
54.10000,2.02194,0.00075,0.00021,0.00013,0.99891
54.20000,2.02194,0.00080,0.00018,0.00013,0.99889
54.30000,2.02194,0.00076,0.00017,0.00013,0.99894
54.40000,2.02193,0.00076,0.00017,0.00014,0.99893
54.50000,2.02194,0.00078,0.00015,0.00014,0.99893
54.60000,2.02194,0.00077,0.00016,0.00016,0.99891
54.70000,2.02194,0.00069,0.00015,0.00016,0.99899
54.80000,2.02194,0.00073,0.00015,0.00016,0.99896
54.90000,2.02193,0.00072,0.00015,0.00015,0.99898
55.00000,2.02194,0.00066,0.00015,0.00014,0.99905
55.10000,2.02194,0.00065,0.00016,0.00015,0.99904
55.20000,2.02194,0.00063,0.00016,0.00014,0.99907
55.30000,2.02194,0.00060,0.00016,0.00014,0.99911
55.40000,2.02193,0.00067,0.00018,0.00015,0.99899
55.50000,2.02194,0.00059,0.00019,0.00013,0.99908
55.60000,2.02194,0.00063,0.00020,0.00016,0.99902
55.70000,2.02194,0.00059,0.00020,0.00015,0.99906
55.80000,2.02194,0.00065,0.00022,0.00017,0.99896
55.90000,2.02193,0.00055,0.00021,0.00016,0.99908
56.00000,2.02194,0.00065,0.00025,0.00018,0.99893
56.10000,2.02194,0.00057,0.00023,0.00015,0.99905
56.20000,2.02194,0.00063,0.00026,0.00018,0.99894
56.30000,2.02194,0.00059,0.00029,0.00017,0.99896
56.40000,2.02193,0.00063,0.00032,0.00016,0.99890
56.50000,2.02194,0.00059,0.00034,0.00014,0.99893
56.60000,2.02194,0.00063,0.00035,0.00015,0.99888
56.70000,2.02194,0.00063,0.00029,0.00015,0.99893
56.80000,2.02194,0.00065,0.00029,0.00016,0.99890
56.90000,2.02193,0.00058,0.00026,0.00015,0.99901
57.00000,2.02194,0.00063,0.00024,0.00015,0.99898
57.10000,2.02194,0.00062,0.00023,0.00013,0.99902
57.20000,2.02194,0.00065,0.00022,0.00011,0.99903
57.30000,2.02194,0.00058,0.00024,0.00010,0.99908
57.40000,2.02193,0.00064,0.00022,0.00009,0.99905
57.50000,2.02194,0.00064,0.00024,0.00009,0.99903
57.60000,2.02194,0.00063,0.00025,0.00009,0.99902
57.70000,2.02194,0.00064,0.00029,0.00010,0.99898
57.80000,2.02194,0.00069,0.00027,0.00009,0.99896
57.90000,2.02193,0.00070,0.00029,0.00009,0.99893
58.00000,2.02194,0.00064,0.00027,0.00009,0.99899
58.10000,2.02194,0.00148,0.00039,0.00014,0.99800
58.20000,2.02194,0.00568,0.00045,0.00017,0.99370
58.30000,2.02194,0.02361,0.00055,0.00021,0.97562
58.40000,2.02193,0.09238,0.00054,0.00022,0.90686
58.50000,2.02194,0.24260,0.00057,0.00022,0.75661
58.60000,2.02194,0.40407,0.00070,0.00019,0.59505
58.70000,2.02194,0.59318,0.00081,0.00020,0.40581
58.80000,2.02194,0.73303,0.00081,0.00022,0.26595
58.90000,2.02193,0.85935,0.00066,0.00020,0.13979
59.00000,2.02194,0.92563,0.00050,0.00021,0.07367
59.10000,2.02194,0.96941,0.00032,0.00018,0.03008
59.20000,2.02194,0.98414,0.00020,0.00018,0.01548
59.30000,2.02194,0.99297,0.00012,0.00013,0.00678
59.40000,2.02193,0.99626,0.00008,0.00015,0.00351
59.50000,2.02194,0.99825,0.00005,0.00012,0.00158
59.60000,2.02194,0.99905,0.00003,0.00010,0.00082
