Time (seconds), Duration (seconds),pred_unlabelled,pred_down,pred_up
0.00000,0.52194,0.99999,0.00000,0.00001
0.07000,0.52194,0.99999,0.00000,0.00001
0.14000,0.52194,0.99999,0.00000,0.00001
0.21000,0.52194,0.99999,0.00000,0.00001
0.28000,0.52194,0.99999,0.00000,0.00001
0.35000,0.52194,0.99999,0.00000,0.00001
0.42000,0.52194,0.99999,0.00000,0.00001
0.49000,0.52194,0.99999,0.00000,0.00001
0.56000,0.52194,0.99999,0.00000,0.00001
0.63000,0.52194,0.99999,0.00000,0.00001
0.70000,0.52194,0.99999,0.00000,0.00001
0.77000,0.52194,0.99999,0.00000,0.00001
0.84000,0.52194,0.99999,0.00000,0.00001
0.91000,0.52194,0.99999,0.00000,0.00001
0.98000,0.52194,0.99999,0.00000,0.00001
1.05000,0.52194,0.99999,0.00000,0.00001
1.12000,0.52194,0.99999,0.00000,0.00001
1.19000,0.52194,0.99999,0.00000,0.00001
1.26000,0.52194,0.99999,0.00000,0.00001
1.33000,0.52194,0.99999,0.00000,0.00001
1.40000,0.52194,0.99999,0.00000,0.00001
1.47000,0.52194,0.99999,0.00000,0.00001
1.54000,0.52194,0.99999,0.00000,0.00001
1.61000,0.52194,0.99999,0.00000,0.00001
1.68000,0.52194,0.99999,0.00000,0.00001
1.75000,0.52194,0.99999,0.00000,0.00001
1.82000,0.52194,0.99999,0.00000,0.00001
1.89000,0.52194,0.99999,0.00000,0.00001
1.96000,0.52194,0.99999,0.00000,0.00001
2.03000,0.52194,0.99999,0.00000,0.00001
2.10000,0.52194,0.99999,0.00000,0.00001
2.17000,0.52194,0.99999,0.00000,0.00001
2.24000,0.52194,0.99999,0.00000,0.00001
2.31000,0.52194,0.99999,0.00000,0.00001
2.38000,0.52194,0.99999,0.00000,0.00001
2.45000,0.52194,0.99999,0.00000,0.00001
2.52000,0.52194,0.99999,0.00000,0.00001
2.59000,0.52194,0.99999,0.00000,0.00001
2.66000,0.52194,0.99999,0.00000,0.00001
2.73000,0.52194,0.99999,0.00000,0.00001
2.80000,0.52194,0.99999,0.00000,0.00001
2.87000,0.52194,0.99999,0.00000,0.00001
2.94000,0.52194,0.99999,0.00000,0.00001
3.01000,0.52194,0.99999,0.00000,0.00001
3.08000,0.52194,0.99999,0.00000,0.00001
3.15000,0.52194,0.99999,0.00000,0.00001
3.22000,0.52194,0.99999,0.00000,0.00001
3.29000,0.52194,0.99999,0.00000,0.00001
3.36000,0.52194,0.99999,0.00000,0.00001
3.43000,0.52194,0.99999,0.00000,0.00001
3.50000,0.52194,0.99999,0.00000,0.00001
3.57000,0.52194,0.99999,0.00000,0.00001
3.64000,0.52194,0.99999,0.00000,0.00001
3.71000,0.52194,0.99999,0.00000,0.00001
3.78000,0.52194,0.99999,0.00000,0.00001
3.85000,0.52194,0.99999,0.00000,0.00001
3.92000,0.52194,0.99999,0.00000,0.00001
3.99000,0.52194,0.99999,0.00000,0.00000
4.06000,0.52194,1.00000,0.00000,0.00000
4.13000,0.52194,1.00000,0.00000,0.00000
4.20000,0.52194,1.00000,0.00000,0.00000
4.27000,0.52194,1.00000,0.00000,0.00000
4.34000,0.52194,1.00000,0.00000,0.00000
4.41000,0.52194,0.99992,0.00000,0.00008
4.48000,0.52194,0.99433,0.00000,0.00567
4.55000,0.52194,0.00744,0.00000,0.99256
4.62000,0.52194,0.88092,0.00001,0.11906
4.69000,0.52194,0.99643,0.00000,0.00356
4.76000,0.52194,1.00000,0.00000,0.00000
4.83000,0.52194,1.00000,0.00000,0.00000
4.90000,0.52194,1.00000,0.00000,0.00000
4.97000,0.52194,1.00000,0.00000,0.00000
5.04000,0.52194,1.00000,0.00000,0.00000
5.11000,0.52194,1.00000,0.00000,0.00000
5.18000,0.52194,1.00000,0.00000,0.00000
5.25000,0.52194,1.00000,0.00000,0.00000
5.32000,0.52194,1.00000,0.00000,0.00000
5.39000,0.52194,1.00000,0.00000,0.00000
5.46000,0.52194,1.00000,0.00000,0.00000
5.53000,0.52194,1.00000,0.00000,0.00000
5.60000,0.52194,1.00000,0.00000,0.00000
5.67000,0.52194,1.00000,0.00000,0.00000
5.74000,0.52194,0.99995,0.00000,0.00005
5.81000,0.52194,0.97518,0.00000,0.02482
5.88000,0.52194,0.01493,0.00000,0.98507
5.95000,0.52194,0.76118,0.00000,0.23882
6.02000,0.52194,0.99760,0.00003,0.00236
6.09000,0.52194,1.00000,0.00000,0.00000
6.16000,0.52194,1.00000,0.00000,0.00000
6.23000,0.52194,1.00000,0.00000,0.00000
6.30000,0.52194,1.00000,0.00000,0.00000
6.37000,0.52194,1.00000,0.00000,0.00000
6.44000,0.52194,1.00000,0.00000,0.00000
6.51000,0.52194,1.00000,0.00000,0.00000
6.58000,0.52194,1.00000,0.00000,0.00000
6.65000,0.52194,1.00000,0.00000,0.00000
6.72000,0.52194,1.00000,0.00000,0.00000
6.79000,0.52194,1.00000,0.00000,0.00000
6.86000,0.52194,1.00000,0.00000,0.00000
6.93000,0.52194,0.99999,0.00000,0.00001
7.00000,0.52194,0.99069,0.00000,0.00931
7.07000,0.52194,0.01912,0.00004,0.98084
7.14000,0.52194,0.85372,0.00004,0.14625
7.21000,0.52194,0.99966,0.00001,0.00033
7.28000,0.52194,1.00000,0.00000,0.00000
7.35000,0.52194,1.00000,0.00000,0.00000
7.42000,0.52194,1.00000,0.00000,0.00000
7.49000,0.52194,1.00000,0.00000,0.00000
7.56000,0.52194,1.00000,0.00000,0.00000
7.63000,0.52194,1.00000,0.00000,0.00000
7.70000,0.52194,1.00000,0.00000,0.00000
7.77000,0.52194,1.00000,0.00000,0.00000
7.84000,0.52194,0.99999,0.00000,0.00001
7.91000,0.52194,1.00000,0.00000,0.00000
7.98000,0.52194,0.99999,0.00001,0.00001
8.05000,0.52194,1.00000,0.00000,0.00000
8.12000,0.52194,1.00000,0.00000,0.00000
8.19000,0.52194,0.99996,0.00000,0.00004
8.26000,0.52194,0.99539,0.00000,0.00461
8.33000,0.52194,0.05594,0.00000,0.94405
8.40000,0.52194,0.96410,0.00000,0.03590
8.47000,0.52194,0.99989,0.00000,0.00011
8.54000,0.52194,1.00000,0.00000,0.00000
8.61000,0.52194,1.00000,0.00000,0.00000
8.68000,0.52194,1.00000,0.00000,0.00000
8.75000,0.52194,1.00000,0.00000,0.00000
8.82000,0.52194,1.00000,0.00000,0.00000
8.89000,0.52194,1.00000,0.00000,0.00000
8.96000,0.52194,1.00000,0.00000,0.00000
9.03000,0.52194,1.00000,0.00000,0.00000
9.10000,0.52194,1.00000,0.00000,0.00000
9.17000,0.52194,1.00000,0.00000,0.00000
9.24000,0.52194,1.00000,0.00000,0.00000
9.31000,0.52194,1.00000,0.00000,0.00000
9.38000,0.52194,1.00000,0.00000,0.00000
9.45000,0.52194,1.00000,0.00000,0.00000
9.52000,0.52194,0.99735,0.00000,0.00265
9.59000,0.52194,0.08921,0.00000,0.91079
9.66000,0.52194,0.79586,0.00000,0.20414
9.73000,0.52194,0.99974,0.00000,0.00026
9.80000,0.52194,1.00000,0.00000,0.00000
9.87000,0.52194,1.00000,0.00000,0.00000
9.94000,0.52194,1.00000,0.00000,0.00000
10.01000,0.52194,1.00000,0.00000,0.00000
10.08000,0.52194,1.00000,0.00000,0.00000
10.15000,0.52194,1.00000,0.00000,0.00000
10.22000,0.52194,1.00000,0.00000,0.00000
10.29000,0.52194,1.00000,0.00000,0.00000
10.36000,0.52194,1.00000,0.00000,0.00000
10.43000,0.52194,1.00000,0.00000,0.00000
10.50000,0.52194,1.00000,0.00000,0.00000
10.57000,0.52194,1.00000,0.00000,0.00000
10.64000,0.52194,1.00000,0.00000,0.00000
10.71000,0.52194,0.99999,0.00000,0.00001
10.78000,0.52194,0.99974,0.00000,0.00026
10.85000,0.52194,0.06838,0.00001,0.93161
10.92000,0.52194,0.85274,0.00025,0.14701
10.99000,0.52194,0.98723,0.00017,0.01259
11.06000,0.52194,1.00000,0.00000,0.00000
11.13000,0.52194,1.00000,0.00000,0.00000
11.20000,0.52194,1.00000,0.00000,0.00000
11.27000,0.52194,1.00000,0.00000,0.00000
11.34000,0.52194,1.00000,0.00000,0.00000
11.41000,0.52194,1.00000,0.00000,0.00000
11.48000,0.52194,1.00000,0.00000,0.00000
11.55000,0.52194,1.00000,0.00000,0.00000
11.62000,0.52194,1.00000,0.00000,0.00000
11.69000,0.52194,1.00000,0.00000,0.00000
11.76000,0.52194,1.00000,0.00000,0.00000
11.83000,0.52194,1.00000,0.00000,0.00000
11.90000,0.52194,1.00000,0.00000,0.00000
11.97000,0.52194,1.00000,0.00000,0.00000
12.04000,0.52194,0.99999,0.00000,0.00001
12.11000,0.52194,0.99903,0.00000,0.00097
12.18000,0.52194,0.11237,0.00000,0.88763
12.25000,0.52194,0.97413,0.00000,0.02587
12.32000,0.52194,0.99878,0.00001,0.00122
12.39000,0.52194,1.00000,0.00000,0.00000
12.46000,0.52194,1.00000,0.00000,0.00000
12.53000,0.52194,1.00000,0.00000,0.00000
12.60000,0.52194,1.00000,0.00000,0.00000
12.67000,0.52194,1.00000,0.00000,0.00000
12.74000,0.52194,1.00000,0.00000,0.00000
12.81000,0.52194,1.00000,0.00000,0.00000
12.88000,0.52194,1.00000,0.00000,0.00000
12.95000,0.52194,1.00000,0.00000,0.00000
13.02000,0.52194,1.00000,0.00000,0.00000
13.09000,0.52194,1.00000,0.00000,0.00000
13.16000,0.52194,1.00000,0.00000,0.00000
13.23000,0.52194,1.00000,0.00000,0.00000
13.30000,0.52194,1.00000,0.00000,0.00000
13.37000,0.52194,0.99949,0.00000,0.00051
13.44000,0.52194,0.98581,0.00000,0.01419
13.51000,0.52194,0.05982,0.00000,0.94018
13.58000,0.52194,0.96748,0.00000,0.03252
13.65000,0.52194,0.99999,0.00000,0.00001
13.72000,0.52194,1.00000,0.00000,0.00000
13.79000,0.52194,1.00000,0.00000,0.00000
13.86000,0.52194,1.00000,0.00000,0.00000
13.93000,0.52194,1.00000,0.00000,0.00000
14.00000,0.52194,1.00000,0.00000,0.00000
14.07000,0.52194,1.00000,0.00000,0.00000
14.14000,0.52194,1.00000,0.00000,0.00000
14.21000,0.52194,1.00000,0.00000,0.00000
14.28000,0.52194,1.00000,0.00000,0.00000
14.35000,0.52194,1.00000,0.00000,0.00000
14.42000,0.52194,1.00000,0.00000,0.00000
14.49000,0.52194,1.00000,0.00000,0.00000
14.56000,0.52194,1.00000,0.00000,0.00000
14.63000,0.52194,1.00000,0.00000,0.00000
14.70000,0.52194,1.00000,0.00000,0.00000
14.77000,0.52194,0.99966,0.00000,0.00034
14.84000,0.52194,0.18022,0.00000,0.81978
14.91000,0.52194,0.51110,0.00000,0.48890
14.98000,0.52194,0.97442,0.00000,0.02558
15.05000,0.52194,0.99999,0.00000,0.00001
15.12000,0.52194,1.00000,0.00000,0.00000
15.19000,0.52194,1.00000,0.00000,0.00000
15.26000,0.52194,1.00000,0.00000,0.00000
15.33000,0.52194,1.00000,0.00000,0.00000
15.40000,0.52194,1.00000,0.00000,0.00000
15.47000,0.52194,1.00000,0.00000,0.00000
15.54000,0.52194,1.00000,0.00000,0.00000
15.61000,0.52194,1.00000,0.00000,0.00000
15.68000,0.52194,1.00000,0.00000,0.00000
15.75000,0.52194,1.00000,0.00000,0.00000
15.82000,0.52194,1.00000,0.00000,0.00000
15.89000,0.52194,1.00000,0.00000,0.00000
15.96000,0.52194,1.00000,0.00000,0.00000
16.03000,0.52194,1.00000,0.00000,0.00000
16.10000,0.52194,1.00000,0.00000,0.00000
16.17000,0.52194,1.00000,0.00000,0.00000
16.24000,0.52194,0.99497,0.00000,0.00503
16.31000,0.52194,0.02556,0.00000,0.97444
16.38000,0.52194,0.90509,0.00000,0.09491
16.45000,0.52194,0.99974,0.00000,0.00025
16.52000,0.52194,1.00000,0.00000,0.00000
16.59000,0.52194,1.00000,0.00000,0.00000
16.66000,0.52194,1.00000,0.00000,0.00000
16.73000,0.52194,1.00000,0.00000,0.00000
16.80000,0.52194,1.00000,0.00000,0.00000
16.87000,0.52194,1.00000,0.00000,0.00000
16.94000,0.52194,1.00000,0.00000,0.00000
17.01000,0.52194,1.00000,0.00000,0.00000
17.08000,0.52194,1.00000,0.00000,0.00000
17.15000,0.52194,1.00000,0.00000,0.00000
17.22000,0.52194,1.00000,0.00000,0.00000
17.29000,0.52194,1.00000,0.00000,0.00000
17.36000,0.52194,1.00000,0.00000,0.00000
17.43000,0.52194,1.00000,0.00000,0.00000
17.50000,0.52194,1.00000,0.00000,0.00000
17.57000,0.52194,1.00000,0.00000,0.00000
17.64000,0.52194,1.00000,0.00000,0.00000
17.71000,0.52194,1.00000,0.00000,0.00000
17.78000,0.52194,0.99998,0.00000,0.00002
17.85000,0.52194,0.99578,0.00000,0.00422
17.92000,0.52194,0.01929,0.00000,0.98071
17.99000,0.52194,0.90939,0.00000,0.09060
18.06000,0.52194,0.99780,0.00000,0.00220
18.13000,0.52194,1.00000,0.00000,0.00000
18.20000,0.52194,1.00000,0.00000,0.00000
18.27000,0.52194,1.00000,0.00000,0.00000
18.34000,0.52194,1.00000,0.00000,0.00000
18.41000,0.52194,1.00000,0.00000,0.00000
18.48000,0.52194,1.00000,0.00000,0.00000
18.55000,0.52194,1.00000,0.00000,0.00000
18.62000,0.52194,1.00000,0.00000,0.00000
18.69000,0.52194,1.00000,0.00000,0.00000
18.76000,0.52194,1.00000,0.00000,0.00000
18.83000,0.52194,1.00000,0.00000,0.00000
18.90000,0.52194,1.00000,0.00000,0.00000
18.97000,0.52194,1.00000,0.00000,0.00000
19.04000,0.52194,1.00000,0.00000,0.00000
19.11000,0.52194,1.00000,0.00000,0.00000
19.18000,0.52194,1.00000,0.00000,0.00000
19.25000,0.52194,0.99988,0.00000,0.00012
19.32000,0.52194,0.99835,0.00000,0.00165
19.39000,0.52194,0.08312,0.00001,0.91687
19.46000,0.52194,0.67545,0.00000,0.32455
19.53000,0.52194,0.94412,0.00002,0.05587
19.60000,0.52194,0.99993,0.00000,0.00007
19.67000,0.52194,1.00000,0.00000,0.00000
19.74000,0.52194,1.00000,0.00000,0.00000
19.81000,0.52194,1.00000,0.00000,0.00000
19.88000,0.52194,1.00000,0.00000,0.00000
19.95000,0.52194,1.00000,0.00000,0.00000
20.02000,0.52194,1.00000,0.00000,0.00000
20.09000,0.52194,1.00000,0.00000,0.00000
20.16000,0.52194,1.00000,0.00000,0.00000
20.23000,0.52194,1.00000,0.00000,0.00000
20.30000,0.52194,1.00000,0.00000,0.00000
20.37000,0.52194,1.00000,0.00000,0.00000
20.44000,0.52194,1.00000,0.00000,0.00000
20.51000,0.52194,0.99998,0.00000,0.00002
20.58000,0.52194,0.99494,0.00000,0.00506
20.65000,0.52194,0.08787,0.00000,0.91213
20.72000,0.52194,0.90031,0.00000,0.09969
20.79000,0.52194,0.99996,0.00000,0.00004
20.86000,0.52194,1.00000,0.00000,0.00000
20.93000,0.52194,1.00000,0.00000,0.00000
21.00000,0.52194,1.00000,0.00000,0.00000
21.07000,0.52194,1.00000,0.00000,0.00000
21.14000,0.52194,1.00000,0.00000,0.00000
21.21000,0.52194,1.00000,0.00000,0.00000
21.28000,0.52194,1.00000,0.00000,0.00000
21.35000,0.52194,1.00000,0.00000,0.00000
21.42000,0.52194,1.00000,0.00000,0.00000
21.49000,0.52194,1.00000,0.00000,0.00000
21.56000,0.52194,1.00000,0.00000,0.00000
21.63000,0.52194,1.00000,0.00000,0.00000
21.70000,0.52194,1.00000,0.00000,0.00000
21.77000,0.52194,1.00000,0.00000,0.00000
21.84000,0.52194,1.00000,0.00000,0.00000
21.91000,0.52194,0.99921,0.00000,0.00079
21.98000,0.52194,0.02335,0.00000,0.97665
22.05000,0.52194,0.52263,0.00003,0.47734
22.12000,0.52194,0.99714,0.00000,0.00286
22.19000,0.52194,0.99999,0.00000,0.00000
22.26000,0.52194,1.00000,0.00000,0.00000
22.33000,0.52194,1.00000,0.00000,0.00000
22.40000,0.52194,1.00000,0.00000,0.00000
22.47000,0.52194,1.00000,0.00000,0.00000
22.54000,0.52194,1.00000,0.00000,0.00000
22.61000,0.52194,1.00000,0.00000,0.00000
22.68000,0.52194,1.00000,0.00000,0.00000
22.75000,0.52194,1.00000,0.00000,0.00000
22.82000,0.52194,1.00000,0.00000,0.00000
22.89000,0.52194,1.00000,0.00000,0.00000
22.96000,0.52194,1.00000,0.00000,0.00000
23.03000,0.52194,1.00000,0.00000,0.00000
23.10000,0.52194,1.00000,0.00000,0.00000
23.17000,0.52194,1.00000,0.00000,0.00000
23.24000,0.52194,0.99999,0.00000,0.00001
23.31000,0.52194,0.99857,0.00000,0.00143
23.38000,0.52194,0.94049,0.00000,0.05951
23.45000,0.52194,0.03506,0.00000,0.96494
23.52000,0.52194,0.94485,0.00000,0.05515
23.59000,0.52194,0.99993,0.00000,0.00007
23.66000,0.52194,1.00000,0.00000,0.00000
23.73000,0.52194,1.00000,0.00000,0.00000
23.80000,0.52194,1.00000,0.00000,0.00000
23.87000,0.52194,1.00000,0.00000,0.00000
23.94000,0.52194,1.00000,0.00000,0.00000
24.01000,0.52194,1.00000,0.00000,0.00000
24.08000,0.52194,1.00000,0.00000,0.00000
24.15000,0.52194,1.00000,0.00000,0.00000
24.22000,0.52194,1.00000,0.00000,0.00000
24.29000,0.52194,1.00000,0.00000,0.00000
24.36000,0.52194,1.00000,0.00000,0.00000
24.43000,0.52194,1.00000,0.00000,0.00000
24.50000,0.52194,1.00000,0.00000,0.00000
24.57000,0.52194,1.00000,0.00000,0.00000
24.64000,0.52194,1.00000,0.00000,0.00000
24.71000,0.52194,1.00000,0.00000,0.00000
24.78000,0.52194,0.99998,0.00000,0.00002
24.85000,0.52194,0.99814,0.00000,0.00186
24.92000,0.52194,0.03833,0.00000,0.96167
24.99000,0.52194,0.33424,0.00001,0.66575
25.06000,0.52194,0.99793,0.00003,0.00204
25.13000,0.52194,0.99999,0.00000,0.00001
25.20000,0.52194,1.00000,0.00000,0.00000
25.27000,0.52194,1.00000,0.00000,0.00000
25.34000,0.52194,1.00000,0.00000,0.00000
25.41000,0.52194,1.00000,0.00000,0.00000
25.48000,0.52194,1.00000,0.00000,0.00000
25.55000,0.52194,1.00000,0.00000,0.00000
25.62000,0.52194,1.00000,0.00000,0.00000
25.69000,0.52194,1.00000,0.00000,0.00000
25.76000,0.52194,1.00000,0.00000,0.00000
25.83000,0.52194,1.00000,0.00000,0.00000
25.90000,0.52194,1.00000,0.00000,0.00000
25.97000,0.52194,1.00000,0.00000,0.00000
26.04000,0.52194,1.00000,0.00000,0.00000
26.11000,0.52194,1.00000,0.00000,0.00000
26.18000,0.52194,0.99991,0.00000,0.00009
26.25000,0.52194,0.99442,0.00000,0.00558
26.32000,0.52194,0.02455,0.00000,0.97545
26.39000,0.52194,0.95300,0.00000,0.04700
26.46000,0.52194,0.99821,0.00000,0.00179
26.53000,0.52194,1.00000,0.00000,0.00000
26.60000,0.52194,1.00000,0.00000,0.00000
26.67000,0.52194,1.00000,0.00000,0.00000
26.74000,0.52194,1.00000,0.00000,0.00000
26.81000,0.52194,1.00000,0.00000,0.00000
26.88000,0.52194,1.00000,0.00000,0.00000
26.95000,0.52194,1.00000,0.00000,0.00000
27.02000,0.52194,1.00000,0.00000,0.00000
27.09000,0.52194,1.00000,0.00000,0.00000
27.16000,0.52194,1.00000,0.00000,0.00000
27.23000,0.52194,1.00000,0.00000,0.00000
27.30000,0.52194,1.00000,0.00000,0.00000
27.37000,0.52194,1.00000,0.00000,0.00000
27.44000,0.52194,0.99999,0.00000,0.00001
27.51000,0.52194,0.99998,0.00000,0.00002
27.58000,0.52194,0.79108,0.00000,0.20892
27.65000,0.52194,0.20035,0.00000,0.79965
27.72000,0.52194,0.94380,0.00001,0.05620
27.79000,0.52194,0.99981,0.00000,0.00019
27.86000,0.52194,1.00000,0.00000,0.00000
27.93000,0.52194,1.00000,0.00000,0.00000
28.00000,0.52194,1.00000,0.00000,0.00000
28.07000,0.52194,1.00000,0.00000,0.00000
28.14000,0.52194,1.00000,0.00000,0.00000
28.21000,0.52194,1.00000,0.00000,0.00000
28.28000,0.52194,1.00000,0.00000,0.00000
28.35000,0.52194,1.00000,0.00000,0.00000
28.42000,0.52194,1.00000,0.00000,0.00000
28.49000,0.52194,1.00000,0.00000,0.00000
28.56000,0.52194,1.00000,0.00000,0.00000
28.63000,0.52194,1.00000,0.00000,0.00000
28.70000,0.52194,1.00000,0.00000,0.00000
28.77000,0.52194,1.00000,0.00000,0.00000
28.84000,0.52194,0.99997,0.00000,0.00003
28.91000,0.52194,0.99494,0.00000,0.00506
28.98000,0.52194,0.00557,0.00000,0.99443
29.05000,0.52194,0.90801,0.00000,0.09199
29.12000,0.52194,0.99936,0.00000,0.00064
29.19000,0.52194,1.00000,0.00000,0.00000
29.26000,0.52194,1.00000,0.00000,0.00000
29.33000,0.52194,1.00000,0.00000,0.00000
29.40000,0.52194,1.00000,0.00000,0.00000
29.47000,0.52194,1.00000,0.00000,0.00000
29.54000,0.52194,1.00000,0.00000,0.00000
29.61000,0.52194,1.00000,0.00000,0.00000
29.68000,0.52194,1.00000,0.00000,0.00000
29.75000,0.52194,1.00000,0.00000,0.00000
29.82000,0.52194,1.00000,0.00000,0.00000
29.89000,0.52194,1.00000,0.00000,0.00000
29.96000,0.52194,1.00000,0.00000,0.00000
30.03000,0.52194,1.00000,0.00000,0.00000
30.10000,0.52194,0.99710,0.00000,0.00290
30.17000,0.52194,0.12924,0.00000,0.87076
30.24000,0.52194,0.12990,0.00000,0.87010
30.31000,0.52194,0.99941,0.00000,0.00059
30.38000,0.52194,0.99999,0.00000,0.00001
30.45000,0.52194,1.00000,0.00000,0.00000
30.52000,0.52194,1.00000,0.00000,0.00000
30.59000,0.52194,1.00000,0.00000,0.00000
30.66000,0.52194,1.00000,0.00000,0.00000
30.73000,0.52194,1.00000,0.00000,0.00000
30.80000,0.52194,1.00000,0.00000,0.00000
30.87000,0.52194,1.00000,0.00000,0.00000
30.94000,0.52194,1.00000,0.00000,0.00000
31.01000,0.52194,1.00000,0.00000,0.00000
31.08000,0.52194,1.00000,0.00000,0.00000
31.15000,0.52194,1.00000,0.00000,0.00000
31.22000,0.52194,1.00000,0.00000,0.00000
