Time(Seconds),Length(Seconds),Label(string),Confidence(double),Comment(string)
0.3,0.20700000000000002,touch,1.0,
0.997,0.18499999999999994,touch,1.0,
1.512,0.19199999999999995,touch,1.0,
2.022,0.18800000000000017,touch,1.0,
2.528,0.17099999999999982,touch,1.0,
3.046,0.20900000000000007,touch,1.0,
3.622,0.15700000000000003,touch,1.0,
4.175,0.15300000000000047,touch,1.0,
4.73,0.1609999999999996,touch,1.0,
5.296,0.14699999999999935,touch,1.0,
5.864,0.2160000000000002,touch,1.0,
6.521,0.25,touch,1.0,
7.117,0.19399999999999995,touch,1.0,
7.648,0.1770000000000005,touch,1.0,
8.023,0.26500000000000057,touch,1.0,
8.723,0.2579999999999991,touch,1.0,
9.63,0.21099999999999852,touch,1.0,
10.22,0.15499999999999936,touch,1.0,
10.774,0.14200000000000124,touch,1.0,
11.389,0.12199999999999989,touch,1.0,
12.002,0.08799999999999919,touch,1.0,
12.559,0.0940000000000012,touch,1.0,
13.165,0.12200000000000166,touch,1.0,
13.769,0.058999999999999275,touch,1.0,
16.479,0.07400000000000162,touch,1.0,
17.269,0.1650000000000027,touch,1.0,
17.677,0.12900000000000134,touch,1.0,
18.107,0.15500000000000114,touch,1.0,
18.461,0.1490000000000009,touch,1.0,
18.781,0.12100000000000222,touch,1.0,
19.066,0.11100000000000065,touch,1.0,
19.507,0.11599999999999966,touch,1.0,
19.868,0.120000000000001,touch,1.0,
20.135,0.10499999999999687,touch,1.0,
20.416,0.11100000000000065,touch,1.0,
20.687,0.12399999999999878,touch,1.0,
20.94,0.11299999999999955,touch,1.0,
21.208,0.11500000000000199,touch,1.0,
21.491,0.15200000000000102,touch,1.0,
22.086,0.1410000000000018,touch,1.0,
22.545,0.14099999999999824,touch,1.0,
22.896,0.13799999999999812,touch,1.0,
23.329,0.15899999999999892,touch,1.0,
23.698,0.19599999999999795,touch,1.0,
24.479,0.15800000000000125,touch,1.0,
24.955,0.10800000000000054,touch,1.0,
25.316,0.11899999999999977,touch,1.0,
25.918,0.11500000000000199,touch,1.0,
26.463,0.11899999999999977,touch,1.0,
26.962,0.14999999999999858,touch,1.0,
27.552,0.1460000000000008,touch,1.0,
28.089,0.18700000000000117,touch,1.0,
28.687,0.12599999999999767,touch,1.0,
29.176,0.1130000000000031,touch,1.0,
29.603,0.05999999999999872,touch,1.0,
29.821,0.09499999999999886,touch,1.0,
30.372,0.16600000000000037,touch,1.0,
30.921,0.10699999999999932,touch,1.0,
31.464,0.11899999999999977,touch,1.0,
31.971,0.120000000000001,touch,1.0,
32.331,0.1599999999999966,touch,1.0,
33.002,0.19999999999999574,touch,1.0,
33.721,0.1390000000000029,touch,1.0,
34.12,0.18500000000000227,touch,1.0,
34.56,0.22299999999999898,touch,1.0,
35.025,0.2330000000000041,touch,1.0,
35.91,0.1560000000000059,touch,1.0,
36.378,0.1629999999999967,touch,1.0,
36.959,0.21299999999999386,touch,1.0,
37.633,0.18799999999999528,touch,1.0,
38.118,0.16399999999999437,touch,1.0,
38.538,0.14700000000000557,touch,1.0,
38.952,0.2150000000000034,touch,1.0,
39.821,0.14800000000000324,touch,1.0,
40.194,0.2149999999999963,touch,1.0,
40.82,0.1599999999999966,touch,1.0,
41.211,0.17600000000000193,touch,1.0,
41.926,0.17199999999999704,touch,1.0,
42.527,0.14499999999999602,touch,1.0,
43.06,0.10699999999999932,touch,1.0,
43.264,0.09199999999999875,touch,1.0,
43.484,0.1039999999999992,touch,1.0,
43.722,0.10300000000000153,touch,1.0,
43.912,0.12400000000000233,touch,1.0,
44.13,0.10199999999999676,touch,1.0,
45.083,0.23799999999999955,touch,1.0,
45.685,0.17099999999999937,touch,1.0,
46.346,0.22000000000000597,touch,1.0,
46.853,0.20700000000000074,touch,1.0,
47.308,0.17300000000000182,touch,1.0,
47.751,0.20400000000000063,touch,1.0,
48.3,0.15400000000000347,touch,1.0,
48.917,0.20299999999999585,touch,1.0,
49.441,0.2049999999999983,touch,1.0,
49.96,0.21699999999999875,touch,1.0,
50.442,0.1700000000000017,touch,1.0,
50.985,0.13600000000000279,touch,1.0,
51.221,0.16200000000000614,touch,1.0,
51.504,0.06700000000000017,touch,1.0,
