Time (seconds), Duration (seconds),pred_unlabelled,pred_fall
-0.64400,1.17000,1.00000,0.00000
-0.44400,1.17000,1.00000,0.00000
-0.24400,1.16000,1.00000,0.00000
-0.04400,1.16000,1.00000,0.00000
0.15600,1.14700,1.00000,0.00000
0.34600,1.15700,0.99999,0.00001
0.54600,1.15700,0.99999,0.00001
0.74600,1.15000,0.99998,0.00002
0.93600,1.16000,0.99999,0.00001
1.13600,1.17000,1.00000,0.00000
1.32300,1.18300,1.00000,0.00000
1.52300,1.18300,1.00000,0.00000
1.72300,1.18300,1.00000,0.00000
1.91600,1.19000,1.00000,0.00000
2.11600,1.18000,1.00000,0.00000
2.32600,1.17000,1.00000,0.00000
2.52600,1.17000,0.99999,0.00001
2.72600,1.15700,0.99999,0.00001
2.92600,1.15700,0.99999,0.00001
3.12600,1.16000,1.00000,0.00000
3.31600,1.17000,1.00000,0.00000
3.51600,1.17000,1.00000,0.00000
3.71600,1.16000,1.00000,0.00000
3.90300,1.17300,1.00000,0.00000
4.10300,1.16300,1.00000,0.00000
4.30600,1.16000,1.00000,0.00000
4.50600,1.16000,1.00000,0.00000
4.69600,1.16000,1.00000,0.00000
4.89600,1.16000,0.99999,0.00001
5.09600,1.15000,0.99997,0.00003
5.28600,1.16000,0.99981,0.00019
5.48600,1.16000,0.99993,0.00007
5.67600,1.18000,0.99987,0.00013
5.87600,1.18000,0.99991,0.00009
6.07600,1.18700,1.00000,0.00000
6.26600,1.19700,0.99999,0.00001
6.46600,1.20000,1.00000,0.00000
6.67600,1.19000,1.00000,0.00000
6.87600,1.19000,1.00000,0.00000
7.07600,1.18000,0.99996,0.00004
7.28300,1.17300,0.99987,0.00013
7.48300,1.17300,0.99988,0.00012
7.68600,1.17000,0.99998,0.00002
7.88600,1.17000,0.99999,0.00001
8.08600,1.16000,1.00000,0.00000
8.27600,1.17000,1.00000,0.00000
8.47600,1.16000,1.00000,0.00000
8.67600,1.16000,0.99999,0.00001
8.87600,1.16000,0.99999,0.00001
9.07600,1.15000,0.99999,0.00001
9.26600,1.16000,1.00000,0.00000
9.46600,1.15000,1.00000,0.00000
9.65600,1.16000,1.00000,0.00000
9.85600,1.16000,1.00000,0.00000
10.05600,1.17000,0.99998,0.00002
10.24600,1.18000,0.99998,0.00002
10.44600,1.18000,0.99999,0.00001
10.63600,1.19000,0.99999,0.00001
10.83600,1.18000,0.99977,0.00023
11.03600,1.18000,0.99998,0.00002
11.24600,1.17000,0.99983,0.00017
11.44600,1.16700,0.99805,0.00195
11.64600,1.16700,0.99997,0.00003
11.84600,1.15800,0.99990,0.00010
12.03600,1.16800,0.99997,0.00003
12.23600,1.16800,0.99999,0.00001
12.43600,1.16000,1.00000,0.00000
12.63300,1.16300,0.99999,0.00001
12.83300,1.15300,0.99999,0.00001
13.02400,1.16200,0.99999,0.00001
13.22400,1.16200,0.99996,0.00004
13.42400,1.15200,0.99991,0.00009
13.61600,1.16000,0.99993,0.00007
13.81600,1.15000,1.00000,0.00000
14.00600,1.16000,0.99996,0.00004
14.20600,1.16000,0.99999,0.00001
14.40600,1.17000,1.00000,0.00000
14.59600,1.18000,0.99999,0.00001
14.79600,1.18700,0.99991,0.00009
14.98600,1.19700,0.99999,0.00001
15.18600,1.19700,0.99996,0.00004
15.38600,1.18900,0.99992,0.00008
15.59600,1.17900,0.99995,0.00005
15.79600,1.18000,0.99998,0.00002
16.00300,1.17300,0.99978,0.00022
16.20300,1.17300,0.99999,0.00001
16.40300,1.17300,0.99999,0.00001
16.59500,1.18100,0.99999,0.00001
16.79500,1.17100,0.99991,0.00009
16.99600,1.17000,0.99976,0.00024
17.19600,1.16000,0.99972,0.00028
17.39600,1.16000,0.99989,0.00011
17.59600,1.16000,0.99989,0.00011
17.79600,1.15000,0.99997,0.00003
17.98600,1.16000,1.00000,0.00000
18.18600,1.15000,0.99998,0.00002
18.37600,1.16000,0.99997,0.00003
18.57600,1.16000,0.99974,0.00026
18.77600,1.17000,0.99942,0.00058
18.96600,1.18000,0.99985,0.00015
19.16600,1.18000,0.99998,0.00002
19.35600,1.19000,1.00000,0.00000
19.55600,1.19000,1.00000,0.00000
19.75600,1.18000,0.99999,0.00001
19.96600,1.17000,0.99997,0.00003
20.16600,1.16000,0.99999,0.00001
20.36600,1.16000,1.00000,0.00000
20.56600,1.16000,0.99998,0.00002
20.76600,1.14700,1.00000,0.00000
20.95600,1.15700,0.99999,0.00001
21.15600,1.15800,0.99976,0.00024
21.34600,1.16800,0.99990,0.00010
21.54600,1.16800,0.99910,0.00090
21.74600,1.16000,0.99999,0.00001
21.93300,1.17300,1.00000,0.00000
22.13300,1.16300,1.00000,0.00000
22.33400,1.16200,1.00000,0.00000
22.53400,1.16200,0.99999,0.00001
22.73400,1.15200,0.99999,0.00001
22.92600,1.16000,0.99975,0.00025
23.12600,1.17000,0.99995,0.00005
23.31600,1.18000,0.99999,0.00001
23.51600,1.18000,0.99999,0.00001
23.71600,1.18000,1.00000,0.00000
23.90600,1.19000,1.00000,0.00000
24.10600,1.18700,0.99999,0.00001
24.31600,1.17700,1.00000,0.00000
24.51600,1.17900,0.99998,0.00002
24.71600,1.17900,0.99926,0.00074
24.91600,1.17900,0.99992,0.00008
25.11600,1.17000,0.99990,0.00010
25.31300,1.17300,0.99947,0.00053
25.51300,1.17300,1.00000,0.00000
25.71500,1.17100,0.99993,0.00007
25.91500,1.17100,0.99995,0.00005
26.11500,1.16100,0.99969,0.00031
26.30600,1.17000,0.99946,0.00054
26.50600,1.16000,0.99885,0.00115
26.70600,1.16000,0.99997,0.00003
26.90600,1.16000,1.00000,0.00000
27.10600,1.14900,1.00000,0.00000
27.29600,1.15900,1.00000,0.00000
27.49600,1.16000,0.99998,0.00002
27.68600,1.17000,0.99948,0.00052
27.88600,1.17000,0.99952,0.00048
28.08600,1.16000,0.99821,0.00179
28.27500,1.17100,0.99996,0.00004
28.47500,1.17100,1.00000,0.00000
28.67600,1.17000,1.00000,0.00000
28.87600,1.17000,1.00000,0.00000
29.07600,1.16000,0.99992,0.00008
29.26600,1.17000,0.99916,0.00084
29.46600,1.16700,0.99076,0.00924
29.66600,1.16700,0.99730,0.00270
29.86600,1.16500,0.99997,0.00003
30.06600,1.16500,1.00000,0.00000
30.25600,1.17500,1.00000,0.00000
30.45600,1.17500,1.00000,0.00000
30.65300,1.17800,1.00000,0.00000
30.85300,1.16800,1.00000,0.00000
31.05100,1.17000,1.00000,0.00000
31.25100,1.16500,1.00000,0.00000
31.45100,1.16500,1.00000,0.00000
31.65100,1.16500,1.00000,0.00000
31.85100,1.16500,1.00000,0.00000
32.04100,1.17500,1.00000,0.00000
32.24100,1.17500,1.00000,0.00000
32.43600,1.18000,1.00000,0.00000
32.63600,1.18000,1.00000,0.00000
32.83600,1.18000,1.00000,0.00000
33.03600,1.17000,1.00000,0.00000
33.22600,1.18000,0.99997,0.00003
33.43600,1.16000,0.99995,0.00005
33.63600,1.16000,0.99986,0.00014
33.83600,1.16000,0.99995,0.00005
34.03600,1.16000,0.99999,0.00001
34.22600,1.17000,1.00000,0.00000
34.42600,1.16000,1.00000,0.00000
34.61600,1.17000,1.00000,0.00000
34.81600,1.16000,1.00000,0.00000
35.01600,1.16000,1.00000,0.00000
35.21600,1.15000,0.99999,0.00001
35.41600,1.15000,0.99999,0.00001
35.60600,1.16000,0.99994,0.00006
35.80600,1.16000,0.99992,0.00008
35.99600,1.17000,0.99794,0.00206
36.19600,1.16000,0.99935,0.00065
36.38600,1.17000,0.99970,0.00030
36.58600,1.17000,0.99995,0.00005
36.78600,1.17000,0.99999,0.00001
36.98600,1.17000,0.99996,0.00004
37.18600,1.17000,0.99995,0.00005
37.37600,1.18000,0.99999,0.00001
37.57600,1.17000,0.99998,0.00002
37.77600,1.17000,0.99990,0.00010
37.97600,1.17000,0.99999,0.00001
38.17600,1.17000,1.00000,0.00000
38.37600,1.17000,0.99980,0.00020
38.57600,1.17000,1.00000,0.00000
38.76600,1.18000,0.99998,0.00002
38.96600,1.18000,1.00000,0.00000
39.16600,1.18000,0.99992,0.00008
39.36600,1.18000,1.00000,0.00000
39.56600,1.18000,0.99991,0.00009
39.76600,1.17500,0.99998,0.00002
39.96600,1.17500,1.00000,0.00000
40.16600,1.17500,1.00000,0.00000
40.36600,1.17500,0.99999,0.00001
40.56600,1.16500,1.00000,0.00000
40.76600,1.16500,0.99999,0.00001
40.96100,1.17000,0.99985,0.00015
41.16100,1.16000,1.00000,0.00000
41.36100,1.16000,0.99999,0.00001
41.56100,1.14500,1.00000,0.00000
41.75100,1.15500,1.00000,0.00000
41.95100,1.14500,1.00000,0.00000
42.14100,1.15500,0.99998,0.00002
42.34100,1.14500,0.99999,0.00001
42.54100,1.14500,0.99979,0.00021
42.72600,1.16000,0.99943,0.00057
42.92600,1.15000,0.99981,0.00019
43.11600,1.16000,0.99998,0.00002
43.31600,1.15000,0.99999,0.00001
43.50600,1.16000,1.00000,0.00000
43.70600,1.15000,0.99998,0.00002
43.90600,1.15000,0.99989,0.00011
44.09600,1.16000,1.00000,0.00000
44.29600,1.16000,0.99999,0.00001
44.48600,1.17000,1.00000,0.00000
44.68600,1.16000,1.00000,0.00000
44.87600,1.17000,1.00000,0.00000
45.07600,1.16000,0.99999,0.00001
45.27600,1.16000,0.99996,0.00004
45.47600,1.15000,0.99999,0.00001
45.67600,1.16000,1.00000,0.00000
45.86600,1.17000,1.00000,0.00000
46.06600,1.16000,1.00000,0.00000
46.25600,1.17000,1.00000,0.00000
46.45600,1.16000,0.99999,0.00001
46.65600,1.16000,1.00000,0.00000
46.85600,1.15000,1.00000,0.00000
47.05600,1.15000,1.00000,0.00000
47.24600,1.16000,0.99999,0.00001
47.44600,1.15000,0.99999,0.00001
47.63600,1.16000,0.99999,0.00001
47.83600,1.15000,0.99998,0.00002
48.02600,1.16000,1.00000,0.00000
48.22600,1.16000,0.99999,0.00001
48.41600,1.17000,0.99999,0.00001
48.61600,1.17000,0.99995,0.00005
48.81600,1.17000,0.99993,0.00007
49.00600,1.18000,0.99935,0.00065
49.20600,1.18000,0.99999,0.00001
49.40600,1.18000,0.99999,0.00001
49.60600,1.17000,0.99999,0.00001
49.80600,1.17000,1.00000,0.00000
50.00600,1.17000,0.99989,0.00011
50.20600,1.17000,0.99929,0.00071
50.40600,1.17000,0.99678,0.00322
50.60600,1.17000,0.99809,0.00191
50.79600,1.18000,0.99998,0.00002
50.99600,1.17000,1.00000,0.00000
51.19600,1.17000,1.00000,0.00000
51.39600,1.16000,1.00000,0.00000
51.59600,1.16000,1.00000,0.00000
51.79600,1.16000,1.00000,0.00000
51.99600,1.14700,1.00000,0.00000
52.18600,1.15700,1.00000,0.00000
52.38600,1.16000,1.00000,0.00000
52.57600,1.17000,1.00000,0.00000
52.77600,1.17000,1.00000,0.00000
52.97600,1.16000,1.00000,0.00000
53.16300,1.17300,1.00000,0.00000
53.36300,1.16300,1.00000,0.00000
53.56600,1.16000,1.00000,0.00000
53.76600,1.16000,1.00000,0.00000
53.96600,1.15000,1.00000,0.00000
54.15600,1.16000,1.00000,0.00000
54.35600,1.17000,1.00000,0.00000
54.54600,1.18000,0.99998,0.00002
54.74600,1.18000,0.99998,0.00002
54.94600,1.18000,0.99990,0.00010
55.13600,1.19000,0.99997,0.00003
55.33600,1.18700,1.00000,0.00000
55.54600,1.17700,1.00000,0.00000
55.74600,1.18000,1.00000,0.00000
55.94600,1.18000,1.00000,0.00000
56.14600,1.18000,0.99999,0.00001
56.34600,1.17000,0.99982,0.00018
56.54300,1.17300,0.99899,0.00101
56.74300,1.17300,0.99697,0.00303
56.94600,1.17000,0.99897,0.00103
57.14600,1.17000,0.99999,0.00001
57.34600,1.16000,0.99999,0.00001
57.53600,1.17000,1.00000,0.00000
57.73600,1.16000,1.00000,0.00000
57.93600,1.16000,1.00000,0.00000
58.13600,1.16000,1.00000,0.00000
58.33600,1.15000,1.00000,0.00000
58.52600,1.16000,0.99999,0.00001
58.72600,1.16000,0.99993,0.00007
58.91600,1.17000,0.99994,0.00006
59.11600,1.17000,0.99992,0.00008
59.31600,1.16000,0.99998,0.00002
59.50600,1.17000,0.99998,0.00002
59.70600,1.16000,0.99998,0.00002
59.90600,1.16000,0.99993,0.00007
60.10600,1.16000,0.99993,0.00007
60.30600,1.15000,0.99982,0.00018
60.49600,1.16000,0.99967,0.00033
60.69600,1.15000,0.99992,0.00008
60.88600,1.16000,0.99999,0.00001
61.08600,1.16000,0.99974,0.00026
61.28600,1.15700,0.99841,0.00159
61.47600,1.16700,0.99503,0.00497
61.67600,1.16000,0.99695,0.00305
61.86600,1.17000,0.99997,0.00003
62.06600,1.17000,1.00000,0.00000
62.26600,1.16000,1.00000,0.00000
62.46300,1.16300,1.00000,0.00000
62.66300,1.15300,1.00000,0.00000
62.85600,1.16000,1.00000,0.00000
63.05600,1.16000,1.00000,0.00000
63.24600,1.17000,1.00000,0.00000
63.44600,1.17000,1.00000,0.00000
63.64600,1.16000,1.00000,0.00000
63.83600,1.17000,1.00000,0.00000
64.03600,1.16000,1.00000,0.00000
64.22600,1.17001,1.00000,0.00000
64.43600,1.16000,1.00000,0.00000
64.63600,1.14799,0.99993,0.00007
64.82600,1.15800,0.99984,0.00016
65.02600,1.14800,0.99958,0.00042
65.21600,1.16000,0.99986,0.00014
65.41600,1.16000,0.99999,0.00001
65.61600,1.16000,0.99999,0.00001
65.80400,1.17200,0.99999,0.00001
66.00400,1.16200,1.00000,0.00000
66.19600,1.17000,0.99997,0.00003
66.39600,1.17000,0.99983,0.00017
66.59600,1.16000,0.99982,0.00018
66.79600,1.16000,0.99974,0.00026
66.99600,1.15000,0.99981,0.00019
67.18600,1.16000,0.99999,0.00001
67.38600,1.16000,0.99999,0.00001
67.58600,1.16000,1.00000,0.00000
67.77600,1.17000,0.99998,0.00002
67.97600,1.16000,0.99997,0.00003
68.16600,1.17000,0.99998,0.00002
68.36600,1.17001,1.00000,0.00000
68.56600,1.16000,0.99998,0.00002
68.76600,1.16000,0.99998,0.00002
68.96600,1.14999,1.00000,0.00000
69.15600,1.16000,0.99999,0.00001
69.35600,1.16000,0.99999,0.00001
69.55600,1.15000,1.00000,0.00000
69.74600,1.16000,1.00000,0.00000
69.94600,1.15700,0.99998,0.00002
70.13600,1.16700,0.99999,0.00001
70.33600,1.16700,1.00000,0.00000
70.53600,1.15800,1.00000,0.00000
70.72600,1.16800,1.00000,0.00000
70.92600,1.16000,0.99999,0.00001
71.12300,1.16300,1.00000,0.00000
71.32300,1.16300,0.99997,0.00003
71.52300,1.15300,1.00000,0.00000
71.71400,1.16200,0.99962,0.00038
71.91400,1.16199,0.99978,0.00022
72.10600,1.17000,0.99996,0.00004
72.30600,1.17000,0.99999,0.00001
72.50600,1.16000,1.00000,0.00000
72.69600,1.17000,1.00000,0.00000
72.89600,1.16000,0.99998,0.00002
73.09600,1.16000,0.99979,0.00021
73.29600,1.16000,0.99998,0.00002
73.48600,1.16700,1.00000,0.00000
73.68600,1.16700,1.00000,0.00000
73.88600,1.17000,1.00000,0.00000
74.07600,1.18000,1.00000,0.00000
74.27600,1.18000,0.99999,0.00001
74.46600,1.18999,0.99999,0.00001
74.67300,1.18301,1.00000,0.00000
74.87300,1.17300,1.00000,0.00000
75.07600,1.17001,1.00000,0.00000
75.27600,1.16000,1.00000,0.00000
75.47600,1.16000,1.00000,0.00000
75.67600,1.16000,1.00000,0.00000
75.87600,1.15000,0.99998,0.00002
76.06600,1.16000,0.99994,0.00006
76.26600,1.15800,0.99979,0.00021
76.45600,1.16800,0.99644,0.00356
76.65600,1.16800,0.99733,0.00267
76.85600,1.16000,0.99997,0.00003
77.04600,1.17001,0.99994,0.00006
77.24600,1.16000,1.00000,0.00000
77.44400,1.16200,1.00000,0.00000
77.64400,1.16200,1.00000,0.00000
77.84400,1.15200,1.00000,0.00000
78.03600,1.16000,1.00000,0.00000
78.23600,1.15000,1.00000,0.00000
78.42600,1.16000,1.00000,0.00000
78.62600,1.16000,1.00000,0.00000
78.82600,1.15000,1.00000,0.00000
79.01600,1.16000,1.00000,0.00000
79.21600,1.16000,1.00000,0.00000
79.40600,1.17000,1.00000,0.00000
79.60600,1.17000,1.00000,0.00000
79.80600,1.16000,1.00000,0.00000
79.99600,1.17000,1.00000,0.00000
80.19600,1.16000,1.00000,0.00000
80.39600,1.16000,1.00000,0.00000
80.59600,1.16000,1.00000,0.00000
80.79600,1.16000,1.00000,0.00000
80.98600,1.17000,1.00000,0.00000
81.18600,1.16000,1.00000,0.00000
81.37600,1.17000,1.00000,0.00000
81.57600,1.17001,1.00000,0.00000
81.77600,1.16000,1.00000,0.00000
81.97600,1.16000,1.00000,0.00000
82.17600,1.15700,0.99999,0.00001
82.36600,1.16700,0.99999,0.00001
82.56600,1.16700,1.00000,0.00000
82.76600,1.16900,1.00000,0.00000
82.95600,1.17900,1.00000,0.00000
83.15600,1.17000,1.00000,0.00000
83.35300,1.17300,1.00000,0.00000
83.55300,1.17300,0.99995,0.00005
83.75300,1.17300,0.99752,0.00248
83.95500,1.17100,0.99745,0.00255
84.15500,1.16100,0.99951,0.00049
84.34600,1.17000,0.99999,0.00001
84.54600,1.17001,0.99999,0.00001
84.74600,1.16000,0.99999,0.00001
84.94600,1.16000,0.99999,0.00001
85.14600,1.17000,1.00000,0.00000
85.33600,1.18000,1.00000,0.00000
85.53600,1.18000,1.00000,0.00000
85.72600,1.19000,1.00000,0.00000
85.92600,1.18999,1.00000,0.00000
86.12600,1.19000,1.00000,0.00000
86.33600,1.18000,0.99999,0.00001
86.53600,1.17000,0.99930,0.00070
86.73600,1.17000,0.99706,0.00294
86.93600,1.16000,0.99955,0.00045
87.13600,1.16000,0.99991,0.00009
87.33600,1.15000,1.00000,0.00000
87.52600,1.16000,1.00000,0.00000
87.72600,1.16000,0.99998,0.00002
87.92600,1.16000,0.99996,0.00004
88.11600,1.17001,0.99998,0.00002
88.31600,1.17000,0.99996,0.00004
88.50600,1.18000,0.99996,0.00004
88.70600,1.18000,0.99999,0.00000
88.90600,1.18000,0.99996,0.00004
89.10600,1.17699,0.99999,0.00001
89.30600,1.17700,1.00000,0.00000
89.50600,1.16500,1.00000,0.00000
89.70600,1.16500,0.99996,0.00004
89.90600,1.15500,0.99868,0.00132
90.10600,1.15500,0.99904,0.00096
90.30300,1.15800,0.99924,0.00076
90.50300,1.14800,1.00000,0.00000
90.69100,1.16000,1.00000,0.00000
90.89100,1.15000,1.00000,0.00000
91.08100,1.16000,1.00000,0.00000
91.28100,1.14500,1.00000,0.00000
91.48100,1.14500,1.00000,0.00000
91.67100,1.15500,1.00000,0.00000
91.87100,1.14500,1.00000,0.00000
92.06100,1.15501,1.00000,0.00000
92.26100,1.14500,1.00000,0.00000
92.44600,1.16000,1.00000,0.00000
92.64600,1.14999,1.00000,0.00000
92.84600,1.15000,1.00000,0.00000
93.03600,1.16000,1.00000,0.00000
93.23600,1.15000,1.00000,0.00000
93.42600,1.16000,1.00000,0.00000
93.62600,1.16000,1.00000,0.00000
93.81600,1.17000,1.00000,0.00000
94.01600,1.17000,1.00000,0.00000
94.20600,1.18000,1.00000,0.00000
94.40600,1.18000,1.00000,0.00000
94.60600,1.18000,1.00000,0.00000
94.80600,1.18000,1.00000,0.00000
95.00600,1.17001,1.00000,0.00000
95.20600,1.17000,1.00000,0.00000
95.40600,1.16000,1.00000,0.00000
95.60600,1.16000,1.00000,0.00000
95.80600,1.16000,1.00000,0.00000
95.99600,1.17000,1.00000,0.00000
96.19600,1.16000,1.00000,0.00000
96.39600,1.16000,1.00000,0.00000
96.58600,1.17000,1.00000,0.00000
96.78600,1.16000,1.00000,0.00000
96.98600,1.16000,1.00000,0.00000
97.18600,1.15000,1.00000,0.00000
97.37600,1.16000,1.00000,0.00000
97.57600,1.15000,1.00000,0.00000
97.77600,1.15000,1.00000,0.00000
97.96600,1.16000,1.00000,0.00000
98.16600,1.16000,1.00000,0.00000
98.35600,1.17000,1.00000,0.00000
98.55600,1.18000,1.00000,0.00000
98.74600,1.18999,1.00000,0.00000
98.94600,1.18000,0.99999,0.00001
99.14600,1.17999,0.99993,0.00007
99.34600,1.18700,0.99992,0.00008
99.54600,1.18700,0.99991,0.00009
99.75600,1.17600,0.99998,0.00002
99.95600,1.17600,1.00000,0.00000
100.14600,1.17599,1.00000,0.00000
100.34600,1.18600,1.00000,0.00000
100.55300,1.17900,1.00000,0.00000
100.75300,1.17900,1.00000,0.00000
100.95200,1.18000,1.00000,0.00000
101.15200,1.17000,1.00000,0.00000
101.35200,1.17001,1.00000,0.00000
101.55200,1.16400,1.00000,0.00000
101.75200,1.16400,1.00000,0.00000
101.95200,1.16399,1.00000,0.00000
102.15200,1.16400,1.00000,0.00000
102.34200,1.17400,1.00000,0.00000
102.54200,1.16400,1.00000,0.00000
102.73600,1.17000,1.00000,0.00000
102.93600,1.17001,1.00000,0.00000
103.13600,1.17000,0.99997,0.00003
103.33600,1.17000,0.99994,0.00006
103.53600,1.17000,0.99970,0.00030
103.72600,1.18000,0.99775,0.00225
103.92600,1.18000,0.99997,0.00003
104.12600,1.18000,0.99999,0.00001
104.32600,1.17001,0.99997,0.00003
104.52600,1.17000,0.99998,0.00002
104.72600,1.16000,0.99999,0.00001
104.92600,1.16000,0.99993,0.00007
105.12600,1.15000,0.99973,0.00027
105.32600,1.15000,0.99996,0.00004
105.51600,1.16000,0.99984,0.00016
105.71600,1.14999,0.99935,0.00065
105.90600,1.16000,0.99995,0.00005
106.10600,1.16000,1.00000,0.00000
106.29600,1.17001,0.99999,0.00001
106.49600,1.16000,0.99991,0.00009
106.69600,1.16000,0.99989,0.00011
106.88600,1.17000,0.99995,0.00005
107.08600,1.15700,0.99999,0.00001
107.28600,1.15700,0.99999,0.00001
107.48600,1.15000,1.00000,0.00000
107.67600,1.16000,0.99999,0.00001
107.87600,1.16000,0.99998,0.00002
108.07600,1.16000,0.99980,0.00020
108.26300,1.17300,0.99999,0.00001
108.46300,1.16300,0.99990,0.00010
108.65600,1.17000,0.99778,0.00222
108.85600,1.17000,1.00000,0.00000
109.05600,1.16000,0.99998,0.00002
109.25600,1.16000,1.00000,0.00000
109.45600,1.15000,1.00000,0.00000
109.64600,1.16000,1.00000,0.00000
109.84600,1.16000,0.99996,0.00004
110.04600,1.15000,0.99998,0.00002
110.23600,1.16000,1.00000,0.00000
110.43600,1.16000,0.99999,0.00001
110.62600,1.17000,0.99999,0.00001
110.82600,1.17001,1.00000,0.00000
111.02600,1.16000,0.99999,0.00001
111.21600,1.17000,0.99996,0.00004
111.41600,1.16000,1.00000,0.00000
111.61600,1.16000,0.99999,0.00001
111.81600,1.16000,1.00000,0.00000
112.01600,1.16000,0.99999,0.00001
112.20600,1.17000,1.00000,0.00000
112.40600,1.16000,0.99999,0.00001
112.59600,1.17000,0.99999,0.00001
112.79600,1.17001,0.99999,0.00001
112.99600,1.16700,0.99997,0.00003
113.19600,1.16700,0.99999,0.00001
113.39600,1.17000,1.00000,0.00000
113.58600,1.18000,1.00000,0.00000
113.78600,1.17000,0.99999,0.00001
113.97600,1.18000,0.99994,0.00006
114.18300,1.17300,0.99980,0.00020
114.38300,1.16299,0.99986,0.00014
114.58600,1.16000,0.99998,0.00002
114.78600,1.16000,0.99999,0.00001
114.97600,1.17001,0.99999,0.00001
115.17600,1.17000,1.00000,0.00000
115.37600,1.16000,0.99999,0.00001
115.56600,1.17000,0.99999,0.00001
115.76600,1.16000,0.99994,0.00006
115.96600,1.16000,0.99999,0.00001
116.16600,1.16000,0.99996,0.00004
116.36600,1.15701,0.99998,0.00002
116.55600,1.16700,0.99999,0.00001
116.75600,1.16000,1.00000,0.00000
116.94600,1.17000,0.99993,0.00007
117.14600,1.17000,1.00000,0.00000
117.34600,1.16000,1.00000,0.00000
117.54300,1.16300,1.00000,0.00000
117.74300,1.15301,0.99999,0.00001
117.93600,1.16000,1.00000,0.00000
118.13600,1.16000,1.00000,0.00000
118.33600,1.15000,0.99999,0.00001
118.52600,1.16000,0.99999,0.00001
118.72600,1.14700,1.00000,0.00000
118.91600,1.15700,1.00000,0.00000
119.11600,1.15701,0.99991,0.00009
119.31600,1.16000,0.99998,0.00002
119.50600,1.17001,0.99999,0.00001
119.70600,1.16000,0.99999,0.00001
119.89300,1.17300,1.00000,0.00000
120.09300,1.17300,1.00000,0.00000
120.29300,1.16300,0.99997,0.00003
120.49600,1.16000,0.99945,0.00055
120.69600,1.16000,0.99828,0.00172
120.88600,1.17000,0.99959,0.00041
121.08600,1.17000,0.99996,0.00004
121.28600,1.17000,1.00000,0.00000
121.47600,1.18000,1.00000,0.00000
121.67600,1.18000,1.00000,0.00000
121.87600,1.18000,1.00000,0.00000
122.07600,1.17001,0.99999,0.00001
122.27600,1.16800,0.99904,0.00096
122.47600,1.16800,0.91031,0.08969
122.67600,1.16000,0.89176,0.10824
122.87600,1.16000,0.94923,0.05077
123.07600,1.15000,0.99213,0.00787
123.26400,1.16200,0.99995,0.00005
123.46400,1.16200,0.99995,0.00005
123.66400,1.16199,1.00000,0.00000
123.85600,1.17000,1.00000,0.00000
124.05600,1.16000,1.00000,0.00000
124.24600,1.17000,0.99999,0.00001
124.44600,1.17000,0.99998,0.00002
124.64600,1.16000,0.99997,0.00003
124.84600,1.16000,1.00000,0.00000
125.04600,1.15701,1.00000,0.00000
125.23600,1.16700,1.00000,0.00000
125.43600,1.16700,1.00000,0.00000
125.63600,1.16000,1.00000,0.00000
125.82600,1.17001,1.00000,0.00000
126.02600,1.16000,1.00000,0.00000
126.22300,1.16300,1.00000,0.00000
126.42300,1.16300,1.00000,0.00000
126.62300,1.15300,1.00000,0.00000
126.81600,1.16000,1.00000,0.00000
127.01600,1.15000,1.00000,0.00000
127.20600,1.16000,1.00000,0.00000
127.40600,1.16000,1.00000,0.00000
127.60600,1.14999,1.00000,0.00000
127.79600,1.16000,1.00000,0.00000
127.99600,1.14999,1.00000,0.00000
128.18600,1.15700,1.00000,0.00000
128.38600,1.15700,1.00000,0.00000
128.58600,1.14799,1.00000,0.00000
128.77600,1.15800,1.00000,0.00000
128.97600,1.14799,1.00000,0.00000
129.16299,1.16301,1.00000,0.00000
129.36301,1.16299,1.00000,0.00000
129.56300,1.16299,1.00000,0.00000
129.75400,1.17200,1.00000,0.00000
129.95399,1.17201,1.00000,0.00000
130.14600,1.18001,1.00000,0.00000
130.34599,1.18001,1.00000,0.00000
130.54601,1.17999,1.00000,0.00000
130.74600,1.17999,1.00000,0.00000
130.94600,1.17000,1.00000,0.00000
131.14600,1.17000,1.00000,0.00000
131.34599,1.17001,1.00000,0.00000
131.54601,1.15700,1.00000,0.00000
131.74600,1.15700,1.00000,0.00000
131.94600,1.14999,0.99997,0.00003
132.13600,1.16000,0.99997,0.00003
132.33600,1.16000,0.99989,0.00011
132.53600,1.16000,0.99999,0.00001
132.72301,1.17299,0.99983,0.00017
132.92300,1.16299,0.99998,0.00002
133.11600,1.17000,0.99929,0.00071
133.31599,1.17000,0.99855,0.00145
133.51601,1.15999,0.99508,0.00492
133.71600,1.16000,0.99535,0.00465
133.91600,1.16000,0.99651,0.00349
134.10600,1.17000,0.99960,0.00040
134.30600,1.17000,0.99999,0.00001
134.50600,1.17900,1.00000,0.00000
134.69600,1.18900,1.00000,0.00000
134.89600,1.18001,1.00000,0.00000
135.09599,1.18001,1.00000,0.00000
135.29601,1.17000,1.00000,0.00000
135.49600,1.17000,1.00000,0.00000
135.70500,1.16100,1.00000,0.00000
135.90500,1.15100,0.99999,0.00001
136.09599,1.16000,0.99999,0.00001
136.29601,1.14999,0.99995,0.00005
136.48599,1.16000,0.99991,0.00009
136.68600,1.15999,0.99997,0.00003
136.88600,1.14999,0.99998,0.00002
137.07600,1.15999,0.99999,0.00001
137.27600,1.15700,1.00000,0.00000
137.46600,1.16699,0.99999,0.00001
137.66600,1.16699,0.99997,0.00003
137.86600,1.15900,1.00000,0.00000
138.05600,1.16901,0.99987,0.00013
138.25600,1.16000,0.99984,0.00016
138.45300,1.16299,0.99999,0.00001
138.65300,1.16299,0.99999,0.00001
138.85300,1.15300,0.99999,0.00001
139.04500,1.16100,0.99997,0.00003
139.24500,1.16101,0.99997,0.00003
139.43600,1.17000,0.99962,0.00038
139.63600,1.17000,0.99948,0.00052
139.83600,1.16501,0.99979,0.00021
140.02600,1.17500,0.99999,0.00001
140.22600,1.17500,0.99999,0.00001
140.42599,1.17500,0.99999,0.00001
140.62601,1.17499,0.99999,0.00001
140.82600,1.16699,0.99944,0.00056
141.02100,1.17200,0.99942,0.00058
141.22099,1.16501,0.99029,0.00971
141.42101,1.16499,0.86633,0.13367
141.62100,1.16499,0.96983,0.03017
141.82100,1.16499,0.99562,0.00438
142.01300,1.17300,0.99978,0.00022
142.21300,1.16301,1.00000,0.00000
142.40601,1.17000,1.00000,0.00000
142.60600,1.16000,1.00000,0.00000
142.80600,1.16000,1.00000,0.00000
143.00600,1.16000,1.00000,0.00000
143.20599,1.16000,1.00000,0.00000
143.39600,1.16000,1.00000,0.00000
143.59599,1.16000,1.00000,0.00000
143.78600,1.17000,1.00000,0.00000
143.98599,1.16000,1.00000,0.00000
144.18600,1.15999,1.00000,0.00000
144.38600,1.14999,1.00000,0.00000
144.57600,1.15999,1.00000,0.00000
144.77600,1.14999,1.00000,0.00000
144.97600,1.15001,1.00000,0.00000
145.16600,1.16000,1.00000,0.00000
145.36600,1.15001,1.00000,0.00000
145.55600,1.16000,1.00000,0.00000
145.75600,1.16000,1.00000,0.00000
145.94600,1.17000,1.00000,0.00000
146.14600,1.16000,1.00000,0.00000
146.34599,1.16000,1.00000,0.00000
146.53600,1.16000,1.00000,0.00000
146.73599,1.16000,1.00000,0.00000
146.93600,1.15999,1.00000,0.00000
147.13600,1.14999,1.00000,0.00000
147.32600,1.15999,1.00000,0.00000
147.52600,1.17000,0.99999,0.00001
147.71600,1.17999,0.99999,0.00001
147.91600,1.17000,0.99999,0.00001
148.11600,1.17000,1.00000,0.00000
148.30600,1.17999,1.00000,0.00000
148.50600,1.18001,1.00000,0.00000
148.71600,1.17000,0.99999,0.00001
148.91600,1.17000,0.99999,0.00001
149.10600,1.17999,0.99996,0.00004
149.30600,1.18500,0.99993,0.00007
149.50600,1.18500,0.99997,0.00003
149.70599,1.17500,0.99999,0.00001
149.90601,1.17499,0.99999,0.00001
150.10600,1.16499,1.00000,0.00000
150.30600,1.16499,1.00000,0.00000
150.51100,1.16000,1.00000,0.00000
150.71100,1.14999,1.00000,0.00000
150.90100,1.16000,1.00000,0.00000
151.10100,1.15500,0.99999,0.00001
151.29100,1.16499,0.99997,0.00003
151.49100,1.16501,0.99999,0.00001
151.68100,1.17500,0.99996,0.00004
151.88100,1.17500,0.99996,0.00004
152.08099,1.17500,0.99993,0.00007
152.27600,1.17999,0.99993,0.00007
152.47600,1.18001,0.99980,0.00020
152.67599,1.18001,1.00000,0.00000
152.87601,1.17000,1.00000,0.00000
153.07600,1.17000,1.00000,0.00000
153.27600,1.16000,1.00000,0.00000
153.47600,1.16000,1.00000,0.00000
153.67599,1.16000,1.00000,0.00000
153.87601,1.15999,1.00000,0.00000
154.06599,1.17000,0.99999,0.00001
154.26601,1.15999,1.00000,0.00000
154.45599,1.17001,0.99999,0.00001
154.65601,1.15999,1.00000,0.00000
154.85600,1.16000,0.99999,0.00001
155.05600,1.14999,0.99972,0.00028
155.25600,1.15001,0.99984,0.00016
155.44600,1.16000,0.99977,0.00023
155.64600,1.15001,0.99991,0.00009
155.83600,1.16000,1.00000,0.00000
156.03600,1.16000,1.00000,0.00000
156.22600,1.17000,1.00000,0.00000
156.42599,1.17000,1.00000,0.00000
156.61600,1.18001,1.00000,0.00000
156.81599,1.18001,0.99988,0.00012
157.01601,1.17999,0.99988,0.00012
157.21600,1.17999,0.99991,0.00009
157.41600,1.17000,0.99997,0.00003
157.61600,1.17000,0.99970,0.00030
157.81599,1.17000,0.99923,0.00077
158.01601,1.17000,0.99850,0.00150
158.21600,1.17000,0.99764,0.00236
158.40601,1.17999,0.99832,0.00168
158.60600,1.17999,0.99996,0.00004
158.80600,1.17999,1.00000,0.00000
159.00600,1.18001,1.00000,0.00000
159.20599,1.18001,1.00000,0.00000
159.40601,1.17999,1.00000,0.00000
159.60600,1.17599,1.00000,0.00000
159.80600,1.17599,1.00000,0.00000
160.00600,1.17601,1.00000,0.00000
160.20599,1.17601,1.00000,0.00000
160.40601,1.16600,1.00000,0.00000
160.60600,1.16600,1.00000,0.00000
160.80200,1.16000,1.00000,0.00000
161.00200,1.16000,1.00000,0.00000
161.20200,1.16000,1.00000,0.00000
161.40199,1.15100,1.00000,0.00000
161.59200,1.16101,1.00000,0.00000
161.79201,1.14400,0.99999,0.00001
161.98199,1.15401,0.99988,0.00012
162.18201,1.15399,0.99993,0.00007
162.38200,1.15399,0.99999,0.00000
162.57300,1.16299,1.00000,0.00000
162.77299,1.15300,1.00000,0.00000
162.95599,1.17001,1.00000,0.00000
163.15601,1.15999,1.00000,0.00000
163.35600,1.16000,1.00000,0.00000
163.55600,1.16000,1.00000,0.00000
163.75600,1.15001,1.00000,0.00000
163.94600,1.16000,0.99995,0.00005
164.14600,1.16000,0.99999,0.00001
164.33600,1.17000,1.00000,0.00000
164.53600,1.17000,1.00000,0.00000
164.73599,1.15701,1.00000,0.00000
164.92599,1.16701,1.00000,0.00000
165.12601,1.15999,1.00000,0.00000
165.32600,1.15999,1.00000,0.00000
165.52600,1.16000,1.00000,0.00000
165.72600,1.15001,1.00000,0.00000
165.91299,1.16301,1.00000,0.00000
166.11301,1.16299,1.00000,0.00000
166.30600,1.17000,1.00000,0.00000
166.50600,1.17000,1.00000,0.00000
166.70599,1.16000,1.00000,0.00000
166.89600,1.17000,1.00000,0.00000
167.09599,1.16000,1.00000,0.00000
167.29601,1.15999,1.00000,0.00000
167.49600,1.16000,1.00000,0.00000
167.69600,1.14999,1.00000,0.00000
167.88600,1.16000,1.00000,0.00000
168.08600,1.14999,1.00000,0.00000
168.27600,1.16000,1.00000,0.00000
168.47600,1.16000,1.00000,0.00000
168.67599,1.16000,1.00000,0.00000
168.86600,1.17000,1.00000,0.00000
169.06599,1.16000,1.00000,0.00000
169.25600,1.17000,1.00000,0.00000
169.45599,1.17001,1.00000,0.00000
169.65601,1.17000,1.00000,0.00000
169.85600,1.17000,1.00000,0.00000
170.05600,1.17000,1.00000,0.00000
170.24600,1.17999,1.00000,0.00000
170.44600,1.18001,1.00000,0.00000
170.64600,1.18700,1.00000,0.00000
170.84599,1.18701,1.00000,0.00000
171.04601,1.18999,1.00000,0.00000
171.24600,1.19000,1.00000,0.00000
171.44600,1.18001,1.00000,0.00000
171.65300,1.17300,1.00000,0.00000
171.85300,1.17300,0.99998,0.00002
172.05299,1.16301,0.99998,0.00002
172.25600,1.16000,0.99998,0.00002
172.45599,1.15001,0.99997,0.00003
172.64600,1.16000,1.00000,0.00000
172.84599,1.16000,0.99961,0.00039
173.04601,1.15999,0.99978,0.00022
173.23599,1.17001,0.99987,0.00013
173.43600,1.15999,0.99996,0.00004
173.62601,1.17000,0.99999,0.00001
173.82600,1.17000,1.00000,0.00000
174.02600,1.16699,1.00000,0.00000
174.22600,1.16701,1.00000,0.00000
174.42599,1.16000,1.00000,0.00000
174.61600,1.17000,1.00000,0.00000
174.81599,1.17000,0.99999,0.00001
175.01601,1.17000,0.99993,0.00007
175.21300,1.17300,0.99980,0.00020
175.41299,1.17300,0.99983,0.00017
175.60600,1.17999,0.99964,0.00036
175.80600,1.17999,0.99999,0.00001
176.00600,1.17000,1.00000,0.00000
176.20599,1.17001,0.99993,0.00007
176.40601,1.15999,0.99998,0.00002
176.60600,1.16000,1.00000,0.00000
176.80600,1.16000,1.00000,0.00000
176.99600,1.16000,1.00000,0.00000
177.19600,1.16000,1.00000,0.00000
177.39600,1.16000,0.99998,0.00002
177.58600,1.17000,0.99974,0.00026
177.78600,1.16000,1.00000,0.00000
177.97600,1.17000,0.99995,0.00005
178.17599,1.17000,0.99999,0.00001
178.37601,1.17000,1.00000,0.00000
178.57600,1.17000,1.00000,0.00000
178.77600,1.17000,0.99992,0.00008
178.96600,1.17999,0.99984,0.00016
179.16600,1.17999,0.99944,0.00056
179.36600,1.17700,0.99996,0.00004
179.56599,1.17700,0.99982,0.00018
179.76601,1.16800,0.99998,0.00002
179.96600,1.16800,0.99997,0.00003
180.16600,1.16800,0.99952,0.00048
180.36600,1.16000,0.99811,0.00189
180.56300,1.16299,0.99938,0.00062
180.76300,1.15300,0.99972,0.00028
180.95399,1.16200,0.99998,0.00002
181.15401,1.16199,1.00000,0.00000
181.35400,1.15199,0.99997,0.00003
181.54601,1.15999,0.99992,0.00008
181.74600,1.16000,1.00000,0.00000
181.93600,1.17000,0.99991,0.00009
182.13600,1.17000,0.99996,0.00004
182.33600,1.16000,0.99999,0.00001
182.52600,1.17000,1.00000,0.00000
182.72600,1.16701,0.99999,0.00001
182.92599,1.16701,1.00000,0.00000
183.12601,1.16699,1.00000,0.00000
183.32600,1.16800,1.00000,0.00000
183.51601,1.17799,0.99984,0.00016
183.71600,1.17000,0.99992,0.00008
183.91299,1.17300,0.99975,0.00025
184.11301,1.17299,0.99958,0.00042
184.31300,1.17299,1.00000,0.00000
184.51401,1.17200,1.00000,0.00000
184.71400,1.16200,0.99999,0.00001
184.90601,1.17000,0.99989,0.00011
185.10600,1.16000,0.99990,0.00010
185.30600,1.16000,0.99990,0.00010
185.50600,1.16000,0.99958,0.00042
185.70599,1.14801,0.99986,0.00014
185.89600,1.15800,0.98800,0.01200
186.09599,1.16000,0.97958,0.02042
186.28600,1.17000,0.99323,0.00677
186.48599,1.17001,0.99999,0.00001
186.68600,1.15999,0.99998,0.00002
186.87399,1.17201,0.99999,0.00001
187.07401,1.17200,1.00000,0.00000
187.27600,1.17000,0.99999,0.00001
187.47600,1.17000,0.99999,0.00001
187.67599,1.17000,1.00000,0.00000
187.86600,1.18001,0.99999,0.00001
188.06599,1.17000,0.99985,0.00015
188.26601,1.17000,0.99999,0.00001
188.46600,1.17000,0.99999,0.00001
188.66600,1.17700,1.00000,0.00000
188.86600,1.17700,0.99999,0.00001
189.06599,1.17900,1.00000,0.00000
189.25600,1.18901,0.99999,0.00001
189.45599,1.18901,0.99997,0.00003
189.65601,1.17999,1.00000,0.00000
189.86301,1.17299,1.00000,0.00000
190.06300,1.16299,1.00000,0.00000
190.26500,1.16100,1.00000,0.00000
190.46500,1.16101,1.00000,0.00000
190.65500,1.17101,0.99998,0.00002
190.85600,1.17000,0.99999,0.00001
191.05600,1.16000,0.99996,0.00004
191.24600,1.17000,0.99967,0.00033
191.44600,1.16000,0.99977,0.00023
191.64600,1.17000,0.99999,0.00001
191.84599,1.17001,1.00000,0.00000
192.04601,1.17700,1.00000,0.00000
192.23599,1.18701,0.99999,0.00001
192.43600,1.17999,0.99996,0.00004
192.63600,1.17999,0.99918,0.00082
192.83600,1.18001,0.99995,0.00005
193.03600,1.17000,0.99989,0.00011
193.24300,1.16301,0.99990,0.00010
193.44299,1.15300,0.99999,0.00001
193.63600,1.16000,1.00000,0.00000
193.83600,1.16000,0.99999,0.00001
194.03600,1.15001,1.00000,0.00000
194.22600,1.16000,1.00000,0.00000
194.42599,1.15001,1.00000,0.00000
194.61600,1.16000,0.99999,0.00001
194.81599,1.16000,0.99997,0.00003
195.01601,1.14999,0.99998,0.00002
195.20599,1.16000,0.99998,0.00002
195.40601,1.15999,1.00000,0.00000
195.59599,1.17001,1.00000,0.00000
195.79601,1.17000,1.00000,0.00000
195.99600,1.17999,1.00000,0.00000
196.18600,1.19000,1.00000,0.00000
196.38600,1.19000,1.00000,0.00000
196.58600,1.19000,0.99989,0.00011
196.78600,1.18001,0.99999,0.00001
196.98599,1.18001,0.99994,0.00006
197.19600,1.17000,0.99999,0.00001
197.39600,1.17000,0.99983,0.00017
197.59599,1.17001,0.99958,0.00042
197.79601,1.17000,0.99131,0.00869
197.98599,1.18001,0.55518,0.44482
198.18600,1.17999,0.97815,0.02185
198.38600,1.17999,0.99630,0.00370
198.58600,1.18001,0.99996,0.00004
198.78600,1.18001,0.99998,0.00002
198.98599,1.18001,0.99976,0.00024
199.18600,1.17499,0.99474,0.00526
199.38600,1.17500,0.99968,0.00032
199.58600,1.17500,0.99995,0.00005
199.78600,1.17500,1.00000,0.00000
199.98599,1.16501,1.00000,0.00000
200.18100,1.17000,1.00000,0.00000
200.38100,1.16000,1.00000,0.00000
200.58099,1.16000,1.00000,0.00000
200.78101,1.15999,1.00000,0.00000
200.98100,1.14500,1.00000,0.00000
201.17101,1.15500,1.00000,0.00000
201.37100,1.14500,1.00000,0.00000
201.56100,1.15500,1.00000,0.00000
201.76100,1.14500,1.00000,0.00000
201.95100,1.15500,1.00000,0.00000
202.14600,1.15001,1.00000,0.00000
202.34599,1.15001,1.00000,0.00000
202.53600,1.16000,1.00000,0.00000
202.73599,1.15001,1.00000,0.00000
202.92599,1.16000,1.00000,0.00000
203.12601,1.14999,1.00000,0.00000
203.31599,1.16000,0.99999,0.00001
203.51601,1.15999,0.99987,0.00013
203.71600,1.16000,0.99993,0.00007
203.90601,1.17000,0.99673,0.00327
204.10600,1.16000,0.99772,0.00228
204.29601,1.17000,0.99874,0.00126
204.49600,1.16000,0.94129,0.05871
204.69600,1.16000,0.99731,0.00269
204.89600,1.16000,0.99962,0.00038
205.08600,1.17000,0.99994,0.00006
205.28600,1.16000,1.00000,0.00000
205.48599,1.16000,1.00000,0.00000
205.67599,1.17000,0.99999,0.00001
205.87601,1.15999,1.00000,0.00000
206.07600,1.15999,1.00000,0.00000
206.27600,1.14999,1.00000,0.00000
206.46600,1.16000,0.99998,0.00002
206.66600,1.14999,0.99998,0.00002
206.86600,1.15001,1.00000,0.00000
207.05600,1.16000,1.00000,0.00000
207.25600,1.15001,1.00000,0.00000
207.44600,1.16000,1.00000,0.00000
207.64600,1.16000,1.00000,0.00000
207.83600,1.17000,1.00000,0.00000
208.03600,1.17000,1.00000,0.00000
208.22600,1.18001,1.00000,0.00000
208.42599,1.18001,1.00000,0.00000
208.62601,1.17999,1.00000,0.00000
208.82600,1.17700,1.00000,0.00000
209.02600,1.17700,1.00000,0.00000
209.22600,1.17700,1.00000,0.00000
209.42599,1.16600,1.00000,0.00000
209.62601,1.16600,1.00000,0.00000
209.82600,1.15599,1.00000,0.00000
210.02299,1.15901,1.00000,0.00000
210.22301,1.14899,1.00000,0.00000
210.41299,1.15901,1.00000,0.00000
210.61200,1.14999,1.00000,0.00000
210.81200,1.15001,1.00000,0.00000
211.00200,1.16000,1.00000,0.00000
211.20200,1.15401,1.00000,0.00000
211.39200,1.16400,1.00000,0.00000
211.59200,1.16400,1.00000,0.00000
211.78200,1.17400,1.00000,0.00000
211.98199,1.16400,1.00000,0.00000
212.18201,1.16399,1.00000,0.00000
212.37601,1.17000,1.00000,0.00000
212.57600,1.15999,1.00000,0.00000
212.77600,1.16000,1.00000,0.00000
212.97600,1.15001,1.00000,0.00000
213.16600,1.16000,1.00000,0.00000
213.36600,1.15001,1.00000,0.00000
213.55600,1.16000,1.00000,0.00000
