Time (seconds), Duration (seconds),pred_unlabelled,pred_fall
0.02031,1.19801,1.00000,0.00000
0.22336,1.19801,1.00000,0.00000
0.42641,1.19801,1.00000,0.00000
0.62946,1.19801,1.00000,0.00000
0.83252,1.19801,1.00000,0.00000
1.03557,1.19801,1.00000,0.00000
1.23862,1.19801,1.00000,0.00000
1.44167,1.19801,1.00000,0.00000
1.64473,1.19801,1.00000,0.00000
1.84778,1.19801,1.00000,0.00000
2.05083,1.19801,1.00000,0.00000
2.25388,1.19801,1.00000,0.00000
2.45694,1.19801,1.00000,0.00000
2.65999,1.19801,1.00000,0.00000
2.86304,1.19801,1.00000,0.00000
3.06609,1.19801,1.00000,0.00000
3.26915,1.19801,1.00000,0.00000
3.47220,1.19801,1.00000,0.00000
3.67525,1.19801,1.00000,0.00000
3.87830,1.19801,1.00000,0.00000
4.08136,1.19801,1.00000,0.00000
4.28441,1.19801,1.00000,0.00000
4.48746,1.19801,1.00000,0.00000
4.69051,1.19801,1.00000,0.00000
4.89357,1.19801,1.00000,0.00000
5.09662,1.19801,1.00000,0.00000
5.29967,1.19801,1.00000,0.00000
5.50272,1.19801,1.00000,0.00000
5.70578,1.19801,1.00000,0.00000
5.90883,1.19801,0.99999,0.00001
6.11188,1.19801,0.99996,0.00004
6.31493,1.19801,0.99987,0.00013
6.51799,1.19801,0.99991,0.00009
6.72104,1.19801,0.99999,0.00001
6.92409,1.19801,0.99998,0.00002
7.12714,1.19801,0.99999,0.00001
7.33020,1.19801,0.99999,0.00001
7.53325,1.19801,0.99999,0.00001
7.73630,1.19801,1.00000,0.00000
7.93935,1.19801,0.99999,0.00001
8.14241,1.19801,0.99990,0.00010
8.34546,1.19801,0.99999,0.00001
8.54851,1.19801,1.00000,0.00000
8.75156,1.19801,1.00000,0.00000
8.95462,1.19801,1.00000,0.00000
9.15767,1.19801,1.00000,0.00000
9.36072,1.19801,0.99998,0.00002
9.56377,1.19801,0.99998,0.00002
9.76683,1.19801,0.99990,0.00010
9.96988,1.19801,0.99999,0.00001
10.17293,1.19801,0.99978,0.00022
10.37598,1.19801,0.99999,0.00001
10.57904,1.19801,0.99996,0.00004
10.78209,1.19801,1.00000,0.00000
10.98514,1.19801,1.00000,0.00000
11.18819,1.19801,1.00000,0.00000
11.39125,1.19801,1.00000,0.00000
11.59430,1.19801,1.00000,0.00000
11.79735,1.19801,0.99999,0.00000
12.00040,1.19801,0.99996,0.00004
12.20346,1.19801,0.99982,0.00018
12.40651,1.19801,0.99982,0.00018
12.60956,1.19801,0.99999,0.00001
12.81261,1.19801,0.99992,0.00008
13.01567,1.19801,0.99999,0.00001
13.21872,1.19801,0.99999,0.00001
13.42177,1.19801,0.99998,0.00002
13.62482,1.19801,0.99995,0.00005
13.82788,1.19801,0.99997,0.00003
14.03093,1.19801,1.00000,0.00000
14.23398,1.19801,0.99999,0.00001
14.43703,1.19801,0.99999,0.00001
14.64009,1.19801,0.99995,0.00005
14.84314,1.19801,0.99995,0.00005
15.04619,1.19801,0.99998,0.00002
15.24924,1.19801,1.00000,0.00000
15.45230,1.19801,1.00000,0.00000
15.65535,1.19801,1.00000,0.00000
15.85840,1.19801,1.00000,0.00000
16.06145,1.19801,1.00000,0.00000
16.26451,1.19801,1.00000,0.00000
16.46756,1.19801,1.00000,0.00000
16.67061,1.19801,1.00000,0.00000
16.87366,1.19801,1.00000,0.00000
17.07672,1.19801,1.00000,0.00000
17.27977,1.19801,1.00000,0.00000
17.48282,1.19801,0.99999,0.00001
17.68587,1.19801,0.99997,0.00003
17.88893,1.19801,0.99618,0.00382
18.09198,1.19801,0.32480,0.67520
18.29503,1.19801,0.01923,0.98077
18.49808,1.19801,0.65259,0.34741
18.70114,1.19801,0.99990,0.00010
18.90419,1.19801,1.00000,0.00000
19.10724,1.19801,0.99728,0.00272
19.31029,1.19801,0.99195,0.00805
19.51335,1.19801,0.99704,0.00296
19.71640,1.19801,0.99998,0.00002
19.91945,1.19801,1.00000,0.00000
20.12250,1.19801,1.00000,0.00000
20.32556,1.19801,1.00000,0.00000
20.52861,1.19801,1.00000,0.00000
20.73166,1.19801,1.00000,0.00000
20.93471,1.19801,1.00000,0.00000
21.13777,1.19801,1.00000,0.00000
21.34082,1.19801,1.00000,0.00000
21.54387,1.19801,1.00000,0.00000
21.74692,1.19801,1.00000,0.00000
21.94998,1.19801,1.00000,0.00000
22.15303,1.19801,1.00000,0.00000
22.35608,1.19801,1.00000,0.00000
22.55913,1.19801,1.00000,0.00000
22.76219,1.19801,1.00000,0.00000
22.96524,1.19801,1.00000,0.00000
23.16829,1.19801,1.00000,0.00000
23.37134,1.19801,1.00000,0.00000
23.57440,1.19801,1.00000,0.00000
23.77745,1.19801,1.00000,0.00000
23.98050,1.19801,1.00000,0.00000
24.18355,1.19801,1.00000,0.00000
24.38661,1.19801,1.00000,0.00000
24.58966,1.19801,1.00000,0.00000
24.79271,1.19801,0.99999,0.00001
24.99576,1.19801,0.99991,0.00009
25.19882,1.19801,0.99977,0.00023
25.40187,1.19801,0.99990,0.00010
25.60492,1.19801,0.99998,0.00002
25.80797,1.19801,1.00000,0.00000
26.01103,1.19801,1.00000,0.00000
26.21408,1.19801,1.00000,0.00000
26.41713,1.19801,1.00000,0.00000
26.62018,1.19801,1.00000,0.00000
26.82324,1.19801,1.00000,0.00000
27.02629,1.19801,1.00000,0.00000
27.22934,1.19801,1.00000,0.00000
27.43239,1.19801,1.00000,0.00000
27.63545,1.19801,1.00000,0.00000
27.83850,1.19801,1.00000,0.00000
28.04155,1.19801,0.99999,0.00001
28.24460,1.19801,0.99997,0.00003
28.44766,1.19801,0.99986,0.00014
28.65071,1.19801,0.98599,0.01401
28.85376,1.19801,0.85375,0.14625
29.05681,1.19801,0.37219,0.62781
29.25987,1.19801,0.99244,0.00756
29.46292,1.19801,0.99990,0.00010
29.66597,1.19801,1.00000,0.00000
29.86902,1.19801,1.00000,0.00000
30.07208,1.19801,0.99995,0.00005
30.27513,1.19801,0.99999,0.00001
30.47818,1.19801,1.00000,0.00000
30.68123,1.19801,0.99997,0.00003
30.88429,1.19801,0.99981,0.00019
31.08734,1.19801,0.99735,0.00265
31.29039,1.19801,0.99954,0.00046
31.49344,1.19801,0.99998,0.00002
31.69650,1.19801,1.00000,0.00000
31.89955,1.19801,1.00000,0.00000
32.10260,1.19801,1.00000,0.00000
32.30565,1.19801,1.00000,0.00000
32.50871,1.19801,1.00000,0.00000
32.71176,1.19801,1.00000,0.00000
32.91481,1.19801,1.00000,0.00000
33.11786,1.19801,1.00000,0.00000
33.32092,1.19801,1.00000,0.00000
33.52397,1.19801,1.00000,0.00000
33.72702,1.19801,1.00000,0.00000
33.93007,1.19801,1.00000,0.00000
34.13313,1.19801,1.00000,0.00000
34.33618,1.19801,0.99999,0.00001
34.53923,1.19801,0.99998,0.00002
34.74228,1.19801,0.99999,0.00001
34.94534,1.19801,0.98400,0.01600
35.14839,1.19801,0.08549,0.91451
35.35144,1.19801,0.14061,0.85939
35.55449,1.19801,0.99354,0.00646
35.75755,1.19801,1.00000,0.00000
35.96060,1.19801,0.99959,0.00041
36.16365,1.19801,0.99984,0.00016
36.36670,1.19801,0.99975,0.00025
36.56976,1.19801,0.99995,0.00005
36.77281,1.19801,1.00000,0.00000
36.97586,1.19801,1.00000,0.00000
37.17891,1.19801,1.00000,0.00000
37.38197,1.19801,1.00000,0.00000
37.58502,1.19801,1.00000,0.00000
37.78807,1.19801,1.00000,0.00000
37.99112,1.19801,1.00000,0.00000
38.19418,1.19801,1.00000,0.00000
38.39723,1.19801,1.00000,0.00000
38.60028,1.19801,1.00000,0.00000
38.80333,1.19801,1.00000,0.00000
39.00639,1.19801,1.00000,0.00000
39.20944,1.19801,1.00000,0.00000
39.41249,1.19801,1.00000,0.00000
39.61554,1.19801,1.00000,0.00000
39.81860,1.19801,1.00000,0.00000
40.02165,1.19801,1.00000,0.00000
40.22470,1.19801,1.00000,0.00000
40.42775,1.19801,1.00000,0.00000
40.63081,1.19801,1.00000,0.00000
40.83386,1.19801,1.00000,0.00000
41.03691,1.19801,1.00000,0.00000
41.23996,1.19801,1.00000,0.00000
41.44302,1.19801,1.00000,0.00000
41.64607,1.19801,1.00000,0.00000
41.84912,1.19801,1.00000,0.00000
42.05217,1.19801,1.00000,0.00000
42.25523,1.19801,1.00000,0.00000
42.45828,1.19801,1.00000,0.00000
42.66133,1.19801,1.00000,0.00000
42.86438,1.19801,1.00000,0.00000
43.06744,1.19801,1.00000,0.00000
43.27049,1.19801,1.00000,0.00000
43.47354,1.19801,1.00000,0.00000
43.67659,1.19801,1.00000,0.00000
43.87965,1.19801,1.00000,0.00000
44.08270,1.19801,1.00000,0.00000
44.28575,1.19801,1.00000,0.00000
44.48880,1.19801,1.00000,0.00000
44.69186,1.19801,1.00000,0.00000
44.89491,1.19801,1.00000,0.00000
45.09796,1.19801,1.00000,0.00000
45.30101,1.19801,1.00000,0.00000
45.50407,1.19801,1.00000,0.00000
45.70712,1.19801,1.00000,0.00000
45.91017,1.19801,0.99999,0.00001
46.11322,1.19801,0.99999,0.00001
46.31628,1.19801,0.99999,0.00001
46.51933,1.19801,0.99999,0.00000
46.72238,1.19801,1.00000,0.00000
46.92543,1.19801,1.00000,0.00000
47.12849,1.19801,1.00000,0.00000
47.33154,1.19801,1.00000,0.00000
47.53459,1.19801,1.00000,0.00000
47.73764,1.19801,1.00000,0.00000
47.94070,1.19801,1.00000,0.00000
48.14375,1.19801,0.99999,0.00001
48.34680,1.19801,0.99999,0.00001
48.54985,1.19801,0.99987,0.00013
48.75291,1.19801,0.99947,0.00053
48.95596,1.19801,0.99957,0.00043
49.15901,1.19801,0.99944,0.00056
49.36206,1.19801,0.99854,0.00146
49.56512,1.19801,0.99999,0.00001
49.76817,1.19801,0.99999,0.00001
49.97122,1.19801,0.99994,0.00006
50.17427,1.19801,1.00000,0.00000
50.37733,1.19801,0.99998,0.00002
50.58038,1.19801,0.99972,0.00028
50.78343,1.19801,0.99904,0.00096
50.98648,1.19801,0.99995,0.00005
51.18954,1.19801,1.00000,0.00000
51.39259,1.19801,1.00000,0.00000
51.59564,1.19801,1.00000,0.00000
51.79869,1.19801,1.00000,0.00000
52.00175,1.19801,1.00000,0.00000
52.20480,1.19801,1.00000,0.00000
52.40785,1.19801,1.00000,0.00000
52.61090,1.19801,1.00000,0.00000
52.81396,1.19801,1.00000,0.00000
53.01701,1.19801,1.00000,0.00000
53.22006,1.19801,1.00000,0.00000
53.42311,1.19801,1.00000,0.00000
53.62617,1.19801,1.00000,0.00000
53.82922,1.19801,1.00000,0.00000
54.03227,1.19801,1.00000,0.00000
54.23532,1.19801,1.00000,0.00000
54.43838,1.19801,1.00000,0.00000
54.64143,1.19801,1.00000,0.00000
54.84448,1.19801,1.00000,0.00000
55.04753,1.19801,1.00000,0.00000
55.25059,1.19801,0.99999,0.00001
55.45364,1.19801,0.99998,0.00002
55.65669,1.19801,0.99990,0.00010
55.85975,1.19801,0.99992,0.00008
56.06280,1.19801,0.99992,0.00008
56.26585,1.19801,1.00000,0.00000
56.46890,1.19801,1.00000,0.00000
56.67196,1.19801,1.00000,0.00000
56.87501,1.19801,1.00000,0.00000
57.07806,1.19801,1.00000,0.00000
57.28111,1.19801,1.00000,0.00000
57.48417,1.19801,1.00000,0.00000
57.68722,1.19801,1.00000,0.00000
57.89027,1.19801,1.00000,0.00000
58.09332,1.19801,1.00000,0.00000
58.29638,1.19801,0.99995,0.00005
58.49943,1.19801,0.99792,0.00208
58.70248,1.19801,0.98447,0.01553
58.90553,1.19801,0.99611,0.00389
59.10859,1.19801,0.99997,0.00003
59.31164,1.19801,1.00000,0.00000
59.51469,1.19801,1.00000,0.00000
59.71774,1.19801,1.00000,0.00000
59.92080,1.19801,1.00000,0.00000
60.12385,1.19801,1.00000,0.00000
60.32690,1.19801,1.00000,0.00000
60.52995,1.19801,1.00000,0.00000
60.73301,1.19801,1.00000,0.00000
60.93606,1.19801,1.00000,0.00000
61.13911,1.19801,1.00000,0.00000
61.34216,1.19801,1.00000,0.00000
61.54522,1.19801,1.00000,0.00000
61.74827,1.19801,1.00000,0.00000
61.95132,1.19801,1.00000,0.00000
62.15437,1.19801,1.00000,0.00000
62.35743,1.19801,0.99992,0.00008
62.56048,1.19801,0.99997,0.00003
62.76353,1.19801,0.99986,0.00014
62.96658,1.19801,0.84364,0.15636
63.16964,1.19801,0.24914,0.75086
63.37269,1.19801,0.23693,0.76307
63.57574,1.19801,0.99996,0.00004
63.77879,1.19801,1.00000,0.00000
63.98185,1.19801,0.99998,0.00002
64.18490,1.19801,0.99995,0.00005
64.38795,1.19801,0.99976,0.00024
64.59100,1.19801,0.99982,0.00018
64.79406,1.19801,0.99995,0.00005
64.99711,1.19801,1.00000,0.00000
65.20016,1.19801,1.00000,0.00000
65.40321,1.19801,1.00000,0.00000
65.60627,1.19801,1.00000,0.00000
65.80932,1.19801,1.00000,0.00000
66.01237,1.19801,1.00000,0.00000
66.21542,1.19801,1.00000,0.00000
66.41848,1.19801,1.00000,0.00000
66.62153,1.19801,1.00000,0.00000
66.82458,1.19801,1.00000,0.00000
67.02763,1.19801,1.00000,0.00000
67.23069,1.19801,1.00000,0.00000
67.43374,1.19801,1.00000,0.00000
67.63680,1.19801,1.00000,0.00000
67.83984,1.19801,1.00000,0.00000
68.04290,1.19801,1.00000,0.00000
68.24595,1.19801,1.00000,0.00000
68.44901,1.19801,1.00000,0.00000
68.65205,1.19801,1.00000,0.00000
68.85511,1.19801,1.00000,0.00000
69.05816,1.19801,1.00000,0.00000
69.26121,1.19801,1.00000,0.00000
69.46426,1.19801,1.00000,0.00000
69.66731,1.19801,1.00000,0.00000
69.87037,1.19801,1.00000,0.00000
70.07342,1.19801,1.00000,0.00000
70.27647,1.19801,1.00000,0.00000
70.47952,1.19801,1.00000,0.00000
70.68258,1.19801,1.00000,0.00000
70.88563,1.19801,1.00000,0.00000
71.08868,1.19801,1.00000,0.00000
71.29173,1.19801,1.00000,0.00000
71.49479,1.19801,0.99999,0.00001
71.69784,1.19801,0.99998,0.00002
71.90089,1.19801,0.99997,0.00003
72.10394,1.19801,0.99998,0.00002
72.30700,1.19801,0.99997,0.00003
72.51005,1.19801,0.99999,0.00001
72.71310,1.19801,0.99998,0.00002
72.91615,1.19801,1.00000,0.00000
73.11921,1.19801,1.00000,0.00000
73.32226,1.19801,1.00000,0.00000
73.52531,1.19801,1.00000,0.00000
73.72836,1.19801,1.00000,0.00000
73.93142,1.19801,1.00000,0.00000
74.13447,1.19801,1.00000,0.00000
74.33752,1.19801,0.99998,0.00002
74.54057,1.19801,0.99998,0.00002
74.74363,1.19801,0.99905,0.00095
74.94668,1.19801,0.99601,0.00399
75.14973,1.19801,0.99833,0.00167
75.35278,1.19801,0.94985,0.05015
75.55584,1.19801,0.99841,0.00159
75.75889,1.19801,0.99996,0.00004
75.96194,1.19801,0.99981,0.00019
76.16499,1.19801,0.99999,0.00001
76.36805,1.19801,0.99995,0.00005
76.57110,1.19801,0.99919,0.00081
76.77415,1.19801,0.99987,0.00013
76.97720,1.19801,0.99999,0.00001
77.18026,1.19801,1.00000,0.00000
77.38331,1.19801,1.00000,0.00000
77.58636,1.19801,0.99998,0.00002
77.78941,1.19801,0.99999,0.00001
77.99247,1.19801,0.99999,0.00001
78.19552,1.19801,0.99999,0.00001
78.39857,1.19801,1.00000,0.00000
78.60162,1.19801,1.00000,0.00000
78.80468,1.19801,1.00000,0.00000
79.00773,1.19801,1.00000,0.00000
79.21078,1.19801,1.00000,0.00000
79.41383,1.19801,1.00000,0.00000
79.61689,1.19801,1.00000,0.00000
79.81994,1.19801,1.00000,0.00000
80.02299,1.19801,1.00000,0.00000
80.22604,1.19801,1.00000,0.00000
80.42910,1.19801,1.00000,0.00000
80.63215,1.19801,1.00000,0.00000
80.83521,1.19801,1.00000,0.00000
81.03825,1.19801,0.99999,0.00001
81.24131,1.19801,0.99806,0.00194
81.44436,1.19801,0.76277,0.23723
81.64742,1.19801,0.21607,0.78393
81.85046,1.19801,0.77056,0.22944
82.05352,1.19801,0.99992,0.00008
82.25657,1.19801,1.00000,0.00000
82.45963,1.19801,1.00000,0.00000
82.66267,1.19801,1.00000,0.00000
82.86573,1.19801,1.00000,0.00000
83.06878,1.19801,1.00000,0.00000
83.27184,1.19801,1.00000,0.00000
83.47488,1.19801,1.00000,0.00000
83.67794,1.19801,1.00000,0.00000
83.88099,1.19801,1.00000,0.00000
84.08405,1.19801,1.00000,0.00000
84.28709,1.19801,1.00000,0.00000
84.49015,1.19801,1.00000,0.00000
84.69320,1.19801,1.00000,0.00000
84.89626,1.19801,1.00000,0.00000
85.09930,1.19801,1.00000,0.00000
85.30236,1.19801,1.00000,0.00000
85.50541,1.19801,1.00000,0.00000
85.70847,1.19801,1.00000,0.00000
85.91151,1.19801,1.00000,0.00000
86.11457,1.19801,1.00000,0.00000
86.31762,1.19801,1.00000,0.00000
86.52068,1.19801,1.00000,0.00000
86.72372,1.19801,1.00000,0.00000
86.92678,1.19801,1.00000,0.00000
87.12983,1.19801,1.00000,0.00000
87.33289,1.19801,1.00000,0.00000
87.53593,1.19801,1.00000,0.00000
87.73899,1.19801,1.00000,0.00000
87.94204,1.19801,1.00000,0.00000
88.14510,1.19801,1.00000,0.00000
88.34814,1.19801,1.00000,0.00000
88.55120,1.19801,1.00000,0.00000
88.75425,1.19801,1.00000,0.00000
88.95731,1.19801,1.00000,0.00000
89.16035,1.19801,1.00000,0.00000
89.36341,1.19801,1.00000,0.00000
89.56646,1.19801,1.00000,0.00000
89.76952,1.19801,1.00000,0.00000
89.97256,1.19801,1.00000,0.00000
90.17562,1.19801,1.00000,0.00000
90.37867,1.19801,1.00000,0.00000
90.58173,1.19801,1.00000,0.00000
90.78477,1.19801,1.00000,0.00000
90.98783,1.19801,1.00000,0.00000
91.19088,1.19801,1.00000,0.00000
91.39394,1.19801,1.00000,0.00000
91.59698,1.19801,1.00000,0.00000
91.80004,1.19801,0.99999,0.00000
92.00309,1.19801,0.99947,0.00053
92.20615,1.19801,0.99993,0.00007
92.40919,1.19801,0.99993,0.00007
92.61225,1.19801,0.99996,0.00004
92.81530,1.19801,1.00000,0.00000
93.01836,1.19801,0.99999,0.00001
93.22141,1.19801,0.99988,0.00012
93.42446,1.19801,0.99464,0.00536
93.62751,1.19801,0.98717,0.01283
93.83057,1.19801,0.23133,0.76867
94.03362,1.19801,0.44905,0.55095
94.23667,1.19801,0.99199,0.00801
94.43972,1.19801,0.99993,0.00007
94.64278,1.19801,1.00000,0.00000
94.84583,1.19801,1.00000,0.00000
95.04888,1.19801,1.00000,0.00000
95.25193,1.19801,1.00000,0.00000
95.45499,1.19801,1.00000,0.00000
95.65804,1.19801,1.00000,0.00000
95.86109,1.19801,1.00000,0.00000
96.06414,1.19801,1.00000,0.00000
96.26720,1.19801,1.00000,0.00000
96.47025,1.19801,1.00000,0.00000
96.67330,1.19801,1.00000,0.00000
96.87635,1.19801,1.00000,0.00000
97.07941,1.19801,1.00000,0.00000
97.28246,1.19801,1.00000,0.00000
97.48551,1.19801,1.00000,0.00000
97.68856,1.19801,1.00000,0.00000
97.89162,1.19801,1.00000,0.00000
98.09467,1.19801,1.00000,0.00000
98.29772,1.19801,1.00000,0.00000
98.50077,1.19801,0.99974,0.00026
98.70383,1.19801,0.94350,0.05650
98.90688,1.19801,0.31681,0.68319
99.10993,1.19801,0.73255,0.26745
99.31298,1.19801,0.99875,0.00125
99.51604,1.19801,1.00000,0.00000
99.71909,1.19801,1.00000,0.00000
99.92214,1.19801,1.00000,0.00000
100.12519,1.19801,1.00000,0.00000
100.32825,1.19801,1.00000,0.00000
100.53130,1.19801,1.00000,0.00000
100.73435,1.19801,1.00000,0.00000
100.93740,1.19801,1.00000,0.00000
101.14046,1.19801,1.00000,0.00000
101.34351,1.19801,1.00000,0.00000
101.54656,1.19801,1.00000,0.00000
101.74961,1.19801,1.00000,0.00000
101.95267,1.19801,1.00000,0.00000
102.15572,1.19801,1.00000,0.00000
102.35877,1.19801,1.00000,0.00000
102.56182,1.19801,1.00000,0.00000
102.76488,1.19801,1.00000,0.00000
102.96793,1.19801,1.00000,0.00000
103.17098,1.19801,1.00000,0.00000
103.37403,1.19801,1.00000,0.00000
103.57709,1.19801,1.00000,0.00000
103.78014,1.19801,1.00000,0.00000
103.98319,1.19801,1.00000,0.00000
104.18624,1.19801,1.00000,0.00000
104.38930,1.19801,1.00000,0.00000
104.59235,1.19801,1.00000,0.00000
104.79540,1.19801,1.00000,0.00000
104.99845,1.19801,1.00000,0.00000
105.20151,1.19801,1.00000,0.00000
105.40456,1.19801,1.00000,0.00000
105.60761,1.19801,1.00000,0.00000
105.81066,1.19801,1.00000,0.00000
106.01372,1.19801,1.00000,0.00000
106.21677,1.19801,0.99995,0.00005
106.41982,1.19801,0.99978,0.00022
106.62287,1.19801,0.99967,0.00033
106.82593,1.19801,0.99984,0.00016
107.02898,1.19801,1.00000,0.00000
107.23203,1.19801,0.99998,0.00002
107.43508,1.19801,0.99993,0.00007
107.63814,1.19801,0.99972,0.00028
107.84119,1.19801,0.99108,0.00892
108.04424,1.19801,0.81836,0.18164
108.24729,1.19801,0.52676,0.47324
108.45035,1.19801,0.99582,0.00418
108.65340,1.19801,0.99930,0.00070
108.85645,1.19801,0.99999,0.00001
109.05950,1.19801,1.00000,0.00000
109.26256,1.19801,1.00000,0.00000
109.46561,1.19801,1.00000,0.00000
109.66866,1.19801,1.00000,0.00000
109.87171,1.19801,1.00000,0.00000
110.07477,1.19801,0.99999,0.00001
110.27782,1.19801,0.99990,0.00010
110.48087,1.19801,0.99945,0.00055
110.68392,1.19801,0.99933,0.00067
110.88698,1.19801,0.99969,0.00031
111.09003,1.19801,0.99999,0.00001
111.29308,1.19801,1.00000,0.00000
111.49613,1.19801,1.00000,0.00000
111.69919,1.19801,1.00000,0.00000
111.90224,1.19801,1.00000,0.00000
112.10529,1.19801,1.00000,0.00000
112.30834,1.19801,1.00000,0.00000
112.51140,1.19801,1.00000,0.00000
112.71445,1.19801,1.00000,0.00000
112.91750,1.19801,1.00000,0.00000
113.12055,1.19801,1.00000,0.00000
113.32361,1.19801,1.00000,0.00000
113.52666,1.19801,1.00000,0.00000
113.72971,1.19801,1.00000,0.00000
113.93276,1.19801,1.00000,0.00000
114.13582,1.19801,1.00000,0.00000
114.33887,1.19801,1.00000,0.00000
114.54192,1.19801,0.99997,0.00003
114.74497,1.19801,0.99993,0.00007
114.94803,1.19801,0.76987,0.23013
115.15108,1.19801,0.39462,0.60538
115.35413,1.19801,0.66002,0.33998
115.55718,1.19801,0.99979,0.00021
115.76024,1.19801,1.00000,0.00000
115.96329,1.19801,0.99998,0.00002
116.16634,1.19801,1.00000,0.00000
116.36939,1.19801,1.00000,0.00000
116.57245,1.19801,1.00000,0.00000
116.77550,1.19801,1.00000,0.00000
116.97855,1.19801,1.00000,0.00000
117.18160,1.19801,1.00000,0.00000
117.38466,1.19801,1.00000,0.00000
117.58771,1.19801,1.00000,0.00000
117.79076,1.19801,1.00000,0.00000
117.99381,1.19801,1.00000,0.00000
118.19687,1.19801,1.00000,0.00000
118.39992,1.19801,1.00000,0.00000
118.60297,1.19801,1.00000,0.00000
118.80602,1.19801,1.00000,0.00000
119.00908,1.19801,1.00000,0.00000
119.21213,1.19801,1.00000,0.00000
119.41518,1.19801,1.00000,0.00000
119.61823,1.19801,1.00000,0.00000
119.82129,1.19801,1.00000,0.00000
120.02434,1.19801,1.00000,0.00000
120.22739,1.19801,1.00000,0.00000
120.43044,1.19801,1.00000,0.00000
120.63350,1.19801,1.00000,0.00000
120.83655,1.19801,1.00000,0.00000
121.03960,1.19801,1.00000,0.00000
121.24265,1.19801,1.00000,0.00000
121.44571,1.19801,1.00000,0.00000
121.64876,1.19801,1.00000,0.00000
121.85181,1.19801,1.00000,0.00000
122.05486,1.19801,1.00000,0.00000
122.25792,1.19801,1.00000,0.00000
122.46097,1.19801,1.00000,0.00000
122.66402,1.19801,1.00000,0.00000
122.86707,1.19801,1.00000,0.00000
123.07013,1.19801,1.00000,0.00000
123.27318,1.19801,1.00000,0.00000
123.47623,1.19801,0.99999,0.00001
123.67928,1.19801,0.99989,0.00011
123.88234,1.19801,0.99989,0.00011
124.08539,1.19801,0.99982,0.00018
124.28844,1.19801,1.00000,0.00000
124.49149,1.19801,1.00000,0.00000
124.69455,1.19801,1.00000,0.00000
124.89760,1.19801,1.00000,0.00000
125.10065,1.19801,1.00000,0.00000
125.30370,1.19801,1.00000,0.00000
125.50676,1.19801,1.00000,0.00000
125.70981,1.19801,1.00000,0.00000
125.91286,1.19801,1.00000,0.00000
126.11591,1.19801,1.00000,0.00000
126.31897,1.19801,1.00000,0.00000
126.52202,1.19801,1.00000,0.00000
126.72507,1.19801,0.99996,0.00004
126.92812,1.19801,0.99867,0.00133
127.13118,1.19801,0.99402,0.00598
127.33423,1.19801,0.99893,0.00107
127.53728,1.19801,0.99999,0.00001
127.74033,1.19801,0.99995,0.00005
127.94339,1.19801,0.99997,0.00003
128.14644,1.19801,0.99995,0.00005
128.34949,1.19801,0.99998,0.00002
128.55255,1.19800,1.00000,0.00000
128.75560,1.19801,1.00000,0.00000
128.95865,1.19801,0.99999,0.00001
129.16170,1.19801,0.99997,0.00003
129.36476,1.19800,0.99998,0.00002
129.56781,1.19801,0.99998,0.00002
129.77086,1.19801,0.99997,0.00003
129.97391,1.19801,0.99996,0.00004
130.17697,1.19800,0.99997,0.00003
130.38002,1.19801,1.00000,0.00000
130.58307,1.19801,1.00000,0.00000
130.78612,1.19801,1.00000,0.00000
130.98918,1.19800,1.00000,0.00000
131.19223,1.19801,1.00000,0.00000
131.39528,1.19801,1.00000,0.00000
131.59833,1.19801,1.00000,0.00000
131.80139,1.19800,1.00000,0.00000
132.00444,1.19801,1.00000,0.00000
132.20749,1.19801,1.00000,0.00000
132.41054,1.19801,1.00000,0.00000
132.61360,1.19800,1.00000,0.00000
132.81665,1.19801,1.00000,0.00000
133.01970,1.19801,1.00000,0.00000
133.22275,1.19801,1.00000,0.00000
133.42581,1.19800,1.00000,0.00000
133.62886,1.19801,1.00000,0.00000
133.83191,1.19801,1.00000,0.00000
134.03496,1.19801,1.00000,0.00000
134.23802,1.19800,1.00000,0.00000
134.44107,1.19801,1.00000,0.00000
134.64412,1.19801,1.00000,0.00000
134.84717,1.19801,1.00000,0.00000
135.05023,1.19800,1.00000,0.00000
135.25328,1.19801,1.00000,0.00000
135.45633,1.19801,1.00000,0.00000
135.65938,1.19801,1.00000,0.00000
135.86244,1.19800,1.00000,0.00000
136.06549,1.19801,1.00000,0.00000
136.26854,1.19801,1.00000,0.00000
136.47159,1.19801,1.00000,0.00000
136.67465,1.19800,1.00000,0.00000
136.87770,1.19801,1.00000,0.00000
137.08075,1.19801,1.00000,0.00000
137.28380,1.19801,1.00000,0.00000
137.48686,1.19800,1.00000,0.00000
137.68991,1.19801,1.00000,0.00000
137.89296,1.19801,1.00000,0.00000
138.09601,1.19801,1.00000,0.00000
138.29907,1.19800,1.00000,0.00000
138.50212,1.19801,1.00000,0.00000
138.70517,1.19801,1.00000,0.00000
138.90822,1.19801,1.00000,0.00000
139.11128,1.19800,1.00000,0.00000
139.31433,1.19801,1.00000,0.00000
139.51738,1.19801,1.00000,0.00000
139.72043,1.19801,1.00000,0.00000
139.92349,1.19800,1.00000,0.00000
140.12654,1.19801,1.00000,0.00000
140.32959,1.19801,1.00000,0.00000
140.53264,1.19801,1.00000,0.00000
140.73570,1.19800,1.00000,0.00000
140.93875,1.19801,1.00000,0.00000
141.14180,1.19801,1.00000,0.00000
141.34485,1.19801,1.00000,0.00000
141.54791,1.19800,1.00000,0.00000
141.75096,1.19801,1.00000,0.00000
141.95401,1.19801,1.00000,0.00000
142.15706,1.19801,1.00000,0.00000
142.36012,1.19800,1.00000,0.00000
142.56317,1.19801,1.00000,0.00000
142.76622,1.19801,1.00000,0.00000
142.96927,1.19801,0.99998,0.00002
143.17233,1.19800,0.99998,0.00002
143.37538,1.19801,0.99999,0.00001
143.57843,1.19801,0.99999,0.00001
143.78148,1.19801,0.99999,0.00001
143.98454,1.19800,0.99993,0.00007
144.18759,1.19801,0.99996,0.00004
144.39064,1.19801,0.99994,0.00006
144.59369,1.19801,1.00000,0.00000
144.79675,1.19800,1.00000,0.00000
144.99980,1.19801,1.00000,0.00000
145.20285,1.19801,1.00000,0.00000
145.40590,1.19801,1.00000,0.00000
145.60896,1.19800,1.00000,0.00000
145.81201,1.19801,0.99999,0.00001
146.01506,1.19801,0.99999,0.00001
146.21811,1.19801,0.99986,0.00014
146.42116,1.19801,0.99910,0.00090
146.62422,1.19801,0.84965,0.15035
146.82727,1.19801,0.66330,0.33670
147.03032,1.19801,0.95178,0.04822
147.23337,1.19801,0.99959,0.00041
147.43643,1.19801,1.00000,0.00000
147.63948,1.19801,0.99994,0.00006
147.84253,1.19801,0.99998,0.00002
148.04558,1.19801,1.00000,0.00000
148.24864,1.19801,1.00000,0.00000
148.45169,1.19801,1.00000,0.00000
148.65474,1.19801,1.00000,0.00000
148.85779,1.19801,1.00000,0.00000
149.06085,1.19801,1.00000,0.00000
149.26390,1.19801,1.00000,0.00000
149.46695,1.19801,1.00000,0.00000
149.67000,1.19801,1.00000,0.00000
149.87306,1.19801,1.00000,0.00000
150.07611,1.19801,1.00000,0.00000
150.27916,1.19801,1.00000,0.00000
150.48221,1.19801,1.00000,0.00000
150.68527,1.19801,1.00000,0.00000
150.88832,1.19801,1.00000,0.00000
151.09137,1.19801,1.00000,0.00000
151.29442,1.19801,1.00000,0.00000
151.49748,1.19801,1.00000,0.00000
151.70053,1.19801,1.00000,0.00000
151.90358,1.19801,1.00000,0.00000
152.10663,1.19801,1.00000,0.00000
152.30969,1.19800,1.00000,0.00000
152.51274,1.19801,1.00000,0.00000
152.71579,1.19801,1.00000,0.00000
152.91884,1.19801,1.00000,0.00000
153.12190,1.19800,1.00000,0.00000
153.32495,1.19801,1.00000,0.00000
153.52800,1.19801,1.00000,0.00000
153.73105,1.19801,0.99999,0.00001
153.93411,1.19800,0.99994,0.00006
154.13716,1.19801,0.99940,0.00060
154.34021,1.19801,0.99968,0.00032
154.54326,1.19801,0.99998,0.00002
154.74632,1.19800,1.00000,0.00000
154.94937,1.19801,1.00000,0.00000
155.15242,1.19801,1.00000,0.00000
155.35547,1.19801,1.00000,0.00000
155.55853,1.19800,1.00000,0.00000
155.76158,1.19801,1.00000,0.00000
155.96463,1.19801,1.00000,0.00000
156.16768,1.19801,1.00000,0.00000
156.37074,1.19800,1.00000,0.00000
156.57379,1.19801,0.99999,0.00001
156.77684,1.19801,1.00000,0.00000
156.97989,1.19801,0.99989,0.00011
157.18295,1.19800,0.99933,0.00067
157.38600,1.19801,0.99583,0.00417
157.58905,1.19801,0.99827,0.00173
157.79210,1.19801,0.99984,0.00016
157.99516,1.19800,0.99999,0.00001
158.19821,1.19801,1.00000,0.00000
158.40126,1.19801,1.00000,0.00000
158.60431,1.19801,1.00000,0.00000
158.80737,1.19800,0.99999,0.00001
159.01042,1.19801,0.99994,0.00006
159.21347,1.19801,0.99988,0.00012
159.41652,1.19801,0.99968,0.00032
159.61958,1.19800,0.99999,0.00001
159.82263,1.19801,1.00000,0.00000
160.02568,1.19801,1.00000,0.00000
160.22873,1.19801,1.00000,0.00000
160.43179,1.19800,0.99998,0.00002
160.63484,1.19801,0.99996,0.00004
160.83789,1.19801,1.00000,0.00000
161.04094,1.19801,0.99999,0.00001
161.24400,1.19800,0.99988,0.00012
161.44705,1.19801,0.99999,0.00001
161.65010,1.19801,1.00000,0.00000
161.85315,1.19801,0.99999,0.00001
162.05621,1.19800,0.99999,0.00001
162.25926,1.19801,0.99998,0.00001
162.46231,1.19801,0.99992,0.00008
162.66536,1.19801,0.99999,0.00001
162.86842,1.19800,0.99999,0.00001
163.07147,1.19801,0.99999,0.00001
163.27452,1.19801,1.00000,0.00000
163.47757,1.19801,1.00000,0.00000
163.68063,1.19800,1.00000,0.00000
163.88368,1.19801,0.99996,0.00004
164.08673,1.19801,1.00000,0.00000
164.28978,1.19801,0.99997,0.00003
164.49284,1.19800,0.99989,0.00011
164.69589,1.19801,0.99991,0.00009
164.89894,1.19801,0.99999,0.00001
165.10199,1.19801,0.99998,0.00002
165.30505,1.19800,0.99999,0.00001
165.50810,1.19801,0.99999,0.00001
165.71115,1.19801,1.00000,0.00000
165.91420,1.19801,1.00000,0.00000
166.11726,1.19800,1.00000,0.00000
166.32031,1.19801,1.00000,0.00000
166.52336,1.19801,1.00000,0.00000
166.72641,1.19801,1.00000,0.00000
166.92947,1.19800,1.00000,0.00000
167.13252,1.19801,1.00000,0.00000
167.33557,1.19801,1.00000,0.00000
167.53862,1.19801,1.00000,0.00000
167.74168,1.19800,1.00000,0.00000
167.94473,1.19801,1.00000,0.00000
168.14778,1.19801,1.00000,0.00000
168.35083,1.19801,0.99999,0.00001
168.55389,1.19800,0.99999,0.00001
168.75694,1.19801,0.99999,0.00001
168.95999,1.19801,0.99999,0.00001
169.16304,1.19801,1.00000,0.00000
169.36610,1.19800,1.00000,0.00000
169.56915,1.19801,1.00000,0.00000
169.77220,1.19801,1.00000,0.00000
169.97525,1.19801,1.00000,0.00000
170.17831,1.19800,1.00000,0.00000
170.38136,1.19801,1.00000,0.00000
170.58441,1.19801,1.00000,0.00000
170.78746,1.19801,1.00000,0.00000
170.99052,1.19800,0.99999,0.00001
171.19357,1.19801,0.99998,0.00002
171.39662,1.19801,0.99996,0.00004
171.59967,1.19801,0.99994,0.00006
171.80273,1.19800,0.99997,0.00003
172.00578,1.19801,0.99953,0.00047
172.20883,1.19801,0.99993,0.00007
172.41188,1.19801,0.99756,0.00244
172.61494,1.19800,0.99996,0.00004
172.81799,1.19801,0.99987,0.00013
173.02104,1.19801,0.99996,0.00004
173.22409,1.19801,0.99985,0.00015
173.42715,1.19800,0.99999,0.00001
173.63020,1.19801,0.99964,0.00036
173.83325,1.19801,0.99999,0.00001
174.03630,1.19801,0.99858,0.00142
174.23936,1.19800,0.99644,0.00356
174.44241,1.19801,0.85645,0.14355
174.64546,1.19801,0.00914,0.99086
174.84851,1.19801,0.90556,0.09444
175.05157,1.19800,0.99999,0.00001
175.25462,1.19801,1.00000,0.00000
175.45767,1.19801,1.00000,0.00000
175.66072,1.19801,1.00000,0.00000
175.86378,1.19800,1.00000,0.00000
176.06683,1.19801,1.00000,0.00000
176.26988,1.19801,1.00000,0.00000
176.47293,1.19801,1.00000,0.00000
176.67599,1.19800,1.00000,0.00000
176.87904,1.19801,1.00000,0.00000
177.08209,1.19801,1.00000,0.00000
177.28514,1.19801,1.00000,0.00000
177.48820,1.19800,1.00000,0.00000
177.69125,1.19801,1.00000,0.00000
177.89430,1.19801,1.00000,0.00000
178.09735,1.19801,1.00000,0.00000
178.30042,1.19800,1.00000,0.00000
178.50346,1.19801,1.00000,0.00000
178.70651,1.19801,1.00000,0.00000
178.90956,1.19801,1.00000,0.00000
179.11263,1.19800,1.00000,0.00000
179.31567,1.19801,1.00000,0.00000
179.51872,1.19801,1.00000,0.00000
179.72177,1.19801,1.00000,0.00000
179.92484,1.19800,1.00000,0.00000
180.12788,1.19801,1.00000,0.00000
180.33093,1.19801,1.00000,0.00000
180.53398,1.19801,1.00000,0.00000
180.73705,1.19800,1.00000,0.00000
180.94009,1.19801,1.00000,0.00000
181.14314,1.19801,1.00000,0.00000
181.34619,1.19801,1.00000,0.00000
181.54926,1.19800,1.00000,0.00000
181.75230,1.19801,1.00000,0.00000
181.95535,1.19801,1.00000,0.00000
182.15840,1.19801,1.00000,0.00000
182.36147,1.19800,1.00000,0.00000
182.56451,1.19801,1.00000,0.00000
182.76756,1.19801,1.00000,0.00000
182.97061,1.19801,1.00000,0.00000
183.17368,1.19800,0.99996,0.00004
183.37672,1.19801,0.99966,0.00034
183.57977,1.19801,0.99936,0.00064
183.78282,1.19801,0.99968,0.00032
183.98589,1.19800,1.00000,0.00000
184.18893,1.19801,0.99998,0.00002
184.39198,1.19801,1.00000,0.00000
184.59503,1.19801,1.00000,0.00000
184.79810,1.19800,1.00000,0.00000
185.00114,1.19801,1.00000,0.00000
185.20419,1.19801,1.00000,0.00000
185.40724,1.19801,1.00000,0.00000
185.61031,1.19800,1.00000,0.00000
185.81335,1.19801,1.00000,0.00000
186.01640,1.19801,1.00000,0.00000
186.21945,1.19801,1.00000,0.00000
186.42252,1.19800,1.00000,0.00000
186.62556,1.19801,1.00000,0.00000
186.82861,1.19801,1.00000,0.00000
187.03166,1.19801,1.00000,0.00000
187.23473,1.19800,0.99991,0.00009
187.43777,1.19801,0.99618,0.00382
187.64082,1.19801,0.88603,0.11397
187.84387,1.19801,0.26706,0.73294
188.04694,1.19800,0.74292,0.25708
188.24998,1.19801,0.98790,0.01210
188.45303,1.19801,0.99595,0.00405
188.65608,1.19801,0.99896,0.00104
188.85915,1.19800,0.99478,0.00522
189.06219,1.19801,0.95353,0.04648
189.26524,1.19801,0.95517,0.04483
189.46829,1.19801,0.99988,0.00012
189.67136,1.19800,0.99999,0.00001
189.87440,1.19801,0.99989,0.00011
190.07745,1.19801,0.99993,0.00007
190.28050,1.19801,0.99994,0.00006
190.48357,1.19800,0.99958,0.00042
190.68661,1.19801,0.99968,0.00032
190.88966,1.19801,0.99975,0.00025
191.09271,1.19801,0.99977,0.00023
191.29578,1.19800,0.99973,0.00027
191.49883,1.19801,0.99996,0.00004
191.70187,1.19801,0.99982,0.00018
191.90492,1.19801,0.99983,0.00017
192.10799,1.19800,0.99994,0.00006
192.31104,1.19801,0.99994,0.00006
192.51408,1.19801,0.99990,0.00010
192.71713,1.19801,1.00000,0.00000
192.92020,1.19800,0.99999,0.00001
193.12325,1.19801,1.00000,0.00000
193.32629,1.19801,1.00000,0.00000
193.52934,1.19801,1.00000,0.00000
193.73241,1.19800,1.00000,0.00000
193.93546,1.19801,0.99996,0.00004
194.13850,1.19801,0.99990,0.00010
194.34155,1.19801,0.99972,0.00028
194.54462,1.19800,0.99992,0.00008
194.74767,1.19801,0.99998,0.00002
194.95071,1.19801,0.99999,0.00001
195.15376,1.19801,1.00000,0.00000
195.35683,1.19800,1.00000,0.00000
195.55988,1.19801,1.00000,0.00000
195.76292,1.19801,1.00000,0.00000
195.96597,1.19801,0.99998,0.00002
196.16904,1.19800,0.99998,0.00002
196.37209,1.19801,0.99999,0.00001
196.57513,1.19801,1.00000,0.00000
196.77818,1.19801,1.00000,0.00000
196.98125,1.19800,1.00000,0.00000
197.18430,1.19801,1.00000,0.00000
197.38734,1.19801,1.00000,0.00000
197.59039,1.19801,1.00000,0.00000
197.79346,1.19800,1.00000,0.00000
197.99651,1.19801,1.00000,0.00000
198.19955,1.19801,0.99998,0.00002
198.40260,1.19801,0.99976,0.00024
198.60567,1.19800,0.99991,0.00009
198.80872,1.19801,0.99998,0.00002
199.01176,1.19801,0.99990,0.00010
199.21481,1.19801,0.99999,0.00001
199.41788,1.19800,0.99959,0.00041
199.62093,1.19801,0.99907,0.00093
199.82397,1.19801,0.99995,0.00005
200.02702,1.19801,0.99999,0.00001
200.23009,1.19800,0.99999,0.00001
200.43314,1.19801,0.99999,0.00001
200.63618,1.19801,0.99954,0.00046
200.83923,1.19801,0.99967,0.00033
201.04230,1.19800,0.99987,0.00013
201.24535,1.19801,0.99999,0.00001
201.44839,1.19801,1.00000,0.00000
201.65144,1.19801,1.00000,0.00000
201.85451,1.19800,0.99997,0.00003
202.05756,1.19801,0.99999,0.00001
202.26060,1.19801,0.99816,0.00184
202.46365,1.19801,0.90354,0.09646
202.66672,1.19800,0.57188,0.42812
202.86977,1.19801,0.97251,0.02749
203.07281,1.19801,1.00000,0.00000
203.27586,1.19801,1.00000,0.00000
203.47893,1.19800,1.00000,0.00000
203.68198,1.19801,1.00000,0.00000
203.88503,1.19801,1.00000,0.00000
204.08807,1.19801,1.00000,0.00000
204.29114,1.19800,1.00000,0.00000
204.49419,1.19801,1.00000,0.00000
204.69724,1.19801,1.00000,0.00000
204.90028,1.19801,1.00000,0.00000
205.10335,1.19800,1.00000,0.00000
205.30640,1.19801,1.00000,0.00000
205.50945,1.19801,1.00000,0.00000
205.71249,1.19801,1.00000,0.00000
205.91556,1.19800,1.00000,0.00000
206.11861,1.19801,1.00000,0.00000
206.32166,1.19801,1.00000,0.00000
206.52470,1.19801,1.00000,0.00000
206.72777,1.19800,1.00000,0.00000
206.93082,1.19801,1.00000,0.00000
207.13387,1.19801,1.00000,0.00000
207.33691,1.19801,1.00000,0.00000
207.53998,1.19800,1.00000,0.00000
207.74303,1.19801,1.00000,0.00000
207.94608,1.19801,1.00000,0.00000
208.14912,1.19801,1.00000,0.00000
208.35219,1.19800,1.00000,0.00000
208.55524,1.19801,1.00000,0.00000
208.75829,1.19801,1.00000,0.00000
208.96133,1.19801,1.00000,0.00000
209.16440,1.19800,0.99990,0.00010
209.36745,1.19801,0.99724,0.00276
209.57050,1.19801,0.99565,0.00435
209.77354,1.19801,0.99770,0.00230
209.97661,1.19800,0.99997,0.00003
210.17966,1.19801,1.00000,0.00000
210.38271,1.19801,0.99999,0.00001
210.58575,1.19801,1.00000,0.00000
210.78882,1.19800,1.00000,0.00000
210.99187,1.19801,1.00000,0.00000
211.19492,1.19801,1.00000,0.00000
211.39796,1.19801,1.00000,0.00000
211.60103,1.19800,1.00000,0.00000
211.80408,1.19801,1.00000,0.00000
212.00713,1.19801,1.00000,0.00000
212.21017,1.19801,1.00000,0.00000
212.41324,1.19800,0.99999,0.00001
212.61629,1.19801,0.99997,0.00003
212.81934,1.19801,0.99995,0.00005
213.02238,1.19801,0.99815,0.00185
213.22545,1.19800,0.99371,0.00629
213.42850,1.19801,0.96927,0.03073
213.63155,1.19801,0.87451,0.12549
213.83459,1.19801,0.99895,0.00105
214.03766,1.19800,0.99980,0.00020
214.24071,1.19801,0.99997,0.00003
214.44376,1.19801,1.00000,0.00000
214.64680,1.19801,1.00000,0.00000
214.84987,1.19800,1.00000,0.00000
215.05292,1.19801,1.00000,0.00000
215.25597,1.19801,1.00000,0.00000
215.45901,1.19801,1.00000,0.00000
215.66208,1.19800,0.99999,0.00001
215.86513,1.19801,0.99991,0.00009
216.06818,1.19801,0.99863,0.00137
216.27122,1.19801,0.99572,0.00428
216.47429,1.19800,0.99986,0.00014
216.67734,1.19801,1.00000,0.00000
216.88039,1.19801,0.99999,0.00001
217.08344,1.19801,1.00000,0.00000
217.28650,1.19800,0.99999,0.00001
217.48955,1.19801,1.00000,0.00000
217.69260,1.19801,0.99999,0.00001
217.89565,1.19801,1.00000,0.00000
218.09871,1.19800,1.00000,0.00000
218.30176,1.19801,1.00000,0.00000
218.50481,1.19801,0.99999,0.00001
218.70786,1.19801,1.00000,0.00000
218.91092,1.19800,0.99982,0.00018
219.11397,1.19801,0.99950,0.00050
219.31702,1.19801,0.99982,0.00018
219.52007,1.19801,0.99985,0.00015
219.72313,1.19800,0.99997,0.00003
219.92618,1.19801,1.00000,0.00000
220.12923,1.19801,0.99985,0.00015
220.33228,1.19801,0.99992,0.00008
220.53534,1.19800,0.99999,0.00001
220.73839,1.19801,0.99999,0.00001
220.94144,1.19801,0.99999,0.00001
221.14449,1.19801,0.99998,0.00002
221.34755,1.19800,0.99997,0.00003
221.55060,1.19801,0.99997,0.00003
221.75365,1.19801,1.00000,0.00000
221.95670,1.19801,1.00000,0.00000
222.15976,1.19800,1.00000,0.00000
222.36281,1.19801,0.99999,0.00001
222.56586,1.19801,0.99997,0.00003
222.76891,1.19801,0.99988,0.00012
222.97195,1.19801,0.99984,0.00016
223.17502,1.19801,0.99988,0.00012
223.37807,1.19801,1.00000,0.00000
223.58112,1.19801,1.00000,0.00000
223.78416,1.19801,1.00000,0.00000
223.98723,1.19801,0.99996,0.00004
224.19028,1.19801,0.99970,0.00030
224.39333,1.19801,0.99991,0.00009
224.59637,1.19801,0.99974,0.00026
224.79944,1.19801,0.99139,0.00861
225.00249,1.19801,0.99974,0.00026
225.20554,1.19801,0.99960,0.00040
225.40858,1.19801,0.99824,0.00176
225.61165,1.19801,0.99996,0.00004
225.81470,1.19801,0.99999,0.00001
226.01775,1.19801,0.99995,0.00005
226.22079,1.19801,0.99984,0.00016
226.42386,1.19801,0.99999,0.00001
226.62691,1.19801,0.99989,0.00011
226.82996,1.19801,0.99983,0.00017
227.03300,1.19801,0.99993,0.00007
227.23607,1.19801,0.99993,0.00007
227.43912,1.19801,0.99773,0.00227
227.64217,1.19801,0.99998,0.00002
227.84521,1.19801,0.99913,0.00087
228.04828,1.19801,0.99999,0.00001
228.25133,1.19801,0.99994,0.00006
228.45438,1.19801,0.99926,0.00074
228.65742,1.19801,0.99724,0.00276
228.86049,1.19800,0.99999,0.00001
229.06354,1.19801,0.99886,0.00114
229.26659,1.19801,0.99997,0.00003
229.46964,1.19801,0.99998,0.00002
229.67270,1.19800,0.99998,0.00002
229.87575,1.19801,0.99997,0.00003
230.07880,1.19801,1.00000,0.00000
230.28185,1.19801,0.99996,0.00004
230.48491,1.19800,0.99997,0.00003
230.68796,1.19801,0.99996,0.00004
230.89101,1.19801,0.99998,0.00002
231.09406,1.19801,0.99998,0.00002
231.29712,1.19800,0.99999,0.00001
231.50017,1.19801,0.99996,0.00004
231.70322,1.19801,0.99995,0.00005
231.90627,1.19801,0.99995,0.00005
232.10933,1.19800,0.99999,0.00001
232.31238,1.19801,1.00000,0.00000
232.51543,1.19801,1.00000,0.00000
232.71848,1.19801,1.00000,0.00000
232.92154,1.19800,1.00000,0.00000
233.12459,1.19801,1.00000,0.00000
233.32764,1.19801,0.99999,0.00001
233.53069,1.19801,1.00000,0.00000
233.73375,1.19800,0.99999,0.00001
233.93680,1.19801,0.99997,0.00003
234.13985,1.19801,0.99999,0.00001
234.34290,1.19801,1.00000,0.00000
234.54596,1.19800,1.00000,0.00000
234.74901,1.19801,1.00000,0.00000
234.95206,1.19801,1.00000,0.00000
235.15511,1.19801,1.00000,0.00000
235.35817,1.19800,1.00000,0.00000
235.56122,1.19801,1.00000,0.00000
235.76427,1.19801,0.99999,0.00001
235.96732,1.19801,1.00000,0.00000
236.17038,1.19800,1.00000,0.00000
236.37343,1.19801,1.00000,0.00000
236.57648,1.19801,0.99999,0.00001
236.77953,1.19801,0.99999,0.00001
236.98259,1.19800,0.99993,0.00007
237.18564,1.19801,0.99997,0.00003
237.38869,1.19801,1.00000,0.00000
237.59174,1.19801,0.99999,0.00001
237.79480,1.19800,0.99995,0.00005
237.99785,1.19801,0.99998,0.00002
238.20090,1.19801,0.99999,0.00001
238.40395,1.19801,0.99999,0.00001
238.60701,1.19800,1.00000,0.00000
238.81006,1.19801,0.99999,0.00001
239.01311,1.19801,0.99999,0.00001
239.21616,1.19801,0.99998,0.00002
239.41922,1.19800,0.99994,0.00006
239.62227,1.19801,0.99939,0.00061
239.82532,1.19801,0.99974,0.00026
240.02837,1.19801,0.99995,0.00005
240.23143,1.19800,1.00000,0.00000
240.43448,1.19801,1.00000,0.00000
240.63753,1.19801,1.00000,0.00000
240.84058,1.19801,0.99997,0.00003
241.04364,1.19800,0.99999,0.00001
241.24669,1.19801,0.99973,0.00027
241.44974,1.19801,0.99961,0.00039
241.65279,1.19801,0.99476,0.00524
241.85585,1.19800,0.99926,0.00074
242.05890,1.19801,0.98594,0.01406
242.26195,1.19801,0.99197,0.00803
242.46500,1.19801,0.97981,0.02019
242.66806,1.19800,0.99312,0.00688
242.87111,1.19801,0.99022,0.00978
243.07416,1.19801,0.99897,0.00103
243.27721,1.19801,0.99893,0.00107
243.48027,1.19800,0.99946,0.00054
243.68332,1.19801,0.99995,0.00005
243.88637,1.19801,0.89817,0.10183
244.08942,1.19801,0.77142,0.22858
244.29248,1.19800,0.96883,0.03117
244.49553,1.19801,1.00000,0.00000
244.69858,1.19801,0.99996,0.00004
244.90163,1.19801,1.00000,0.00000
245.10469,1.19800,1.00000,0.00000
245.30774,1.19801,1.00000,0.00000
245.51079,1.19801,1.00000,0.00000
245.71384,1.19801,1.00000,0.00000
245.91690,1.19800,1.00000,0.00000
246.11995,1.19801,1.00000,0.00000
246.32300,1.19801,1.00000,0.00000
246.52605,1.19801,1.00000,0.00000
246.72911,1.19800,1.00000,0.00000
246.93216,1.19801,1.00000,0.00000
247.13521,1.19801,1.00000,0.00000
247.33826,1.19801,1.00000,0.00000
247.54132,1.19800,1.00000,0.00000
247.74437,1.19801,1.00000,0.00000
247.94742,1.19801,1.00000,0.00000
248.15047,1.19801,1.00000,0.00000
248.35353,1.19800,1.00000,0.00000
248.55658,1.19801,1.00000,0.00000
248.75963,1.19801,1.00000,0.00000
248.96268,1.19801,1.00000,0.00000
249.16574,1.19800,1.00000,0.00000
249.36879,1.19801,1.00000,0.00000
249.57184,1.19801,1.00000,0.00000
249.77489,1.19801,1.00000,0.00000
249.97795,1.19800,1.00000,0.00000
250.18100,1.19801,1.00000,0.00000
250.38405,1.19801,1.00000,0.00000
250.58710,1.19801,1.00000,0.00000
250.79016,1.19800,1.00000,0.00000
250.99321,1.19801,1.00000,0.00000
251.19626,1.19801,0.99991,0.00009
251.39931,1.19801,0.99934,0.00066
251.60237,1.19800,0.99819,0.00181
251.80542,1.19801,0.99993,0.00007
252.00847,1.19801,1.00000,0.00000
252.21152,1.19801,1.00000,0.00000
252.41458,1.19800,1.00000,0.00000
252.61763,1.19801,1.00000,0.00000
252.82068,1.19801,0.99999,0.00001
253.02373,1.19801,1.00000,0.00000
253.22679,1.19800,1.00000,0.00000
253.42984,1.19801,1.00000,0.00000
253.63289,1.19801,1.00000,0.00000
253.83594,1.19801,1.00000,0.00000
254.03900,1.19800,1.00000,0.00000
254.24205,1.19801,1.00000,0.00000
254.44510,1.19801,1.00000,0.00000
254.64815,1.19801,1.00000,0.00000
254.85121,1.19801,1.00000,0.00000
255.05426,1.19800,0.99993,0.00007
255.25731,1.19801,0.99702,0.00298
255.46036,1.19803,0.98072,0.01928
255.66342,1.19800,0.78418,0.21582
255.86647,1.19801,0.98771,0.01229
256.06952,1.19800,0.98354,0.01646
256.27258,1.19800,0.99972,0.00028
256.47562,1.19803,1.00000,0.00000
256.67868,1.19800,0.99945,0.00055
256.88174,1.19800,0.99999,0.00001
257.08478,1.19803,0.99993,0.00007
257.28784,1.19800,0.99977,0.00023
257.49088,1.19803,0.99991,0.00009
257.69394,1.19800,0.99999,0.00001
257.89700,1.19800,0.99998,0.00002
258.10004,1.19803,1.00000,0.00000
258.30310,1.19800,0.99990,0.00010
258.50616,1.19800,0.99997,0.00003
258.70920,1.19803,0.99997,0.00003
258.91226,1.19800,1.00000,0.00000
259.11530,1.19803,1.00000,0.00000
259.31836,1.19800,1.00000,0.00000
259.52142,1.19800,0.99998,0.00002
259.72446,1.19803,0.99999,0.00001
259.92752,1.19800,0.99999,0.00001
260.13058,1.19800,0.99990,0.00010
260.33362,1.19803,0.99994,0.00006
260.53668,1.19800,0.99999,0.00001
260.73972,1.19803,0.99999,0.00001
260.94278,1.19800,0.99997,0.00003
261.14584,1.19800,0.99999,0.00001
261.34888,1.19803,0.99998,0.00002
261.55194,1.19800,0.99999,0.00001
261.75500,1.19800,1.00000,0.00000
261.95804,1.19803,0.99999,0.00001
262.16110,1.19800,1.00000,0.00000
262.36414,1.19803,0.99999,0.00001
262.56720,1.19800,0.99996,0.00004
262.77026,1.19800,0.99994,0.00006
262.97330,1.19803,0.99991,0.00009
263.17636,1.19800,0.99999,0.00001
263.37943,1.19800,1.00000,0.00000
263.58246,1.19803,1.00000,0.00000
263.78552,1.19800,0.99998,0.00002
263.98856,1.19803,0.99993,0.00007
264.19162,1.19800,0.99966,0.00034
264.39468,1.19800,0.99981,0.00019
264.59772,1.19803,0.99988,0.00012
264.80078,1.19800,0.99999,0.00001
265.00385,1.19800,1.00000,0.00000
265.20688,1.19803,1.00000,0.00000
265.40994,1.19800,1.00000,0.00000
265.61298,1.19803,1.00000,0.00000
265.81604,1.19800,0.99998,0.00002
266.01910,1.19800,0.99988,0.00012
266.22214,1.19803,0.99981,0.00019
266.42520,1.19800,0.99935,0.00065
266.62827,1.19800,0.99986,0.00014
266.83130,1.19803,0.99998,0.00002
267.03436,1.19800,0.99998,0.00002
267.23740,1.19803,1.00000,0.00000
267.44046,1.19800,1.00000,0.00000
267.64352,1.19800,1.00000,0.00000
267.84656,1.19803,1.00000,0.00000
268.04962,1.19800,1.00000,0.00000
268.25269,1.19800,1.00000,0.00000
268.45572,1.19803,1.00000,0.00000
268.65878,1.19800,1.00000,0.00000
268.86182,1.19803,1.00000,0.00000
269.06488,1.19800,0.99999,0.00001
269.26794,1.19800,0.99999,0.00001
269.47098,1.19803,1.00000,0.00000
269.67404,1.19800,1.00000,0.00000
269.87711,1.19800,1.00000,0.00000
270.08014,1.19803,1.00000,0.00000
270.28320,1.19800,1.00000,0.00000
270.48624,1.19803,1.00000,0.00000
270.68930,1.19800,1.00000,0.00000
270.89236,1.19800,1.00000,0.00000
271.09540,1.19803,1.00000,0.00000
271.29846,1.19800,1.00000,0.00000
271.50153,1.19800,1.00000,0.00000
271.70456,1.19803,1.00000,0.00000
271.90762,1.19800,0.99998,0.00002
272.11066,1.19803,0.99997,0.00003
272.31372,1.19800,0.99998,0.00002
272.51678,1.19800,1.00000,0.00000
272.71982,1.19803,1.00000,0.00000
272.92288,1.19800,1.00000,0.00000
273.12595,1.19800,1.00000,0.00000
273.32898,1.19803,1.00000,0.00000
273.53204,1.19800,0.99999,0.00001
273.73508,1.19803,1.00000,0.00000
273.93814,1.19800,0.99999,0.00001
274.14120,1.19800,0.99998,0.00002
274.34424,1.19803,1.00000,0.00000
274.54730,1.19800,0.99998,0.00002
274.75037,1.19800,0.99998,0.00002
274.95340,1.19803,0.99999,0.00001
275.15646,1.19800,0.99774,0.00226
275.35950,1.19803,0.99849,0.00151
275.56256,1.19800,0.99809,0.00191
275.76562,1.19800,0.99988,0.00012
275.96866,1.19803,0.99682,0.00318
276.17172,1.19800,0.99933,0.00067
276.37479,1.19800,0.99741,0.00259
276.57782,1.19803,0.98816,0.01184
276.78088,1.19800,0.97455,0.02545
276.98392,1.19803,0.93572,0.06428
277.18698,1.19800,0.80649,0.19351
277.39005,1.19800,0.57622,0.42378
277.59308,1.19803,0.99982,0.00018
277.79614,1.19800,0.99998,0.00002
277.99921,1.19800,1.00000,0.00000
278.20224,1.19803,1.00000,0.00000
278.40530,1.19800,1.00000,0.00000
278.60834,1.19803,1.00000,0.00000
278.81140,1.19800,1.00000,0.00000
279.01447,1.19800,1.00000,0.00000
279.21750,1.19803,1.00000,0.00000
279.42056,1.19800,1.00000,0.00000
279.62363,1.19800,1.00000,0.00000
279.82666,1.19803,1.00000,0.00000
280.02972,1.19800,1.00000,0.00000
280.23276,1.19803,1.00000,0.00000
280.43582,1.19800,1.00000,0.00000
280.63889,1.19800,1.00000,0.00000
280.84192,1.19803,1.00000,0.00000
281.04498,1.19800,1.00000,0.00000
281.24805,1.19800,1.00000,0.00000
281.45108,1.19803,1.00000,0.00000
281.65414,1.19800,1.00000,0.00000
281.85718,1.19803,1.00000,0.00000
282.06024,1.19800,1.00000,0.00000
282.26331,1.19800,1.00000,0.00000
282.46634,1.19803,1.00000,0.00000
282.66940,1.19800,1.00000,0.00000
282.87247,1.19800,1.00000,0.00000
283.07550,1.19803,1.00000,0.00000
283.27856,1.19800,1.00000,0.00000
283.48160,1.19803,1.00000,0.00000
283.68466,1.19800,1.00000,0.00000
283.88773,1.19800,0.99950,0.00050
284.09076,1.19803,0.93891,0.06109
284.29382,1.19800,0.96819,0.03181
284.49689,1.19800,0.99895,0.00105
284.69992,1.19803,1.00000,0.00000
284.90298,1.19800,1.00000,0.00000
285.10602,1.19803,1.00000,0.00000
285.30908,1.19800,1.00000,0.00000
285.51215,1.19800,1.00000,0.00000
285.71518,1.19803,1.00000,0.00000
285.91824,1.19800,1.00000,0.00000
286.12131,1.19800,1.00000,0.00000
286.32434,1.19803,0.99998,0.00002
286.52740,1.19800,0.99921,0.00079
286.73044,1.19803,0.99878,0.00122
286.93350,1.19800,0.99843,0.00157
287.13657,1.19800,0.99982,0.00018
287.33960,1.19803,1.00000,0.00000
287.54266,1.19800,0.99994,0.00006
287.74573,1.19800,0.99993,0.00007
287.94876,1.19803,0.99444,0.00556
288.15182,1.19800,0.58503,0.41497
288.35486,1.19803,0.27475,0.72525
288.55792,1.19800,0.97536,0.02464
288.76099,1.19800,0.99966,0.00034
288.96402,1.19803,0.99999,0.00001
289.16708,1.19800,0.99999,0.00001
289.37015,1.19800,0.99999,0.00001
289.57318,1.19803,1.00000,0.00000
289.77625,1.19800,1.00000,0.00000
289.97928,1.19803,1.00000,0.00000
290.18234,1.19800,1.00000,0.00000
290.38541,1.19800,1.00000,0.00000
290.58844,1.19803,1.00000,0.00000
290.79150,1.19800,1.00000,0.00000
290.99457,1.19800,1.00000,0.00000
291.19760,1.19803,0.99999,0.00001
291.40067,1.19800,1.00000,0.00000
291.60370,1.19803,0.99997,0.00003
291.80676,1.19800,0.99998,0.00002
292.00983,1.19800,1.00000,0.00000
292.21286,1.19803,1.00000,0.00000
292.41592,1.19800,1.00000,0.00000
292.61899,1.19800,1.00000,0.00000
292.82202,1.19803,1.00000,0.00000
293.02509,1.19800,1.00000,0.00000
293.22812,1.19803,0.99999,0.00001
293.43118,1.19800,0.99997,0.00003
293.63425,1.19800,0.99998,0.00002
293.83728,1.19803,1.00000,0.00000
294.04034,1.19800,1.00000,0.00000
294.24341,1.19800,1.00000,0.00000
294.44644,1.19803,1.00000,0.00000
294.64951,1.19800,1.00000,0.00000
294.85254,1.19803,1.00000,0.00000
295.05560,1.19800,1.00000,0.00000
295.25867,1.19800,1.00000,0.00000
295.46170,1.19803,1.00000,0.00000
295.66476,1.19800,1.00000,0.00000
295.86783,1.19800,1.00000,0.00000
296.07086,1.19803,1.00000,0.00000
296.27393,1.19800,1.00000,0.00000
296.47696,1.19803,0.99999,0.00001
296.68002,1.19800,0.99998,0.00002
296.88309,1.19800,0.99994,0.00006
297.08612,1.19803,0.99991,0.00009
297.28918,1.19800,0.99998,0.00002
297.49225,1.19800,0.99997,0.00003
297.69528,1.19803,0.99987,0.00013
297.89835,1.19800,0.99974,0.00026
298.10138,1.19803,0.99998,0.00002
298.30444,1.19800,0.99999,0.00001
298.50751,1.19800,1.00000,0.00000
298.71054,1.19803,1.00000,0.00000
298.91360,1.19800,1.00000,0.00000
299.11664,1.19803,1.00000,0.00000
299.31970,1.19803,1.00000,0.00000
299.52277,1.19800,1.00000,0.00000
299.72580,1.19803,1.00000,0.00000
299.92886,1.19800,1.00000,0.00000
300.13193,1.19800,0.99999,0.00001
300.33496,1.19803,1.00000,0.00000
300.53802,1.19800,0.99999,0.00001
300.74106,1.19803,0.99996,0.00004
300.94412,1.19803,0.99983,0.00017
301.14719,1.19800,0.99995,0.00005
301.35022,1.19803,0.99990,0.00010
301.55328,1.19800,0.99999,0.00001
301.75635,1.19800,1.00000,0.00000
301.95938,1.19803,1.00000,0.00000
302.16245,1.19800,0.99999,0.00001
302.36548,1.19803,1.00000,0.00000
302.56854,1.19803,0.99999,0.00001
302.77161,1.19800,0.99998,0.00002
302.97464,1.19803,0.99992,0.00008
303.17770,1.19800,0.99983,0.00017
303.38077,1.19800,0.99941,0.00059
303.58380,1.19803,0.99979,0.00021
303.78687,1.19800,0.99998,0.00002
303.98990,1.19803,0.99999,0.00001
304.19296,1.19803,0.99945,0.00055
304.39603,1.19800,0.99937,0.00063
304.59906,1.19803,0.99993,0.00007
304.80212,1.19800,1.00000,0.00000
305.00519,1.19800,1.00000,0.00000
305.20822,1.19803,1.00000,0.00000
305.41129,1.19800,1.00000,0.00000
305.61432,1.19803,1.00000,0.00000
305.81738,1.19800,1.00000,0.00000
306.02045,1.19800,1.00000,0.00000
306.22348,1.19803,1.00000,0.00000
306.42654,1.19800,1.00000,0.00000
306.62961,1.19800,1.00000,0.00000
306.83264,1.19803,1.00000,0.00000
307.03571,1.19800,1.00000,0.00000
307.23874,1.19803,1.00000,0.00000
307.44180,1.19800,1.00000,0.00000
307.64487,1.19800,1.00000,0.00000
307.84790,1.19803,1.00000,0.00000
308.05096,1.19800,1.00000,0.00000
308.25403,1.19800,1.00000,0.00000
308.45706,1.19803,1.00000,0.00000
308.66013,1.19800,1.00000,0.00000
308.86316,1.19803,1.00000,0.00000
309.06622,1.19800,1.00000,0.00000
309.26929,1.19800,0.99998,0.00002
309.47232,1.19803,0.99850,0.00150
309.67538,1.19800,0.98614,0.01386
309.87845,1.19800,0.84942,0.15058
310.08148,1.19803,0.03752,0.96248
310.28455,1.19800,0.84189,0.15811
310.48758,1.19803,0.99990,0.00010
310.69064,1.19800,0.99999,0.00001
310.89371,1.19800,1.00000,0.00000
311.09674,1.19803,0.99999,0.00001
311.29980,1.19800,1.00000,0.00000
311.50287,1.19800,1.00000,0.00000
311.70590,1.19803,1.00000,0.00000
311.90897,1.19800,1.00000,0.00000
312.11200,1.19803,1.00000,0.00000
312.31506,1.19800,1.00000,0.00000
312.51813,1.19800,1.00000,0.00000
312.72116,1.19803,1.00000,0.00000
312.92422,1.19800,1.00000,0.00000
313.12729,1.19800,1.00000,0.00000
313.33032,1.19803,1.00000,0.00000
313.53339,1.19800,1.00000,0.00000
313.73642,1.19803,1.00000,0.00000
313.93948,1.19800,1.00000,0.00000
314.14255,1.19800,1.00000,0.00000
314.34558,1.19803,1.00000,0.00000
314.54865,1.19800,1.00000,0.00000
314.75171,1.19800,1.00000,0.00000
314.95474,1.19803,1.00000,0.00000
315.15781,1.19800,1.00000,0.00000
315.36084,1.19803,1.00000,0.00000
315.56390,1.19800,1.00000,0.00000
315.76697,1.19800,1.00000,0.00000
315.97000,1.19803,1.00000,0.00000
316.17307,1.19800,1.00000,0.00000
316.37613,1.19800,0.99998,0.00002
316.57916,1.19803,0.99999,0.00001
316.78223,1.19800,0.99998,0.00002
316.98526,1.19803,1.00000,0.00000
317.18832,1.19800,0.99998,0.00002
317.39139,1.19800,0.99995,0.00005
317.59442,1.19803,0.99952,0.00048
317.79749,1.19800,0.99613,0.00387
318.00055,1.19800,0.99029,0.00971
318.20358,1.19803,0.99325,0.00675
318.40665,1.19800,0.99989,0.00011
318.60968,1.19803,1.00000,0.00000
318.81274,1.19800,1.00000,0.00000
319.01581,1.19800,0.99994,0.00006
319.21884,1.19803,0.99982,0.00018
319.42191,1.19800,0.99998,0.00002
319.62497,1.19800,0.99999,0.00001
319.82800,1.19803,1.00000,0.00000
320.03107,1.19800,1.00000,0.00000
320.23410,1.19803,1.00000,0.00000
320.43716,1.19800,1.00000,0.00000
320.64023,1.19800,1.00000,0.00000
320.84326,1.19803,1.00000,0.00000
321.04633,1.19800,1.00000,0.00000
321.24939,1.19800,1.00000,0.00000
321.45242,1.19803,1.00000,0.00000
321.65549,1.19800,1.00000,0.00000
321.85852,1.19803,1.00000,0.00000
322.06158,1.19800,1.00000,0.00000
322.26465,1.19800,1.00000,0.00000
322.46768,1.19803,1.00000,0.00000
322.67075,1.19800,1.00000,0.00000
322.87381,1.19800,1.00000,0.00000
323.07684,1.19803,1.00000,0.00000
323.27991,1.19800,1.00000,0.00000
323.48294,1.19803,1.00000,0.00000
323.68600,1.19800,1.00000,0.00000
323.88907,1.19800,1.00000,0.00000
324.09210,1.19803,1.00000,0.00000
324.29517,1.19800,1.00000,0.00000
324.49823,1.19800,1.00000,0.00000
324.70126,1.19803,1.00000,0.00000
324.90433,1.19800,1.00000,0.00000
325.10736,1.19803,1.00000,0.00000
325.31042,1.19800,1.00000,0.00000
325.51349,1.19800,1.00000,0.00000
325.71652,1.19803,1.00000,0.00000
325.91959,1.19800,1.00000,0.00000
326.12265,1.19800,1.00000,0.00000
326.32568,1.19803,1.00000,0.00000
326.52875,1.19800,1.00000,0.00000
326.73178,1.19803,1.00000,0.00000
326.93484,1.19800,1.00000,0.00000
327.13791,1.19800,1.00000,0.00000
327.34094,1.19803,1.00000,0.00000
327.54401,1.19800,1.00000,0.00000
327.74707,1.19800,0.99980,0.00020
327.95010,1.19803,0.94225,0.05775
328.15317,1.19800,0.13534,0.86466
328.35620,1.19803,0.29151,0.70849
328.55927,1.19800,0.92055,0.07945
328.76233,1.19800,0.99979,0.00021
328.96536,1.19803,1.00000,0.00000
329.16843,1.19800,0.99997,0.00003
329.37149,1.19800,0.99999,0.00001
329.57452,1.19803,1.00000,0.00000
329.77759,1.19800,1.00000,0.00000
329.98062,1.19803,1.00000,0.00000
330.18369,1.19800,1.00000,0.00000
330.38675,1.19800,1.00000,0.00000
330.58978,1.19803,1.00000,0.00000
330.79285,1.19800,1.00000,0.00000
330.99591,1.19800,1.00000,0.00000
331.19894,1.19803,1.00000,0.00000
331.40201,1.19800,1.00000,0.00000
331.60504,1.19803,1.00000,0.00000
331.80811,1.19800,1.00000,0.00000
332.01117,1.19800,1.00000,0.00000
332.21420,1.19803,1.00000,0.00000
332.41727,1.19800,1.00000,0.00000
332.62033,1.19800,1.00000,0.00000
332.82336,1.19803,1.00000,0.00000
333.02643,1.19800,1.00000,0.00000
333.22946,1.19803,1.00000,0.00000
333.43253,1.19800,1.00000,0.00000
333.63559,1.19800,1.00000,0.00000
333.83862,1.19803,1.00000,0.00000
334.04169,1.19800,1.00000,0.00000
334.24475,1.19800,1.00000,0.00000
334.44778,1.19803,1.00000,0.00000
334.65085,1.19800,1.00000,0.00000
334.85388,1.19803,1.00000,0.00000
335.05695,1.19800,1.00000,0.00000
335.26001,1.19800,1.00000,0.00000
335.46304,1.19803,1.00000,0.00000
335.66611,1.19800,1.00000,0.00000
335.86917,1.19800,1.00000,0.00000
336.07220,1.19803,1.00000,0.00000
336.27527,1.19800,1.00000,0.00000
336.47830,1.19803,0.99995,0.00005
336.68137,1.19800,0.99985,0.00015
336.88443,1.19800,0.99983,0.00017
337.08746,1.19803,0.99963,0.00037
337.29053,1.19800,0.99989,0.00011
337.49359,1.19800,0.99926,0.00074
337.69662,1.19803,0.99799,0.00201
337.89969,1.19800,0.99553,0.00447
338.10272,1.19803,0.99963,0.00037
338.30579,1.19800,0.99979,0.00021
338.50885,1.19800,0.99946,0.00054
338.71188,1.19803,0.99983,0.00017
338.91495,1.19800,1.00000,0.00000
339.11801,1.19800,1.00000,0.00000
339.32104,1.19803,1.00000,0.00000
339.52411,1.19800,1.00000,0.00000
339.72714,1.19803,1.00000,0.00000
339.93021,1.19800,0.99987,0.00013
340.13327,1.19800,0.99999,0.00001
340.33630,1.19803,0.99999,0.00001
340.53937,1.19800,0.99985,0.00015
340.74243,1.19800,0.99998,0.00002
340.94547,1.19803,0.99996,0.00004
341.14853,1.19800,0.99972,0.00028
341.35156,1.19803,0.99995,0.00005
341.55463,1.19800,0.99999,0.00001
341.75769,1.19800,0.99998,0.00002
341.96072,1.19803,0.99994,0.00006
342.16379,1.19800,0.99999,0.00001
342.36685,1.19800,1.00000,0.00000
342.56989,1.19803,1.00000,0.00000
342.77295,1.19800,1.00000,0.00000
342.97598,1.19803,1.00000,0.00000
343.17905,1.19800,1.00000,0.00000
343.38211,1.19800,1.00000,0.00000
343.58514,1.19803,1.00000,0.00000
343.78821,1.19800,1.00000,0.00000
343.99127,1.19800,1.00000,0.00000
344.19431,1.19803,1.00000,0.00000
344.39737,1.19800,1.00000,0.00000
344.60040,1.19803,1.00000,0.00000
344.80347,1.19800,1.00000,0.00000
