Time (seconds), Duration (seconds),pred_unlabelled,pred_touch
0.00000,0.14600,0.99999,0.00001
0.06600,0.13800,0.99999,0.00001
0.13200,0.13800,0.99999,0.00001
0.19400,0.14000,0.99999,0.00001
0.25700,0.13800,0.99999,0.00001
0.32100,0.14000,0.99999,0.00001
0.38200,0.14200,0.99999,0.00001
0.44800,0.13200,0.99999,0.00001
0.51400,0.12500,0.99999,0.00001
0.56800,0.13800,0.99999,0.00001
0.62700,0.14300,0.99999,0.00001
0.69200,0.14200,0.99999,0.00001
0.75600,0.14700,0.99999,0.00001
0.82200,0.13600,0.99999,0.00001
0.89100,0.12100,0.99999,0.00001
0.94800,0.12400,0.99999,0.00001
1.00200,0.13400,0.99998,0.00002
1.06100,0.13300,0.99998,0.00002
1.12100,0.13500,0.99999,0.00001
1.18300,0.12800,0.99999,0.00001
1.24400,0.13100,0.99995,0.00005
1.30000,0.13600,0.99989,0.00011
1.36300,0.13000,0.08441,0.91559
1.42300,0.12800,0.00739,0.99261
1.48400,0.11100,0.00188,0.99812
1.54100,0.09700,0.00000,1.00000
1.58600,0.10000,1.00000,0.00000
1.62900,0.10300,0.99998,0.00002
1.67500,0.11800,0.99999,0.00001
1.72400,0.13000,0.99999,0.00001
1.78000,0.13900,0.99999,0.00001
1.84200,0.13100,0.99999,0.00001
1.90600,0.12000,0.99999,0.00001
1.96100,0.12600,0.99998,0.00002
2.01300,0.13500,0.99999,0.00001
2.07500,0.13900,0.99999,0.00001
2.13600,0.13200,0.99999,0.00001
2.20000,0.12600,0.99999,0.00001
2.26000,0.12700,0.99998,0.00002
2.31500,0.12900,0.99997,0.00003
2.37500,0.13500,0.99998,0.00002
2.43200,0.13500,0.99997,0.00003
2.49900,0.12500,0.99997,0.00003
2.55500,0.13700,0.99981,0.00019
2.61400,0.14300,0.00664,0.99336
2.67800,0.12900,0.00512,0.99488
2.74300,0.12100,0.00554,0.99446
2.79600,0.13100,0.00444,0.99556
2.85200,0.13800,0.00447,0.99553
2.91300,0.14200,0.00336,0.99664
2.97700,0.13200,0.00498,0.99502
3.04500,0.12500,0.00480,0.99520
3.09600,0.13000,0.00000,1.00000
3.15800,0.12800,1.00000,0.00000
3.21400,0.13500,0.99998,0.00002
3.27500,0.12900,0.99998,0.00002
3.33700,0.12700,0.99999,0.00001
3.39300,0.12800,0.99998,0.00002
3.45100,0.13000,0.99998,0.00002
3.51000,0.13000,0.99999,0.00001
3.56900,0.11800,0.99999,0.00001
3.62800,0.09600,0.99999,0.00001
3.68000,0.08100,0.99999,0.00001
3.71700,0.07900,0.99998,0.00002
3.75400,0.07700,0.99999,0.00001
3.78900,0.08500,0.99999,0.00001
3.82400,0.11000,0.99999,0.00001
3.86300,0.13300,0.99998,0.00002
3.92100,0.13900,0.99999,0.00001
3.98300,0.13700,0.99937,0.00063
4.04500,0.13400,0.00725,0.99275
4.10800,0.13600,0.00000,1.00000
4.16600,0.13700,0.99999,0.00001
4.23100,0.13600,0.99998,0.00002
4.29200,0.14400,0.99999,0.00001
4.35500,0.14300,0.99999,0.00001
4.42200,0.13600,0.99998,0.00002
4.48500,0.13400,0.99999,0.00001
4.54700,0.13500,0.99998,0.00002
4.60600,0.13300,0.99996,0.00004
4.67100,0.13600,0.99957,0.00043
4.72700,0.13000,0.01015,0.98985
4.78800,0.13300,0.00570,0.99430
4.84800,0.13400,0.00567,0.99433
4.91000,0.12400,0.00748,0.99252
4.97000,0.12000,0.00623,0.99377
5.02300,0.12600,0.00570,0.99430
5.08000,0.13600,0.00734,0.99266
5.13700,0.13500,0.00628,0.99372
5.20200,0.13300,0.00687,0.99313
5.26100,0.13500,0.00581,0.99419
5.32400,0.13700,0.00788,0.99212
5.38300,0.14300,0.00452,0.99548
5.44700,0.14100,0.00001,0.99999
5.51200,0.13600,1.00000,0.00000
5.57600,0.13500,0.99999,0.00001
5.63400,0.14600,0.99999,0.00001
5.69900,0.14200,0.99999,0.00001
5.76700,0.12200,0.99999,0.00001
5.82900,0.10400,0.99999,0.00001
5.87900,0.10700,0.99999,0.00001
5.92400,0.11200,0.99999,0.00001
5.97600,0.12300,0.99999,0.00001
6.02600,0.13300,0.99999,0.00001
6.08500,0.13500,0.99999,0.00001
6.14700,0.13200,0.99999,0.00001
6.20800,0.13200,0.99999,0.00001
6.26800,0.13100,0.99999,0.00001
6.32900,0.13000,0.99999,0.00001
6.38700,0.13600,1.00000,0.00000
6.44600,0.13700,0.99896,0.00104
6.51200,0.13000,0.00713,0.99287
6.57200,0.12600,0.00105,0.99895
6.62900,0.13000,0.08529,0.91471
6.68900,0.12600,1.00000,0.00000
6.74900,0.12800,0.99999,0.00001
6.80200,0.13200,0.99999,0.00001
6.86500,0.12600,0.99999,0.00001
6.92100,0.13700,0.99999,0.00001
6.97900,0.14300,0.99999,0.00001
7.04400,0.14400,0.99999,0.00001
7.11000,0.13800,0.99999,0.00001
7.17600,0.12700,0.99999,0.00001
7.23600,0.13300,0.99999,0.00001
7.29300,0.13700,0.99999,0.00001
7.35400,0.13300,0.99999,0.00001
7.41700,0.13100,0.99998,0.00002
7.47400,0.13800,0.99999,0.00001
7.53500,0.14100,0.99999,0.00001
7.59900,0.13000,0.99999,0.00001
7.66200,0.12900,0.99999,0.00001
7.71500,0.13600,0.99999,0.00001
7.78200,0.12600,0.99999,0.00001
7.83700,0.13200,0.99999,0.00001
7.89700,0.13000,0.99882,0.00118
7.95800,0.12100,0.99667,0.00333
8.01600,0.12600,0.00708,0.99292
8.07000,0.12300,0.01628,0.98372
8.12900,0.10300,0.00884,0.99116
8.18400,0.09100,0.00736,0.99264
8.22400,0.11600,0.00228,0.99772
8.26700,0.13600,0.00003,0.99997
8.32800,0.13900,0.99983,0.00017
8.38900,0.13800,0.99996,0.00004
8.45300,0.13900,0.99999,0.00001
8.51400,0.14600,0.99999,0.00001
8.57700,0.14300,0.99999,0.00001
8.64600,0.13300,0.99999,0.00001
8.70900,0.13600,0.99999,0.00001
8.76700,0.13900,0.99999,0.00001
8.83000,0.13100,0.99999,0.00001
8.89400,0.11900,0.99999,0.00001
8.95300,0.12400,0.99998,0.00002
9.00200,0.13800,0.99999,0.00001
9.06300,0.14200,0.99998,0.00002
9.12600,0.14300,0.99974,0.00026
9.19100,0.14100,0.99546,0.00454
9.25600,0.13900,0.08418,0.91582
9.32000,0.13700,0.02806,0.97194
9.38100,0.14400,0.04741,0.95259
9.44300,0.14300,0.02833,0.97167
9.51100,0.13500,0.01228,0.98772
9.57400,0.13300,0.02211,0.97789
9.63500,0.13800,0.01812,0.98188
9.69300,0.13900,0.00194,0.99806
9.75900,0.13600,0.99940,0.00060
9.82100,0.13800,0.99998,0.00002
9.88200,0.13700,0.99999,0.00001
9.94400,0.13800,0.99999,0.00001
10.00800,0.13600,0.99999,0.00001
10.06900,0.13900,0.99999,0.00001
10.13100,0.13600,0.99999,0.00001
10.19500,0.12900,0.99999,0.00001
10.25600,0.11200,0.99999,0.00001
10.31400,0.09600,0.99999,0.00001
10.35900,0.09100,0.99999,0.00001
10.40200,0.09400,0.99998,0.00002
10.44200,0.11800,0.99999,0.00001
10.48100,0.13900,0.99999,0.00001
10.54700,0.13800,0.99999,0.00001
10.60500,0.13700,0.99999,0.00001
10.67300,0.14600,0.99957,0.00043
10.72900,0.15900,0.99676,0.00324
10.80400,0.14700,0.87991,0.12009
10.87500,0.13900,0.32778,0.67222
10.93900,0.14200,0.81857,0.18143
11.00300,0.13900,0.99442,0.00558
11.06700,0.13100,0.99994,0.00006
11.13100,0.12500,0.99999,0.00001
11.18600,0.13200,0.99998,0.00002
11.24500,0.12800,0.99999,0.00001
11.30500,0.13200,0.99999,0.00001
11.36000,0.13900,0.99999,0.00001
11.42500,0.14000,0.99958,0.00042
11.48500,0.14300,0.99517,0.00483
11.55200,0.13200,0.79367,0.20633
11.61500,0.12600,0.27601,0.72399
11.67600,0.12800,0.12304,0.87696
