Time(Seconds),Length(Seconds),Label(string),Confidence(double),Comment(string)
0.045,0.085,touch,1.0,
0.243,0.07500000000000001,touch,1.0,
0.447,0.08300000000000002,touch,1.0,
0.629,0.08599999999999997,touch,1.0,
0.832,0.11699999999999999,touch,1.0,
1.097,0.07400000000000007,touch,1.0,
1.326,0.053999999999999826,touch,1.0,
1.499,0.08499999999999996,touch,1.0,
1.663,0.09799999999999986,touch,1.0,
1.85,0.09899999999999998,touch,1.0,
2.045,0.07200000000000006,touch,1.0,
2.223,0.06899999999999995,touch,1.0,
2.388,0.2320000000000002,touch,1.0,
2.747,0.10899999999999999,touch,1.0,
3.093,0.06199999999999983,touch,1.0,
3.292,0.06200000000000028,touch,1.0,
3.466,0.2609999999999997,touch,1.0,
3.849,0.133,touch,1.0,
4.181,0.06899999999999995,touch,1.0,
4.336,0.08699999999999974,touch,1.0,
4.519,0.2450000000000001,touch,1.0,
4.89,0.2709999999999999,touch,1.0,
5.285,0.07899999999999974,touch,1.0,
5.455,0.08199999999999985,touch,1.0,
5.626,0.25099999999999945,touch,1.0,
6.005,0.2839999999999998,touch,1.0,
6.39,0.0730000000000004,touch,1.0,
6.573,0.0699999999999994,touch,1.0,
6.739,0.17999999999999972,touch,1.0,
7.083,0.3259999999999996,touch,1.0,
7.515,0.0810000000000004,touch,1.0,
7.662,0.11099999999999977,touch,1.0,
7.847,0.14399999999999924,touch,1.0,
8.227,0.30400000000000027,touch,1.0,
8.639,0.06500000000000128,touch,1.0,
8.804,0.0860000000000003,touch,1.0,
8.984,0.12299999999999933,touch,1.0,
9.317,0.26500000000000057,touch,1.0,
9.719,0.057000000000000384,touch,1.0,
9.877,0.08399999999999963,touch,1.0,
10.043,0.06099999999999994,touch,1.0,
10.233,0.3490000000000002,touch,1.0,
10.728,0.057000000000000384,touch,1.0,
10.867,0.09499999999999886,touch,1.0,
11.075,0.0730000000000004,touch,1.0,
11.22,0.375,touch,1.0,
11.694,0.07499999999999929,touch,1.0,
11.855,0.0860000000000003,touch,1.0,
12.053,0.44099999999999895,touch,1.0,
12.665,0.013000000000001677,touch,1.0,
12.8,0.08199999999999896,touch,1.0,
12.992,0.06599999999999895,touch,1.0,
13.19,0.22300000000000075,touch,1.0,
13.604,0.05000000000000071,touch,1.0,
13.767,0.07200000000000095,touch,1.0,
13.93,0.08099999999999952,touch,1.0,
14.163,0.23599999999999888,touch,1.0,
14.546,0.06400000000000006,touch,1.0,
14.709,0.0860000000000003,touch,1.0,
14.894,0.20199999999999996,touch,1.0,
15.265,0.1399999999999988,touch,1.0,
15.577,0.07699999999999996,touch,1.0,
15.727,0.08199999999999896,touch,1.0,
15.913,0.07499999999999929,touch,1.0,
16.155,0.10800000000000054,touch,1.0,
16.367,0.0799999999999983,touch,1.0,
16.545,0.08599999999999852,touch,1.0,
16.725,0.07699999999999818,touch,1.0,
17.063,0.25800000000000267,touch,1.0,
17.429,0.06099999999999994,touch,1.0,
17.597,0.07699999999999818,touch,1.0,
17.763,0.10299999999999798,touch,1.0,
17.984,0.08299999999999841,touch,1.0,
18.201,0.08599999999999852,touch,1.0,
18.368,0.10300000000000153,touch,1.0,
18.557,0.37900000000000134,touch,1.0,
19.027,0.17099999999999937,touch,1.0,
19.377,0.06099999999999994,touch,1.0,
19.537,0.09700000000000131,touch,1.0,
19.719,0.09799999999999898,touch,1.0,
19.905,0.13700000000000045,touch,1.0,
20.131,0.134999999999998,touch,1.0,
20.336,0.3520000000000003,touch,1.0,
20.825,0.2480000000000011,touch,1.0,
21.198,0.0779999999999994,touch,1.0,
21.376,0.1059999999999981,touch,1.0,
21.559,0.09999999999999787,touch,1.0,
21.796,0.08099999999999952,touch,1.0,
21.981,0.06599999999999895,touch,1.0,
22.152,0.3769999999999989,touch,1.0,
22.666,0.23199999999999932,touch,1.0,
23.025,0.06099999999999994,touch,1.0,
23.2,0.33200000000000074,touch,1.0,
23.591,0.21599999999999753,touch,1.0,
23.939,0.11299999999999955,touch,1.0,
24.184,0.1769999999999996,touch,1.0,
24.412,0.37700000000000244,touch,1.0,
24.962,0.28300000000000125,touch,1.0,
25.365,0.07700000000000173,touch,1.0,
25.519,0.09500000000000242,touch,1.0,
25.703,0.10999999999999943,touch,1.0,
25.935,0.08999999999999986,touch,1.0,
26.129,0.0589999999999975,touch,1.0,
26.316,0.38200000000000145,touch,1.0,
26.898,0.13599999999999923,touch,1.0,
27.171,0.10699999999999932,touch,1.0,
27.37,0.09099999999999753,touch,1.0,
27.562,0.11399999999999721,touch,1.0,
27.817,0.06599999999999895,touch,1.0,
27.972,0.09299999999999997,touch,1.0,
28.16,0.39699999999999847,touch,1.0,
28.733,0.245000000000001,touch,1.0,
29.086,0.06500000000000128,touch,1.0,
29.267,0.022999999999999687,touch,1.0,
29.395,0.09299999999999997,touch,1.0,
29.64,0.0799999999999983,touch,1.0,
29.89,0.0799999999999983,touch,1.0,
30.058,0.08299999999999841,touch,1.0,
30.271,0.2859999999999978,touch,1.0,
30.691,0.16000000000000014,touch,1.0,
31.018,0.0730000000000004,touch,1.0,
31.197,0.08200000000000074,touch,1.0,
31.379,0.14099999999999824,touch,1.0,
31.78,0.05699999999999861,touch,1.0,
31.939,0.09499999999999886,touch,1.0,
32.118,0.28300000000000125,touch,1.0,
32.577,0.21399999999999864,touch,1.0,
32.95,0.05799999999999983,touch,1.0,
33.131,0.09499999999999886,touch,1.0,
33.309,0.10600000000000165,touch,1.0,
33.596,0.08100000000000307,touch,1.0,
33.742,0.09600000000000364,touch,1.0,
33.969,0.28600000000000136,touch,1.0,
34.464,0.14800000000000324,touch,1.0,
34.78,0.06300000000000239,touch,1.0,
34.934,0.07100000000000506,touch,1.0,
35.123,0.10300000000000153,touch,1.0,
35.412,0.07200000000000273,touch,1.0,
35.559,0.08900000000000574,touch,1.0,
35.766,0.4029999999999987,touch,1.0,
36.415,0.21600000000000108,touch,1.0,
36.82,0.08800000000000097,touch,1.0,
36.982,0.10500000000000398,touch,1.0,
37.187,0.09499999999999886,touch,1.0,
37.345,0.11899999999999977,touch,1.0,
37.604,0.0730000000000004,touch,1.0,
37.781,0.05300000000000438,touch,1.0,
37.977,0.48400000000000176,touch,1.0,
38.712,0.12199999999999989,touch,1.0,
39.032,0.0800000000000054,touch,1.0,
39.163,0.12199999999999989,touch,1.0,
39.387,0.1109999999999971,touch,1.0,
39.716,0.1490000000000009,touch,1.0,
40.075,0.06400000000000006,touch,1.0,
40.226,0.07000000000000028,touch,1.0,
40.399,0.12199999999999989,touch,1.0,
40.761,0.24099999999999966,touch,1.0,
41.127,0.07000000000000028,touch,1.0,
41.315,0.05100000000000193,touch,1.0,
41.593,0.12099999999999511,touch,1.0,
41.916,0.2810000000000059,touch,1.0,
42.311,0.09000000000000341,touch,1.0,
42.497,0.08599999999999852,touch,1.0,
42.817,0.07399999999999807,touch,1.0,
43.091,0.26599999999999824,touch,1.0,
43.482,0.0589999999999975,touch,1.0,
43.63,0.1039999999999992,touch,1.0,
43.813,0.10299999999999443,touch,1.0,
44.202,0.19500000000000028,touch,1.0,
44.534,0.08400000000000318,touch,1.0,
44.723,0.07099999999999795,touch,1.0,
44.935,0.08599999999999852,touch,1.0,
45.287,0.2779999999999987,touch,1.0,
45.674,0.08200000000000074,touch,1.0,
45.86,0.06300000000000239,touch,1.0,
46.066,0.05299999999999727,touch,1.0,
46.401,0.25499999999999545,touch,1.0,
46.768,0.08399999999999608,touch,1.0,
46.966,0.0659999999999954,touch,1.0,
47.149,0.08399999999999608,touch,1.0,
47.475,0.269999999999996,touch,1.0,
47.852,0.09100000000000108,touch,1.0,
48.039,0.09499999999999886,touch,1.0,
48.218,0.09899999999999665,touch,1.0,
48.405,0.1419999999999959,touch,1.0,
48.728,0.259999999999998,touch,1.0,
49.102,0.09600000000000364,touch,1.0,
49.275,0.10600000000000165,touch,1.0,
49.452,0.09199999999999875,touch,1.0,
49.789,0.1869999999999976,touch,1.0,
50.163,0.0940000000000012,touch,1.0,
50.351,0.08400000000000318,touch,1.0,
50.546,0.06400000000000006,touch,1.0,
50.706,0.07099999999999795,touch,1.0,
50.995,0.30000000000000426,touch,1.0,
51.411,0.08500000000000085,touch,1.0,
51.551,0.10499999999999687,touch,1.0,
51.786,0.08800000000000097,touch,1.0,
52.117,0.034000000000006025,touch,1.0,
