Time (seconds), Duration (seconds),pred_unlabelled,pred_baby_cry,pred_cough,pred_water_tap
0.00000,0.67194,0.04153,0.95847,0.00000,0.00000
0.05000,0.67194,0.04195,0.95805,0.00000,0.00000
0.10000,0.67194,0.03065,0.96935,0.00001,0.00000
0.15000,0.67194,0.03971,0.96019,0.00010,0.00000
0.20000,0.67194,0.05184,0.94804,0.00011,0.00000
0.25000,0.67194,0.04758,0.95176,0.00066,0.00000
0.30000,0.67194,0.05313,0.94645,0.00041,0.00000
0.35000,0.67194,0.05740,0.94238,0.00022,0.00000
0.40000,0.67194,0.06886,0.92886,0.00227,0.00000
0.45000,0.67194,0.15505,0.83849,0.00646,0.00000
0.50000,0.67194,0.08775,0.91188,0.00037,0.00000
0.55000,0.67194,0.07522,0.92453,0.00025,0.00000
0.60000,0.67194,0.05282,0.94700,0.00018,0.00000
0.65000,0.67194,0.03385,0.96612,0.00003,0.00000
0.70000,0.67194,0.02529,0.97471,0.00000,0.00000
0.75000,0.67194,0.00992,0.99007,0.00000,0.00000
0.80000,0.67194,0.01705,0.98295,0.00000,0.00000
0.85000,0.67194,0.01184,0.98816,0.00000,0.00000
0.90000,0.67194,0.01499,0.98501,0.00000,0.00000
0.95000,0.67194,0.04288,0.95712,0.00000,0.00000
1.00000,0.67194,0.05990,0.94010,0.00000,0.00000
1.05000,0.67194,0.10692,0.89308,0.00000,0.00000
1.10000,0.67194,0.10125,0.89875,0.00000,0.00000
1.15000,0.67194,0.06949,0.93051,0.00000,0.00000
1.20000,0.67194,0.07545,0.92455,0.00000,0.00000
1.25000,0.67194,0.03936,0.96064,0.00000,0.00000
1.30000,0.67194,0.02268,0.97731,0.00000,0.00000
1.35000,0.67194,0.02272,0.97728,0.00000,0.00000
1.40000,0.67194,0.02572,0.97427,0.00000,0.00000
1.45000,0.67194,0.02792,0.97208,0.00000,0.00000
1.50000,0.67194,0.01949,0.98051,0.00001,0.00000
1.55000,0.67194,0.01627,0.98371,0.00001,0.00000
1.60000,0.67194,0.01039,0.98960,0.00001,0.00000
1.65000,0.67194,0.01451,0.98548,0.00001,0.00000
1.70000,0.67194,0.02290,0.97667,0.00043,0.00000
1.75000,0.67194,0.03636,0.96322,0.00042,0.00000
1.80000,0.67194,0.05423,0.94484,0.00093,0.00000
1.85000,0.67194,0.10581,0.89349,0.00071,0.00000
1.90000,0.67194,0.26583,0.73268,0.00149,0.00000
1.95000,0.67194,0.06698,0.92835,0.00468,0.00000
2.00000,0.67194,0.09972,0.89735,0.00293,0.00000
2.05000,0.67194,0.23687,0.75507,0.00806,0.00000
2.10000,0.67194,0.21591,0.78271,0.00138,0.00000
2.15000,0.67194,0.16896,0.82830,0.00274,0.00000
2.20000,0.67194,0.18597,0.81266,0.00136,0.00000
2.25000,0.67194,0.21826,0.76756,0.01418,0.00000
2.30000,0.67194,0.63060,0.36644,0.00297,0.00000
2.35000,0.67194,0.52268,0.47670,0.00062,0.00000
2.40000,0.67194,0.30767,0.69202,0.00030,0.00000
2.45000,0.67194,0.36994,0.62938,0.00068,0.00000
2.50000,0.67194,0.20844,0.79153,0.00003,0.00000
2.55000,0.67194,0.23796,0.76202,0.00002,0.00000
2.60000,0.67194,0.04068,0.95932,0.00001,0.00000
2.65000,0.67194,0.11083,0.88910,0.00007,0.00000
2.70000,0.67194,0.11964,0.88032,0.00004,0.00000
2.75000,0.67194,0.17875,0.82112,0.00013,0.00000
2.80000,0.67194,0.19016,0.80966,0.00018,0.00000
2.85000,0.67194,0.55972,0.43954,0.00074,0.00000
2.90000,0.67194,0.51051,0.48557,0.00392,0.00000
2.95000,0.67194,0.71947,0.24667,0.03386,0.00000
3.00000,0.67194,0.23995,0.75618,0.00387,0.00000
3.05000,0.67194,0.18072,0.81233,0.00695,0.00000
3.10000,0.67194,0.17754,0.81950,0.00296,0.00000
3.15000,0.67194,0.12262,0.86247,0.01491,0.00000
3.20000,0.67194,0.06520,0.93307,0.00173,0.00000
3.25000,0.67194,0.09006,0.90830,0.00164,0.00000
3.30000,0.67194,0.24750,0.74391,0.00859,0.00000
3.35000,0.67194,0.27909,0.72064,0.00027,0.00000
3.40000,0.67194,0.35475,0.64468,0.00057,0.00000
3.45000,0.67194,0.15437,0.84556,0.00007,0.00000
3.50000,0.67194,0.11708,0.88291,0.00001,0.00000
3.55000,0.67194,0.10546,0.89454,0.00000,0.00000
3.60000,0.67194,0.12844,0.87156,0.00000,0.00000
3.65000,0.67194,0.03833,0.96166,0.00000,0.00000
3.70000,0.67194,0.03133,0.96866,0.00000,0.00000
3.75000,0.67194,0.02289,0.97711,0.00000,0.00000
3.80000,0.67194,0.02728,0.97272,0.00000,0.00000
3.85000,0.67194,0.02656,0.97344,0.00000,0.00000
3.90000,0.67194,0.02603,0.97397,0.00000,0.00000
3.95000,0.67194,0.01787,0.98213,0.00000,0.00000
4.00000,0.67194,0.02795,0.97205,0.00000,0.00000
4.05000,0.67194,0.02136,0.97864,0.00000,0.00000
4.10000,0.67194,0.01546,0.98454,0.00000,0.00000
4.15000,0.67194,0.01393,0.98607,0.00000,0.00000
4.20000,0.67194,0.01789,0.98211,0.00000,0.00000
4.25000,0.67194,0.02305,0.97695,0.00000,0.00000
4.30000,0.67194,0.03819,0.96181,0.00000,0.00000
4.35000,0.67194,0.03360,0.96640,0.00000,0.00000
4.40000,0.67194,0.04349,0.95651,0.00000,0.00000
4.45000,0.67194,0.05753,0.94247,0.00000,0.00000
4.50000,0.67194,0.07306,0.92694,0.00000,0.00000
4.55000,0.67194,0.03569,0.96431,0.00000,0.00000
4.60000,0.67194,0.03080,0.96920,0.00000,0.00000
4.65000,0.67194,0.07261,0.92739,0.00000,0.00000
4.70000,0.67194,0.09627,0.90373,0.00000,0.00000
4.75000,0.67194,0.19050,0.80950,0.00000,0.00000
4.80000,0.67194,0.08715,0.91285,0.00000,0.00000
4.85000,0.67194,0.41850,0.58149,0.00000,0.00000
4.90000,0.67194,0.42596,0.57403,0.00000,0.00000
4.95000,0.67194,0.22554,0.77444,0.00001,0.00000
5.00000,0.67194,0.37956,0.61998,0.00046,0.00000
5.05000,0.67194,0.11284,0.88713,0.00002,0.00000
5.10000,0.67194,0.14096,0.85784,0.00120,0.00000
5.15000,0.67194,0.20002,0.79968,0.00030,0.00000
5.20000,0.67194,0.39570,0.59508,0.00922,0.00000
5.25000,0.67194,0.54609,0.44226,0.01165,0.00000
5.30000,0.67194,0.74356,0.25107,0.00536,0.00000
5.35000,0.67194,0.55410,0.43591,0.00997,0.00001
5.40000,0.67194,0.39732,0.58169,0.02098,0.00000
5.45000,0.67194,0.15226,0.83936,0.00838,0.00000
5.50000,0.67194,0.28434,0.70536,0.01030,0.00000
5.55000,0.67194,0.03742,0.96253,0.00005,0.00000
5.60000,0.67194,0.01525,0.98469,0.00005,0.00000
5.65000,0.67194,0.01241,0.98749,0.00010,0.00000
5.70000,0.67194,0.00721,0.99273,0.00007,0.00000
5.75000,0.67194,0.00396,0.99603,0.00000,0.00000
5.80000,0.67194,0.01238,0.98762,0.00000,0.00000
5.85000,0.67194,0.00748,0.99252,0.00000,0.00000
5.90000,0.67194,0.00438,0.99562,0.00000,0.00000
5.95000,0.67194,0.00406,0.99594,0.00000,0.00000
6.00000,0.67194,0.00496,0.99504,0.00000,0.00000
6.05000,0.67194,0.00525,0.99475,0.00000,0.00000
6.10000,0.67194,0.00519,0.99481,0.00000,0.00000
6.15000,0.67194,0.00528,0.99472,0.00000,0.00000
6.20000,0.67194,0.01232,0.98768,0.00000,0.00000
6.25000,0.67194,0.02254,0.97746,0.00000,0.00000
6.30000,0.67194,0.02737,0.97262,0.00000,0.00000
6.35000,0.67194,0.02223,0.97776,0.00001,0.00000
6.40000,0.67194,0.02447,0.97550,0.00003,0.00000
6.45000,0.67194,0.04197,0.95794,0.00009,0.00000
6.50000,0.67194,0.09757,0.90137,0.00105,0.00000
6.55000,0.67194,0.09519,0.90226,0.00254,0.00000
6.60000,0.67194,0.13554,0.86266,0.00179,0.00000
6.65000,0.67194,0.16295,0.82276,0.01427,0.00002
6.70000,0.67194,0.12036,0.86261,0.01703,0.00000
6.75000,0.67194,0.28759,0.69656,0.01580,0.00005
6.80000,0.67194,0.23278,0.72146,0.04571,0.00005
6.85000,0.67194,0.21387,0.77336,0.01269,0.00007
6.90000,0.67194,0.23462,0.75946,0.00571,0.00021
6.95000,0.67194,0.23099,0.76181,0.00638,0.00083
7.00000,0.67194,0.20999,0.77071,0.01841,0.00089
7.05000,0.67194,0.60685,0.36175,0.02915,0.00225
7.10000,0.67194,0.35178,0.64439,0.00318,0.00066
7.15000,0.67194,0.45634,0.52931,0.01163,0.00273
7.20000,0.67194,0.32299,0.63149,0.04103,0.00449
7.25000,0.67194,0.27493,0.71649,0.00834,0.00025
7.30000,0.67194,0.22843,0.74879,0.02009,0.00269
7.35000,0.67194,0.12215,0.87266,0.00512,0.00007
7.40000,0.67194,0.12570,0.85580,0.01716,0.00134
7.45000,0.67194,0.10815,0.87948,0.01197,0.00040
7.50000,0.67194,0.22330,0.73541,0.03654,0.00475
7.55000,0.67194,0.21318,0.65647,0.11820,0.01215
7.60000,0.67194,0.43497,0.42832,0.10933,0.02738
7.65000,0.67194,0.64054,0.27763,0.05338,0.02845
7.70000,0.67194,0.52140,0.41188,0.05609,0.01062
7.75000,0.67194,0.51916,0.35444,0.08709,0.03931
7.80000,0.67194,0.93045,0.06631,0.00231,0.00093
7.85000,0.67194,0.96052,0.03092,0.00365,0.00491
7.90000,0.67194,0.99694,0.00261,0.00017,0.00028
7.95000,0.67194,0.98296,0.00216,0.00738,0.00750
8.00000,0.67194,0.99851,0.00137,0.00004,0.00008
8.05000,0.67194,0.99787,0.00108,0.00028,0.00077
8.10000,0.67194,0.99985,0.00013,0.00000,0.00003
8.15000,0.67194,0.99969,0.00010,0.00009,0.00012
8.20000,0.67194,0.99960,0.00039,0.00000,0.00001
8.25000,0.67194,0.99981,0.00016,0.00001,0.00002
8.30000,0.67194,0.99993,0.00007,0.00000,0.00001
8.35000,0.67194,0.99989,0.00009,0.00000,0.00002
8.40000,0.67194,0.99965,0.00033,0.00000,0.00002
8.45000,0.67194,0.99972,0.00024,0.00000,0.00003
8.50000,0.67194,0.99846,0.00152,0.00001,0.00000
8.55000,0.67194,0.99935,0.00064,0.00001,0.00000
8.60000,0.67194,0.99883,0.00116,0.00000,0.00000
8.65000,0.67194,0.99928,0.00070,0.00002,0.00000
8.70000,0.67194,0.99854,0.00144,0.00002,0.00000
8.75000,0.67194,0.99981,0.00017,0.00000,0.00002
8.80000,0.67194,0.99917,0.00082,0.00000,0.00000
8.85000,0.67194,0.99865,0.00132,0.00003,0.00001
8.90000,0.67194,0.99746,0.00253,0.00001,0.00000
8.95000,0.67194,0.99940,0.00049,0.00005,0.00005
9.00000,0.67194,0.99953,0.00039,0.00000,0.00007
9.05000,0.67194,0.99899,0.00016,0.00019,0.00066
9.10000,0.67194,0.99955,0.00029,0.00000,0.00015
9.15000,0.67194,0.99868,0.00052,0.00002,0.00078
9.20000,0.67194,0.99857,0.00026,0.00000,0.00117
9.25000,0.67194,0.99660,0.00116,0.00006,0.00217
9.30000,0.67194,0.99942,0.00040,0.00000,0.00017
9.35000,0.67194,0.99393,0.00517,0.00008,0.00082
9.40000,0.67194,0.99175,0.00818,0.00000,0.00007
9.45000,0.67194,0.98491,0.01377,0.00130,0.00002
9.50000,0.67194,0.98553,0.01395,0.00040,0.00013
9.55000,0.67194,0.95736,0.04238,0.00020,0.00006
9.60000,0.67194,0.46575,0.53388,0.00035,0.00002
9.65000,0.67194,0.37397,0.62409,0.00194,0.00001
9.70000,0.67194,0.38181,0.61665,0.00151,0.00003
9.75000,0.67194,0.26244,0.73701,0.00054,0.00001
9.80000,0.67194,0.13532,0.86448,0.00019,0.00001
9.85000,0.67194,0.11016,0.88781,0.00202,0.00000
9.90000,0.67194,0.07516,0.92137,0.00347,0.00000
9.95000,0.67194,0.06555,0.93440,0.00005,0.00000
10.00000,0.67194,0.01931,0.98067,0.00002,0.00000
10.05000,0.67194,0.02053,0.97946,0.00002,0.00000
10.10000,0.67194,0.03246,0.96753,0.00001,0.00001
10.15000,0.67194,0.02205,0.97794,0.00001,0.00000
10.20000,0.67194,0.01604,0.98395,0.00001,0.00000
10.25000,0.67194,0.01018,0.98982,0.00000,0.00000
10.30000,0.67194,0.03746,0.96245,0.00009,0.00000
10.35000,0.67194,0.08747,0.91218,0.00034,0.00000
10.40000,0.67194,0.19707,0.80236,0.00056,0.00001
10.45000,0.67194,0.46297,0.53172,0.00487,0.00044
10.50000,0.67194,0.29166,0.70498,0.00334,0.00002
10.55000,0.67194,0.76315,0.23458,0.00211,0.00015
10.60000,0.67194,0.36493,0.63329,0.00177,0.00001
10.65000,0.67194,0.28846,0.69407,0.01747,0.00000
10.70000,0.67194,0.24544,0.69876,0.05578,0.00002
10.75000,0.67194,0.20579,0.78618,0.00803,0.00000
10.80000,0.67194,0.05392,0.94499,0.00109,0.00000
10.85000,0.67194,0.15587,0.84329,0.00084,0.00000
10.90000,0.67194,0.28562,0.71304,0.00133,0.00002
10.95000,0.67194,0.15716,0.84261,0.00023,0.00000
11.00000,0.67194,0.20053,0.79926,0.00021,0.00000
11.05000,0.67194,0.06607,0.93375,0.00018,0.00000
11.10000,0.67194,0.04482,0.95509,0.00009,0.00000
11.15000,0.67194,0.10236,0.89516,0.00248,0.00000
11.20000,0.67194,0.08367,0.91615,0.00019,0.00000
11.25000,0.67194,0.07906,0.92039,0.00055,0.00000
11.30000,0.67194,0.14282,0.85573,0.00144,0.00000
11.35000,0.67194,0.43433,0.55370,0.01197,0.00001
11.40000,0.67194,0.37354,0.61135,0.01510,0.00001
11.45000,0.67194,0.12248,0.87726,0.00026,0.00000
11.50000,0.67194,0.21139,0.78178,0.00683,0.00000
11.55000,0.67194,0.15202,0.83396,0.01401,0.00002
11.60000,0.67194,0.19543,0.79819,0.00638,0.00000
11.65000,0.67194,0.09163,0.90690,0.00147,0.00000
11.70000,0.67194,0.10473,0.89485,0.00042,0.00000
11.75000,0.67194,0.26434,0.73239,0.00327,0.00000
11.80000,0.67194,0.24648,0.75326,0.00026,0.00000
11.85000,0.67194,0.44166,0.55820,0.00014,0.00000
11.90000,0.67194,0.27740,0.72114,0.00146,0.00000
11.95000,0.67194,0.15116,0.84789,0.00095,0.00000
12.00000,0.67194,0.17727,0.82240,0.00034,0.00000
12.05000,0.67194,0.06595,0.93397,0.00008,0.00000
12.10000,0.67194,0.03006,0.96992,0.00002,0.00000
12.15000,0.67194,0.04220,0.95767,0.00013,0.00000
12.20000,0.67194,0.03160,0.96833,0.00007,0.00000
12.25000,0.67194,0.02272,0.97723,0.00005,0.00000
12.30000,0.67194,0.01993,0.97999,0.00008,0.00000
12.35000,0.67194,0.04699,0.95165,0.00136,0.00000
12.40000,0.67194,0.10970,0.88713,0.00317,0.00000
12.45000,0.67194,0.18766,0.79772,0.01463,0.00000
12.50000,0.67194,0.34547,0.64939,0.00514,0.00000
12.55000,0.67194,0.48940,0.50830,0.00229,0.00000
12.60000,0.67194,0.66768,0.32943,0.00289,0.00000
12.65000,0.67194,0.64388,0.35446,0.00165,0.00000
12.70000,0.67194,0.38900,0.61034,0.00065,0.00000
12.75000,0.67194,0.54373,0.44636,0.00991,0.00000
12.80000,0.67194,0.41894,0.57792,0.00313,0.00000
12.85000,0.67194,0.37244,0.61902,0.00854,0.00000
12.90000,0.67194,0.40455,0.59465,0.00079,0.00000
12.95000,0.67194,0.61619,0.38354,0.00027,0.00000
13.00000,0.67194,0.74007,0.25952,0.00041,0.00000
13.05000,0.67194,0.61325,0.38637,0.00038,0.00000
13.10000,0.67194,0.51497,0.48492,0.00011,0.00000
13.15000,0.67194,0.42541,0.57442,0.00017,0.00000
13.20000,0.67194,0.32152,0.67836,0.00012,0.00000
13.25000,0.67194,0.46431,0.53534,0.00036,0.00000
13.30000,0.67194,0.44766,0.55233,0.00002,0.00000
13.35000,0.67194,0.44328,0.55664,0.00008,0.00000
13.40000,0.67194,0.55977,0.44022,0.00001,0.00000
13.45000,0.67194,0.72628,0.27366,0.00006,0.00000
13.50000,0.67194,0.74246,0.25752,0.00002,0.00000
13.55000,0.67194,0.85675,0.14314,0.00010,0.00000
13.60000,0.67194,0.58061,0.41935,0.00002,0.00001
13.65000,0.67194,0.61829,0.38154,0.00002,0.00015
13.70000,0.67194,0.68512,0.31476,0.00010,0.00001
13.75000,0.67194,0.66310,0.33680,0.00009,0.00001
13.80000,0.67194,0.81641,0.18206,0.00043,0.00109
13.85000,0.67194,0.97089,0.02886,0.00013,0.00013
13.90000,0.67194,0.93666,0.06238,0.00096,0.00000
13.95000,0.67194,0.96910,0.03081,0.00010,0.00000
14.00000,0.67194,0.94089,0.04106,0.01805,0.00000
14.05000,0.67194,0.87397,0.11122,0.01481,0.00000
14.10000,0.67194,0.56241,0.43496,0.00264,0.00000
14.15000,0.67194,0.60253,0.39717,0.00030,0.00000
14.20000,0.67194,0.42800,0.57157,0.00043,0.00000
14.25000,0.67194,0.16004,0.83932,0.00064,0.00000
14.30000,0.67194,0.13562,0.86433,0.00004,0.00000
14.35000,0.67194,0.21760,0.78239,0.00000,0.00000
14.40000,0.67194,0.28410,0.71579,0.00011,0.00000
14.45000,0.67194,0.36680,0.63296,0.00024,0.00000
14.50000,0.67194,0.70733,0.29240,0.00027,0.00000
14.55000,0.67194,0.53577,0.46400,0.00023,0.00000
14.60000,0.67194,0.51073,0.48909,0.00018,0.00000
14.65000,0.67194,0.41051,0.58944,0.00005,0.00000
14.70000,0.67194,0.44702,0.55297,0.00000,0.00000
14.75000,0.67194,0.16822,0.83178,0.00000,0.00000
14.80000,0.67194,0.23160,0.76840,0.00000,0.00000
14.85000,0.67194,0.16177,0.83823,0.00000,0.00000
14.90000,0.67194,0.13626,0.86374,0.00000,0.00000
14.95000,0.67194,0.12718,0.87282,0.00000,0.00000
15.00000,0.67194,0.12676,0.87324,0.00000,0.00000
15.05000,0.67194,0.26619,0.73381,0.00000,0.00000
15.10000,0.67194,0.11057,0.88943,0.00000,0.00000
15.15000,0.67194,0.08026,0.91974,0.00000,0.00000
15.20000,0.67194,0.07124,0.92876,0.00000,0.00000
15.25000,0.67194,0.03168,0.96832,0.00000,0.00000
15.30000,0.67194,0.03978,0.96022,0.00000,0.00000
15.35000,0.67194,0.03134,0.96866,0.00000,0.00000
15.40000,0.67194,0.05371,0.94629,0.00000,0.00000
