Time (seconds), Duration (seconds),pred_unlabelled,pred_Air,pred_Floor,pred_Carpet
0.00000,1.02194,0.99405,0.00071,0.00146,0.00377
0.10000,1.02194,0.99383,0.00071,0.00150,0.00396
0.20000,1.02194,0.99426,0.00067,0.00145,0.00362
0.30000,1.02194,0.99404,0.00069,0.00145,0.00382
0.40000,1.02194,0.99432,0.00066,0.00145,0.00357
0.50000,1.02194,0.99362,0.00075,0.00157,0.00405
0.60000,1.02194,0.99348,0.00079,0.00164,0.00409
0.70000,1.02194,0.99355,0.00074,0.00151,0.00419
0.80000,1.02194,0.99265,0.00106,0.00160,0.00469
0.90000,1.02194,0.99373,0.00075,0.00132,0.00419
1.00000,1.02194,0.99492,0.00053,0.00097,0.00358
1.10000,1.02194,0.99549,0.00050,0.00087,0.00314
1.20000,1.02194,0.99562,0.00046,0.00084,0.00308
1.30000,1.02194,0.99558,0.00049,0.00084,0.00310
1.40000,1.02194,0.99542,0.00049,0.00085,0.00324
1.50000,1.02194,0.99521,0.00054,0.00088,0.00337
1.60000,1.02194,0.99504,0.00053,0.00092,0.00350
1.70000,1.02194,0.99454,0.00065,0.00107,0.00374
1.80000,1.02194,0.99554,0.00041,0.00096,0.00310
1.90000,1.02194,0.99416,0.00062,0.00127,0.00395
2.00000,1.02194,0.99089,0.00117,0.00180,0.00614
2.10000,1.02194,0.99029,0.00132,0.00196,0.00643
2.20000,1.02194,0.98998,0.00140,0.00205,0.00657
2.30000,1.02194,0.99002,0.00140,0.00206,0.00653
2.40000,1.02194,0.99020,0.00137,0.00206,0.00637
2.50000,1.02194,0.99037,0.00133,0.00198,0.00631
2.60000,1.02194,0.99042,0.00131,0.00195,0.00632
2.70000,1.02194,0.99082,0.00123,0.00190,0.00604
2.80000,1.02194,0.98984,0.00140,0.00199,0.00677
2.90000,1.02194,0.99083,0.00120,0.00187,0.00609
3.00000,1.02194,0.99250,0.00092,0.00169,0.00488
3.10000,1.02194,0.99222,0.00098,0.00171,0.00509
3.20000,1.02194,0.99244,0.00093,0.00162,0.00502
3.30000,1.02194,0.99288,0.00084,0.00147,0.00482
3.40000,1.02194,0.99369,0.00066,0.00125,0.00440
3.50000,1.02194,0.99103,0.00105,0.00145,0.00647
3.60000,1.02194,0.99144,0.00093,0.00140,0.00623
3.70000,1.02194,0.98994,0.00122,0.00151,0.00733
3.80000,1.02194,0.99068,0.00107,0.00147,0.00678
3.90000,1.02194,0.98833,0.00157,0.00166,0.00844
4.00000,1.02194,0.98868,0.00140,0.00162,0.00830
4.10000,1.02194,0.98868,0.00148,0.00169,0.00815
4.20000,1.02194,0.98913,0.00137,0.00171,0.00779
4.30000,1.02194,0.98789,0.00165,0.00195,0.00850
4.40000,1.02194,0.98707,0.00190,0.00219,0.00884
4.50000,1.02194,0.99127,0.00119,0.00176,0.00578
4.60000,1.02194,0.99196,0.00104,0.00166,0.00535
4.70000,1.02194,0.99363,0.00082,0.00142,0.00413
4.80000,1.02194,0.99402,0.00070,0.00128,0.00399
4.90000,1.02194,0.99538,0.00048,0.00105,0.00309
5.00000,1.02194,0.99573,0.00046,0.00103,0.00278
5.10000,1.02194,0.99596,0.00042,0.00097,0.00265
5.20000,1.02194,0.99595,0.00041,0.00098,0.00266
5.30000,1.02194,0.99592,0.00042,0.00099,0.00267
5.40000,1.02194,0.99568,0.00045,0.00106,0.00281
5.50000,1.02194,0.99558,0.00046,0.00110,0.00286
5.60000,1.02194,0.99480,0.00056,0.00128,0.00336
5.70000,1.02194,0.99472,0.00058,0.00133,0.00337
5.80000,1.02194,0.99416,0.00068,0.00155,0.00361
5.90000,1.02194,0.99411,0.00070,0.00153,0.00365
6.00000,1.02194,0.99397,0.00071,0.00154,0.00378
6.10000,1.02194,0.99431,0.00067,0.00146,0.00356
6.20000,1.02194,0.99418,0.00069,0.00149,0.00364
6.30000,1.02194,0.99442,0.00065,0.00146,0.00346
6.40000,1.02194,0.99424,0.00069,0.00150,0.00357
6.50000,1.02194,0.99399,0.00071,0.00153,0.00377
6.60000,1.02194,0.99400,0.00072,0.00153,0.00375
6.70000,1.02194,0.99362,0.00074,0.00146,0.00418
6.80000,1.02194,0.99265,0.00096,0.00149,0.00490
6.90000,1.02194,0.99289,0.00090,0.00142,0.00479
7.00000,1.02194,0.99238,0.00096,0.00149,0.00517
7.10000,1.02194,0.99214,0.00101,0.00148,0.00537
7.20000,1.02194,0.99191,0.00104,0.00156,0.00549
7.30000,1.02194,0.99177,0.00106,0.00151,0.00566
7.40000,1.02194,0.99191,0.00104,0.00153,0.00552
7.50000,1.02194,0.99230,0.00097,0.00144,0.00529
7.60000,1.02194,0.99062,0.00124,0.00173,0.00640
7.70000,1.02194,0.99161,0.00119,0.00184,0.00536
7.80000,1.02194,0.99030,0.00156,0.00241,0.00574
7.90000,1.02194,0.99087,0.00149,0.00240,0.00524
8.00000,1.02194,0.99042,0.00158,0.00246,0.00555
8.10000,1.02194,0.99120,0.00145,0.00239,0.00496
8.20000,1.02194,0.99072,0.00152,0.00239,0.00537
8.30000,1.02194,0.99163,0.00135,0.00225,0.00478
8.40000,1.02194,0.99197,0.00124,0.00204,0.00475
8.50000,1.02194,0.99227,0.00122,0.00208,0.00442
8.60000,1.02194,0.99251,0.00107,0.00184,0.00458
8.70000,1.02194,0.99192,0.00117,0.00189,0.00502
8.80000,1.02194,0.99408,0.00068,0.00139,0.00386
8.90000,1.02194,0.99427,0.00065,0.00133,0.00374
9.00000,1.02194,0.99407,0.00067,0.00136,0.00390
9.10000,1.02194,0.99420,0.00065,0.00134,0.00380
9.20000,1.02194,0.99417,0.00065,0.00134,0.00384
9.30000,1.02194,0.99437,0.00062,0.00128,0.00372
9.40000,1.02194,0.99379,0.00070,0.00139,0.00411
9.50000,1.02194,0.99350,0.00076,0.00141,0.00432
9.60000,1.02194,0.99328,0.00078,0.00145,0.00449
9.70000,1.02194,0.99353,0.00075,0.00138,0.00434
9.80000,1.02194,0.99364,0.00073,0.00137,0.00426
9.90000,1.02194,0.99351,0.00074,0.00139,0.00436
10.00000,1.02194,0.99393,0.00068,0.00131,0.00409
10.10000,1.02194,0.99445,0.00060,0.00118,0.00377
10.20000,1.02194,0.99454,0.00058,0.00119,0.00369
10.30000,1.02194,0.99422,0.00063,0.00126,0.00390
10.40000,1.02194,0.99443,0.00061,0.00126,0.00371
10.50000,1.02194,0.99449,0.00060,0.00125,0.00367
10.60000,1.02194,0.99451,0.00060,0.00125,0.00365
10.70000,1.02194,0.99466,0.00058,0.00126,0.00350
10.80000,1.02194,0.99475,0.00057,0.00123,0.00345
10.90000,1.02194,0.99490,0.00054,0.00121,0.00335
11.00000,1.02194,0.99468,0.00057,0.00129,0.00345
11.10000,1.02194,0.99435,0.00063,0.00136,0.00366
11.20000,1.02194,0.99425,0.00065,0.00138,0.00372
11.30000,1.02194,0.99415,0.00065,0.00138,0.00383
11.40000,1.02194,0.99456,0.00060,0.00131,0.00352
11.50000,1.02194,0.99449,0.00060,0.00134,0.00357
11.60000,1.02194,0.99462,0.00059,0.00133,0.00346
11.70000,1.02194,0.99472,0.00057,0.00131,0.00340
11.80000,1.02194,0.99472,0.00058,0.00131,0.00339
11.90000,1.02194,0.99411,0.00069,0.00142,0.00378
12.00000,1.02194,0.99405,0.00070,0.00145,0.00380
12.10000,1.02194,0.99400,0.00071,0.00145,0.00384
12.20000,1.02194,0.99399,0.00071,0.00146,0.00385
12.30000,1.02194,0.99384,0.00074,0.00150,0.00392
12.40000,1.02194,0.99368,0.00077,0.00153,0.00402
12.50000,1.02194,0.99374,0.00076,0.00149,0.00401
12.60000,1.02194,0.99381,0.00075,0.00149,0.00395
12.70000,1.02194,0.99344,0.00081,0.00156,0.00419
12.80000,1.02194,0.99336,0.00082,0.00157,0.00424
12.90000,1.02194,0.99387,0.00072,0.00147,0.00393
13.00000,1.02194,0.99398,0.00070,0.00147,0.00385
13.10000,1.02194,0.99387,0.00071,0.00148,0.00394
13.20000,1.02194,0.99388,0.00070,0.00145,0.00396
13.30000,1.02194,0.99439,0.00063,0.00132,0.00367
13.40000,1.02194,0.99411,0.00067,0.00135,0.00388
13.50000,1.02194,0.99417,0.00065,0.00134,0.00384
13.60000,1.02194,0.99423,0.00063,0.00133,0.00381
13.70000,1.02194,0.99408,0.00065,0.00133,0.00394
13.80000,1.02194,0.99413,0.00064,0.00130,0.00393
13.90000,1.02194,0.99420,0.00062,0.00125,0.00392
14.00000,1.02194,0.99446,0.00060,0.00122,0.00372
14.10000,1.02194,0.99422,0.00062,0.00125,0.00391
14.20000,1.02194,0.99428,0.00061,0.00127,0.00384
14.30000,1.02194,0.99358,0.00071,0.00141,0.00430
14.40000,1.02194,0.99376,0.00068,0.00137,0.00420
14.50000,1.02194,0.99337,0.00073,0.00138,0.00452
14.60000,1.02194,0.99342,0.00075,0.00141,0.00442
14.70000,1.02194,0.99293,0.00081,0.00143,0.00483
14.80000,1.02194,0.99319,0.00076,0.00146,0.00459
14.90000,1.02194,0.99337,0.00074,0.00143,0.00446
15.00000,1.02194,0.99341,0.00073,0.00146,0.00440
15.10000,1.02194,0.99389,0.00066,0.00141,0.00403
15.20000,1.02194,0.99377,0.00068,0.00145,0.00410
15.30000,1.02194,0.99403,0.00066,0.00140,0.00391
15.40000,1.02194,0.99405,0.00065,0.00142,0.00388
15.50000,1.02194,0.99427,0.00063,0.00141,0.00369
15.60000,1.02194,0.99461,0.00058,0.00134,0.00348
15.70000,1.02194,0.99518,0.00050,0.00118,0.00313
15.80000,1.02194,0.99426,0.00060,0.00128,0.00387
15.90000,1.02194,0.99496,0.00051,0.00116,0.00336
16.00000,1.02194,0.99512,0.00047,0.00108,0.00333
16.10000,1.02194,0.99510,0.00050,0.00109,0.00330
16.20000,1.02194,0.99446,0.00059,0.00116,0.00379
16.30000,1.02194,0.99502,0.00048,0.00101,0.00349
16.40000,1.02194,0.99500,0.00043,0.00100,0.00357
16.50000,1.02194,0.99544,0.00040,0.00095,0.00321
16.60000,1.02194,0.99494,0.00045,0.00106,0.00355
16.70000,1.02194,0.99465,0.00048,0.00117,0.00370
16.80000,1.02194,0.99488,0.00047,0.00115,0.00351
16.90000,1.02194,0.99478,0.00046,0.00114,0.00361
17.00000,1.02194,0.99453,0.00049,0.00113,0.00385
17.10000,1.02194,0.99385,0.00050,0.00116,0.00449
17.20000,1.02194,0.99388,0.00049,0.00118,0.00446
17.30000,1.02194,0.99451,0.00046,0.00114,0.00388
17.40000,1.02194,0.99433,0.00050,0.00111,0.00406
17.50000,1.02194,0.99450,0.00051,0.00105,0.00394
17.60000,1.02194,0.99489,0.00046,0.00101,0.00364
17.70000,1.02194,0.99505,0.00043,0.00095,0.00356
17.80000,1.02194,0.99526,0.00040,0.00090,0.00344
17.90000,1.02194,0.99503,0.00046,0.00104,0.00346
18.00000,1.02194,0.99471,0.00051,0.00111,0.00367
18.10000,1.02194,0.99525,0.00049,0.00105,0.00321
18.20000,1.02194,0.99545,0.00046,0.00105,0.00303
18.30000,1.02194,0.99597,0.00040,0.00094,0.00270
18.40000,1.02194,0.99579,0.00041,0.00092,0.00289
18.50000,1.02194,0.99561,0.00042,0.00093,0.00305
18.60000,1.02194,0.99577,0.00038,0.00089,0.00296
18.70000,1.02194,0.99381,0.00066,0.00113,0.00440
18.80000,1.02194,0.99360,0.00068,0.00117,0.00454
18.90000,1.02194,0.99337,0.00072,0.00119,0.00473
19.00000,1.02194,0.99342,0.00072,0.00120,0.00466
19.10000,1.02194,0.99348,0.00069,0.00116,0.00467
19.20000,1.02194,0.99311,0.00074,0.00128,0.00488
19.30000,1.02194,0.99216,0.00091,0.00146,0.00546
19.40000,1.02194,0.99167,0.00100,0.00165,0.00567
19.50000,1.02194,0.99221,0.00095,0.00156,0.00528
19.60000,1.02194,0.99168,0.00108,0.00170,0.00554
19.70000,1.02194,0.99406,0.00066,0.00138,0.00390
19.80000,1.02194,0.99444,0.00062,0.00133,0.00361
19.90000,1.02194,0.99447,0.00062,0.00131,0.00360
20.00000,1.02194,0.99460,0.00059,0.00129,0.00352
20.10000,1.02194,0.99420,0.00067,0.00137,0.00377
20.20000,1.02194,0.99435,0.00061,0.00134,0.00369
20.30000,1.02194,0.99442,0.00062,0.00133,0.00362
20.40000,1.02194,0.99447,0.00062,0.00133,0.00359
20.50000,1.02194,0.99416,0.00066,0.00140,0.00377
20.60000,1.02194,0.99424,0.00065,0.00139,0.00372
20.70000,1.02194,0.99418,0.00067,0.00142,0.00374
20.80000,1.02194,0.99388,0.00071,0.00148,0.00393
20.90000,1.02194,0.99367,0.00074,0.00152,0.00407
21.00000,1.02194,0.99379,0.00073,0.00151,0.00397
21.10000,1.02194,0.99390,0.00070,0.00149,0.00391
21.20000,1.02194,0.99383,0.00072,0.00151,0.00394
21.30000,1.02194,0.99356,0.00076,0.00156,0.00412
21.40000,1.02194,0.99348,0.00078,0.00158,0.00416
21.50000,1.02194,0.99339,0.00079,0.00159,0.00423
21.60000,1.02194,0.99338,0.00079,0.00160,0.00423
21.70000,1.02194,0.99315,0.00082,0.00161,0.00443
21.80000,1.02194,0.99338,0.00078,0.00156,0.00429
21.90000,1.02194,0.99362,0.00075,0.00154,0.00409
22.00000,1.02194,0.99365,0.00075,0.00153,0.00408
22.10000,1.02194,0.99370,0.00074,0.00152,0.00405
22.20000,1.02194,0.99366,0.00075,0.00152,0.00407
22.30000,1.02194,0.99373,0.00074,0.00151,0.00403
22.40000,1.02194,0.99374,0.00073,0.00151,0.00402
22.50000,1.02194,0.99378,0.00073,0.00151,0.00399
22.60000,1.02194,0.99374,0.00073,0.00151,0.00402
22.70000,1.02194,0.99368,0.00074,0.00152,0.00405
22.80000,1.02194,0.99371,0.00074,0.00153,0.00402
22.90000,1.02194,0.99362,0.00075,0.00155,0.00408
23.00000,1.02194,0.99356,0.00076,0.00157,0.00411
23.10000,1.02194,0.99341,0.00078,0.00159,0.00422
23.20000,1.02194,0.99338,0.00079,0.00161,0.00422
23.30000,1.02194,0.99352,0.00075,0.00148,0.00424
23.40000,1.02194,0.99339,0.00073,0.00151,0.00437
23.50000,1.02194,0.99414,0.00060,0.00125,0.00402
23.60000,1.02194,0.99433,0.00052,0.00125,0.00390
23.70000,1.02194,0.99434,0.00052,0.00120,0.00394
23.80000,1.02194,0.99468,0.00047,0.00111,0.00374
23.90000,1.02194,0.99490,0.00044,0.00102,0.00364
24.00000,1.02194,0.99419,0.00051,0.00110,0.00420
24.10000,1.02194,0.99443,0.00047,0.00100,0.00410
24.20000,1.02194,0.99473,0.00043,0.00100,0.00384
24.30000,1.02194,0.99460,0.00044,0.00098,0.00398
24.40000,1.02194,0.99488,0.00044,0.00099,0.00369
24.50000,1.02194,0.99354,0.00062,0.00119,0.00464
24.60000,1.02194,0.99433,0.00057,0.00116,0.00394
24.70000,1.02194,0.99400,0.00061,0.00120,0.00418
24.80000,1.02194,0.99368,0.00068,0.00134,0.00430
24.90000,1.02194,0.99339,0.00072,0.00144,0.00445
25.00000,1.02194,0.99437,0.00059,0.00135,0.00369
25.10000,1.02194,0.99421,0.00062,0.00141,0.00376
25.20000,1.02194,0.99401,0.00067,0.00145,0.00387
25.30000,1.02194,0.99384,0.00071,0.00153,0.00392
25.40000,1.02194,0.99434,0.00065,0.00142,0.00358
25.50000,1.02194,0.99448,0.00061,0.00133,0.00357
25.60000,1.02194,0.99493,0.00058,0.00125,0.00324
25.70000,1.02194,0.99490,0.00059,0.00125,0.00327
25.80000,1.02194,0.99501,0.00057,0.00122,0.00321
25.90000,1.02194,0.99519,0.00053,0.00115,0.00313
26.00000,1.02194,0.99518,0.00053,0.00115,0.00314
26.10000,1.02194,0.99500,0.00056,0.00120,0.00324
26.20000,1.02194,0.99491,0.00058,0.00123,0.00328
26.30000,1.02194,0.99459,0.00062,0.00129,0.00349
26.40000,1.02194,0.99420,0.00067,0.00138,0.00376
26.50000,1.02194,0.99376,0.00074,0.00151,0.00399
26.60000,1.02194,0.99363,0.00075,0.00153,0.00410
26.70000,1.02194,0.99363,0.00075,0.00155,0.00407
26.80000,1.02194,0.99343,0.00077,0.00163,0.00417
26.90000,1.02194,0.99306,0.00083,0.00169,0.00442
27.00000,1.02194,0.99328,0.00081,0.00166,0.00425
27.10000,1.02194,0.99322,0.00083,0.00166,0.00430
27.20000,1.02194,0.99328,0.00081,0.00164,0.00427
27.30000,1.02194,0.99337,0.00080,0.00163,0.00420
27.40000,1.02194,0.99333,0.00080,0.00163,0.00423
27.50000,1.02194,0.99333,0.00081,0.00163,0.00422
27.60000,1.02194,0.99324,0.00083,0.00166,0.00427
27.70000,1.02194,0.99322,0.00083,0.00167,0.00428
27.80000,1.02194,0.99314,0.00084,0.00169,0.00433
27.90000,1.02194,0.99314,0.00085,0.00170,0.00431
28.00000,1.02194,0.99293,0.00088,0.00175,0.00444
28.10000,1.02194,0.99303,0.00087,0.00174,0.00435
28.20000,1.02194,0.99319,0.00084,0.00172,0.00425
28.30000,1.02194,0.99331,0.00082,0.00170,0.00417
28.40000,1.02194,0.99338,0.00081,0.00166,0.00415
28.50000,1.02194,0.99355,0.00078,0.00164,0.00403
28.60000,1.02194,0.99346,0.00080,0.00165,0.00409
28.70000,1.02194,0.99348,0.00079,0.00167,0.00405
28.80000,1.02194,0.99334,0.00081,0.00168,0.00416
28.90000,1.02194,0.99350,0.00079,0.00164,0.00407
29.00000,1.02194,0.99353,0.00078,0.00163,0.00406
29.10000,1.02194,0.99366,0.00076,0.00160,0.00398
29.20000,1.02194,0.99351,0.00078,0.00162,0.00409
29.30000,1.02194,0.99351,0.00078,0.00164,0.00407
29.40000,1.02194,0.99331,0.00082,0.00168,0.00420
29.50000,1.02194,0.99333,0.00081,0.00166,0.00420
29.60000,1.02194,0.99339,0.00080,0.00163,0.00417
29.70000,1.02194,0.99349,0.00079,0.00162,0.00410
29.80000,1.02194,0.99336,0.00080,0.00164,0.00420
29.90000,1.02194,0.99312,0.00085,0.00167,0.00436
30.00000,1.02194,0.99302,0.00087,0.00170,0.00442
30.10000,1.02194,0.99302,0.00086,0.00167,0.00445
30.20000,1.02194,0.99301,0.00086,0.00167,0.00446
30.30000,1.02194,0.99304,0.00086,0.00167,0.00443
30.40000,1.02194,0.99294,0.00087,0.00169,0.00450
30.50000,1.02194,0.99269,0.00091,0.00176,0.00463
30.60000,1.02194,0.99266,0.00092,0.00176,0.00466
30.70000,1.02194,0.99269,0.00092,0.00176,0.00463
30.80000,1.02194,0.99279,0.00090,0.00173,0.00458
30.90000,1.02194,0.99301,0.00087,0.00170,0.00442
31.00000,1.02194,0.99292,0.00088,0.00173,0.00448
31.10000,1.02194,0.99270,0.00092,0.00181,0.00457
31.20000,1.02194,0.99254,0.00095,0.00184,0.00467
31.30000,1.02194,0.99252,0.00095,0.00184,0.00468
31.40000,1.02194,0.99261,0.00094,0.00181,0.00464
31.50000,1.02194,0.99267,0.00093,0.00179,0.00461
31.60000,1.02194,0.99267,0.00093,0.00180,0.00460
31.70000,1.02194,0.99263,0.00094,0.00181,0.00463
31.80000,1.02194,0.99257,0.00095,0.00182,0.00466
31.90000,1.02194,0.99261,0.00094,0.00181,0.00464
32.00000,1.02194,0.99283,0.00091,0.00176,0.00451
32.10000,1.02194,0.99305,0.00086,0.00170,0.00439
32.20000,1.02194,0.99324,0.00083,0.00167,0.00426
32.30000,1.02194,0.99332,0.00082,0.00165,0.00421
32.40000,1.02193,0.99340,0.00081,0.00163,0.00416
32.50000,1.02194,0.99369,0.00076,0.00156,0.00399
32.60000,1.02194,0.99380,0.00074,0.00152,0.00393
32.70000,1.02194,0.99389,0.00073,0.00151,0.00387
32.80000,1.02194,0.99386,0.00073,0.00151,0.00390
32.90000,1.02193,0.99392,0.00072,0.00150,0.00386
33.00000,1.02194,0.99387,0.00073,0.00151,0.00389
33.10000,1.02194,0.99383,0.00074,0.00152,0.00391
33.20000,1.02194,0.99377,0.00074,0.00154,0.00395
33.30000,1.02194,0.99372,0.00075,0.00155,0.00398
33.40000,1.02193,0.99368,0.00076,0.00158,0.00398
33.50000,1.02194,0.99352,0.00079,0.00162,0.00407
33.60000,1.02194,0.99346,0.00080,0.00164,0.00410
33.70000,1.02194,0.99341,0.00081,0.00164,0.00414
33.80000,1.02194,0.99365,0.00077,0.00158,0.00400
33.90000,1.02193,0.99373,0.00075,0.00155,0.00397
34.00000,1.02194,0.99370,0.00076,0.00156,0.00399
34.10000,1.02194,0.99370,0.00076,0.00156,0.00398
34.20000,1.02194,0.99369,0.00076,0.00156,0.00400
34.30000,1.02194,0.99366,0.00076,0.00156,0.00402
34.40000,1.02193,0.99376,0.00075,0.00154,0.00395
34.50000,1.02194,0.99374,0.00075,0.00155,0.00396
34.60000,1.02194,0.99361,0.00077,0.00157,0.00405
34.70000,1.02194,0.99360,0.00077,0.00159,0.00405
34.80000,1.02194,0.99353,0.00078,0.00162,0.00406
34.90000,1.02193,0.99354,0.00078,0.00162,0.00406
35.00000,1.02194,0.99355,0.00078,0.00160,0.00406
35.10000,1.02194,0.99368,0.00076,0.00159,0.00398
35.20000,1.02194,0.99361,0.00077,0.00160,0.00402
35.30000,1.02194,0.99342,0.00080,0.00165,0.00412
35.40000,1.02193,0.99347,0.00080,0.00165,0.00408
35.50000,1.02194,0.99340,0.00080,0.00167,0.00413
35.60000,1.02194,0.99352,0.00079,0.00166,0.00404
35.70000,1.02194,0.99354,0.00078,0.00165,0.00402
35.80000,1.02194,0.99339,0.00081,0.00169,0.00411
35.90000,1.02193,0.99322,0.00084,0.00172,0.00423
36.00000,1.02194,0.99325,0.00083,0.00171,0.00422
36.10000,1.02194,0.99310,0.00086,0.00173,0.00431
36.20000,1.02194,0.99309,0.00086,0.00172,0.00433
36.30000,1.02194,0.99329,0.00083,0.00167,0.00421
36.40000,1.02193,0.99324,0.00083,0.00167,0.00425
36.50000,1.02194,0.99323,0.00084,0.00168,0.00425
36.60000,1.02194,0.99326,0.00083,0.00168,0.00423
36.70000,1.02194,0.99309,0.00088,0.00174,0.00429
36.80000,1.02194,0.99310,0.00087,0.00175,0.00428
36.90000,1.02193,0.99317,0.00087,0.00174,0.00422
37.00000,1.02194,0.99303,0.00090,0.00176,0.00431
37.10000,1.02194,0.99306,0.00089,0.00175,0.00429
37.20000,1.02194,0.99316,0.00087,0.00174,0.00422
37.30000,1.02194,0.99317,0.00087,0.00173,0.00423
37.40000,1.02193,0.99318,0.00087,0.00174,0.00422
37.50000,1.02194,0.99319,0.00087,0.00172,0.00422
37.60000,1.02194,0.99312,0.00088,0.00172,0.00429
37.70000,1.02194,0.99320,0.00084,0.00168,0.00428
37.80000,1.02194,0.99349,0.00080,0.00158,0.00413
37.90000,1.02193,0.99348,0.00079,0.00157,0.00416
38.00000,1.02194,0.99377,0.00074,0.00152,0.00397
38.10000,1.02194,0.99393,0.00071,0.00148,0.00387
38.20000,1.02194,0.99403,0.00070,0.00147,0.00380
38.30000,1.02194,0.99379,0.00074,0.00151,0.00396
38.40000,1.02193,0.99378,0.00074,0.00148,0.00400
38.50000,1.02194,0.99368,0.00076,0.00152,0.00404
38.60000,1.02194,0.99363,0.00077,0.00152,0.00407
38.70000,1.02194,0.99353,0.00078,0.00152,0.00417
38.80000,1.02194,0.99355,0.00079,0.00156,0.00410
38.90000,1.02193,0.99389,0.00073,0.00142,0.00396
39.00000,1.02194,0.99368,0.00075,0.00146,0.00410
39.10000,1.02194,0.99348,0.00080,0.00150,0.00423
39.20000,1.02194,0.99332,0.00082,0.00153,0.00432
39.30000,1.02194,0.99321,0.00082,0.00153,0.00444
39.40000,1.02193,0.99351,0.00078,0.00153,0.00417
39.50000,1.02194,0.99350,0.00078,0.00150,0.00422
39.60000,1.02194,0.99361,0.00076,0.00149,0.00414
39.70000,1.02194,0.99361,0.00076,0.00150,0.00413
39.80000,1.02194,0.99327,0.00081,0.00160,0.00432
39.90000,1.02193,0.99294,0.00087,0.00170,0.00449
40.00000,1.02194,0.99302,0.00086,0.00169,0.00444
40.10000,1.02194,0.99323,0.00083,0.00165,0.00430
40.20000,1.02194,0.99338,0.00080,0.00161,0.00421
40.30000,1.02194,0.99337,0.00081,0.00161,0.00421
40.40000,1.02193,0.99338,0.00080,0.00161,0.00420
40.50000,1.02194,0.99331,0.00081,0.00162,0.00425
40.60000,1.02194,0.99344,0.00080,0.00161,0.00415
40.70000,1.02194,0.99339,0.00080,0.00161,0.00420
40.80000,1.02194,0.99331,0.00082,0.00161,0.00426
40.90000,1.02193,0.99339,0.00080,0.00160,0.00420
41.00000,1.02194,0.99337,0.00080,0.00160,0.00422
41.10000,1.02194,0.99326,0.00082,0.00164,0.00428
41.20000,1.02194,0.99307,0.00086,0.00168,0.00439
41.30000,1.02194,0.99324,0.00083,0.00166,0.00427
41.40000,1.02193,0.99329,0.00082,0.00165,0.00424
41.50000,1.02194,0.99338,0.00081,0.00163,0.00418
41.60000,1.02194,0.99329,0.00082,0.00164,0.00425
41.70000,1.02194,0.99341,0.00080,0.00163,0.00416
41.80000,1.02194,0.99345,0.00079,0.00162,0.00413
41.90000,1.02193,0.99337,0.00081,0.00164,0.00418
42.00000,1.02194,0.99365,0.00077,0.00157,0.00402
42.10000,1.02194,0.99369,0.00076,0.00155,0.00400
42.20000,1.02194,0.99396,0.00071,0.00149,0.00384
42.30000,1.02194,0.99401,0.00071,0.00147,0.00382
42.40000,1.02193,0.99390,0.00072,0.00149,0.00389
42.50000,1.02194,0.99363,0.00076,0.00154,0.00407
42.60000,1.02194,0.99366,0.00076,0.00154,0.00405
42.70000,1.02194,0.99358,0.00077,0.00155,0.00410
42.80000,1.02194,0.99363,0.00077,0.00155,0.00406
42.90000,1.02193,0.99367,0.00076,0.00156,0.00401
43.00000,1.02194,0.99356,0.00078,0.00158,0.00408
43.10000,1.02194,0.99369,0.00076,0.00156,0.00400
43.20000,1.02194,0.99348,0.00079,0.00161,0.00412
43.30000,1.02194,0.99346,0.00079,0.00162,0.00413
43.40000,1.02193,0.99353,0.00079,0.00161,0.00408
43.50000,1.02194,0.99354,0.00079,0.00160,0.00407
43.60000,1.02194,0.99340,0.00081,0.00161,0.00419
43.70000,1.02194,0.99322,0.00083,0.00162,0.00432
43.80000,1.02194,0.99320,0.00083,0.00163,0.00434
43.90000,1.02193,0.99309,0.00085,0.00164,0.00442
44.00000,1.02194,0.99301,0.00086,0.00165,0.00448
44.10000,1.02194,0.99300,0.00086,0.00166,0.00448
44.20000,1.02194,0.99300,0.00086,0.00166,0.00448
44.30000,1.02194,0.99297,0.00086,0.00165,0.00452
44.40000,1.02193,0.99297,0.00086,0.00164,0.00453
44.50000,1.02194,0.99302,0.00085,0.00163,0.00450
44.60000,1.02194,0.99308,0.00084,0.00163,0.00445
44.70000,1.02194,0.99331,0.00081,0.00161,0.00427
44.80000,1.02194,0.99339,0.00080,0.00160,0.00421
44.90000,1.02193,0.99341,0.00080,0.00160,0.00419
45.00000,1.02194,0.99342,0.00079,0.00160,0.00419
45.10000,1.02194,0.99346,0.00079,0.00160,0.00415
45.20000,1.02194,0.99339,0.00080,0.00161,0.00420
45.30000,1.02194,0.99337,0.00080,0.00161,0.00422
45.40000,1.02193,0.99338,0.00080,0.00161,0.00420
45.50000,1.02194,0.99337,0.00080,0.00162,0.00421
45.60000,1.02194,0.99345,0.00079,0.00161,0.00415
45.70000,1.02194,0.99345,0.00080,0.00160,0.00415
45.80000,1.02194,0.99334,0.00082,0.00163,0.00421
45.90000,1.02193,0.99343,0.00081,0.00163,0.00414
46.00000,1.02194,0.99347,0.00080,0.00162,0.00411
46.10000,1.02194,0.99322,0.00084,0.00167,0.00427
46.20000,1.02194,0.99327,0.00084,0.00167,0.00423
46.30000,1.02194,0.99333,0.00083,0.00166,0.00417
46.40000,1.02193,0.99334,0.00082,0.00167,0.00417
46.50000,1.02194,0.99341,0.00081,0.00165,0.00412
46.60000,1.02194,0.99328,0.00083,0.00168,0.00421
46.70000,1.02194,0.99330,0.00083,0.00167,0.00420
46.80000,1.02194,0.99340,0.00081,0.00165,0.00414
46.90000,1.02193,0.99328,0.00083,0.00166,0.00423
47.00000,1.02194,0.99317,0.00084,0.00168,0.00431
47.10000,1.02194,0.99348,0.00079,0.00163,0.00410
47.20000,1.02194,0.99340,0.00080,0.00164,0.00415
47.30000,1.02194,0.99343,0.00080,0.00164,0.00413
47.40000,1.02193,0.99338,0.00080,0.00164,0.00418
47.50000,1.02194,0.99318,0.00084,0.00169,0.00428
47.60000,1.02194,0.99325,0.00085,0.00173,0.00416
47.70000,1.02194,0.99340,0.00082,0.00169,0.00409
47.80000,1.02194,0.99339,0.00083,0.00171,0.00407
47.90000,1.02193,0.99390,0.00075,0.00157,0.00378
48.00000,1.02194,0.99390,0.00075,0.00158,0.00376
48.10000,1.02194,0.99363,0.00082,0.00164,0.00391
48.20000,1.02194,0.99386,0.00080,0.00164,0.00371
48.30000,1.02194,0.99400,0.00077,0.00159,0.00365
48.40000,1.02193,0.99410,0.00076,0.00160,0.00353
48.50000,1.02194,0.99417,0.00074,0.00156,0.00352
48.60000,1.02194,0.99409,0.00076,0.00158,0.00357
48.70000,1.02194,0.99410,0.00076,0.00156,0.00358
48.80000,1.02194,0.99400,0.00078,0.00161,0.00361
48.90000,1.02193,0.99431,0.00073,0.00152,0.00343
49.00000,1.02194,0.99432,0.00072,0.00152,0.00344
49.10000,1.02194,0.99436,0.00069,0.00146,0.00349
49.20000,1.02194,0.99499,0.00059,0.00132,0.00310
49.30000,1.02194,0.99498,0.00060,0.00129,0.00313
49.40000,1.02193,0.99507,0.00058,0.00127,0.00309
49.50000,1.02194,0.99501,0.00060,0.00128,0.00312
49.60000,1.02194,0.99509,0.00056,0.00124,0.00311
49.70000,1.02194,0.99500,0.00058,0.00125,0.00317
49.80000,1.02194,0.99500,0.00056,0.00126,0.00318
49.90000,1.02193,0.99455,0.00064,0.00136,0.00346
50.00000,1.02194,0.99452,0.00064,0.00135,0.00349
50.10000,1.02194,0.99451,0.00063,0.00138,0.00347
50.20000,1.02194,0.99406,0.00069,0.00149,0.00375
50.30000,1.02194,0.99391,0.00072,0.00153,0.00384
50.40000,1.02193,0.99367,0.00077,0.00157,0.00399
50.50000,1.02194,0.99365,0.00077,0.00158,0.00400
50.60000,1.02194,0.99367,0.00077,0.00158,0.00398
50.70000,1.02194,0.99360,0.00078,0.00160,0.00402
50.80000,1.02194,0.99379,0.00075,0.00159,0.00387
50.90000,1.02193,0.99366,0.00078,0.00160,0.00395
51.00000,1.02194,0.99371,0.00077,0.00161,0.00392
51.10000,1.02194,0.99366,0.00078,0.00162,0.00395
51.20000,1.02194,0.99363,0.00078,0.00163,0.00396
51.30000,1.02194,0.99361,0.00079,0.00163,0.00398
51.40000,1.02193,0.99371,0.00077,0.00163,0.00389
51.50000,1.02194,0.99378,0.00075,0.00159,0.00387
51.60000,1.02194,0.99384,0.00074,0.00158,0.00384
51.70000,1.02194,0.99371,0.00075,0.00158,0.00395
51.80000,1.02194,0.99375,0.00075,0.00157,0.00393
51.90000,1.02193,0.99383,0.00074,0.00157,0.00387
52.00000,1.02194,0.99378,0.00074,0.00157,0.00390
52.10000,1.02194,0.99368,0.00076,0.00160,0.00396
52.20000,1.02194,0.99364,0.00077,0.00160,0.00398
52.30000,1.02194,0.99432,0.00066,0.00142,0.00360
52.40000,1.02193,0.99429,0.00067,0.00143,0.00361
52.50000,1.02194,0.99428,0.00067,0.00144,0.00361
52.60000,1.02194,0.99427,0.00068,0.00144,0.00362
52.70000,1.02194,0.99447,0.00064,0.00141,0.00348
52.80000,1.02194,0.99412,0.00073,0.00149,0.00367
52.90000,1.02193,0.99432,0.00068,0.00144,0.00356
53.00000,1.02194,0.99410,0.00072,0.00147,0.00371
53.10000,1.02194,0.99430,0.00068,0.00145,0.00356
53.20000,1.02194,0.99387,0.00074,0.00154,0.00385
53.30000,1.02194,0.99351,0.00081,0.00167,0.00401
53.40000,1.02193,0.99327,0.00086,0.00170,0.00418
53.50000,1.02194,0.99331,0.00084,0.00169,0.00416
53.60000,1.02194,0.99329,0.00085,0.00171,0.00415
53.70000,1.02194,0.99344,0.00083,0.00168,0.00405
53.80000,1.02194,0.99347,0.00081,0.00165,0.00407
53.90000,1.02193,0.99360,0.00079,0.00163,0.00398
54.00000,1.02194,0.99377,0.00077,0.00158,0.00388
54.10000,1.02194,0.99380,0.00076,0.00155,0.00390
54.20000,1.02194,0.99390,0.00074,0.00155,0.00381
54.30000,1.02194,0.99380,0.00076,0.00153,0.00391
54.40000,1.02193,0.99408,0.00071,0.00149,0.00372
54.50000,1.02194,0.99408,0.00071,0.00148,0.00373
54.60000,1.02194,0.99403,0.00071,0.00149,0.00376
54.70000,1.02194,0.99390,0.00075,0.00154,0.00381
54.80000,1.02194,0.99387,0.00075,0.00153,0.00384
54.90000,1.02193,0.99460,0.00065,0.00136,0.00340
55.00000,1.02194,0.99447,0.00066,0.00142,0.00345
55.10000,1.02194,0.99450,0.00067,0.00140,0.00344
55.20000,1.02194,0.99446,0.00068,0.00144,0.00341
55.30000,1.02194,0.99438,0.00069,0.00146,0.00347
55.40000,1.02193,0.99436,0.00070,0.00149,0.00346
55.50000,1.02194,0.99450,0.00068,0.00145,0.00338
55.60000,1.02194,0.99425,0.00071,0.00152,0.00352
55.70000,1.02194,0.99446,0.00068,0.00144,0.00342
55.80000,1.02194,0.99373,0.00079,0.00165,0.00383
55.90000,1.02193,0.99365,0.00080,0.00166,0.00390
56.00000,1.02194,0.99368,0.00079,0.00167,0.00386
56.10000,1.02194,0.99377,0.00077,0.00162,0.00384
56.20000,1.02194,0.99380,0.00075,0.00160,0.00385
56.30000,1.02194,0.99374,0.00076,0.00159,0.00391
56.40000,1.02193,0.99372,0.00077,0.00163,0.00389
56.50000,1.02194,0.99371,0.00077,0.00162,0.00389
56.60000,1.02194,0.99372,0.00078,0.00162,0.00388
56.70000,1.02194,0.99357,0.00080,0.00166,0.00398
56.80000,1.02194,0.99360,0.00078,0.00162,0.00399
56.90000,1.02193,0.99351,0.00081,0.00166,0.00402
57.00000,1.02194,0.99342,0.00083,0.00167,0.00408
57.10000,1.02194,0.99337,0.00083,0.00169,0.00411
57.20000,1.02194,0.99339,0.00084,0.00168,0.00409
57.30000,1.02194,0.99315,0.00087,0.00172,0.00426
57.40000,1.02193,0.99304,0.00088,0.00172,0.00436
57.50000,1.02194,0.99306,0.00088,0.00174,0.00433
57.60000,1.02194,0.99304,0.00088,0.00174,0.00434
57.70000,1.02194,0.99318,0.00086,0.00171,0.00426
57.80000,1.02194,0.99309,0.00088,0.00172,0.00431
57.90000,1.02193,0.99319,0.00085,0.00170,0.00426
58.00000,1.02194,0.99320,0.00084,0.00170,0.00425
58.10000,1.02194,0.99312,0.00085,0.00172,0.00431
58.20000,1.02194,0.99307,0.00086,0.00175,0.00431
58.30000,1.02194,0.99307,0.00086,0.00175,0.00432
58.40000,1.02193,0.99305,0.00087,0.00174,0.00435
58.50000,1.02194,0.99325,0.00084,0.00171,0.00421
58.60000,1.02194,0.99326,0.00083,0.00170,0.00421
58.70000,1.02194,0.99318,0.00085,0.00172,0.00426
58.80000,1.02194,0.99321,0.00085,0.00172,0.00423
58.90000,1.02193,0.99314,0.00086,0.00173,0.00427
59.00000,1.02194,0.99307,0.00087,0.00175,0.00432
59.10000,1.02194,0.99308,0.00087,0.00174,0.00431
59.20000,1.02194,0.99313,0.00086,0.00172,0.00429
59.30000,1.02194,0.99318,0.00085,0.00172,0.00425
59.40000,1.02193,0.99313,0.00086,0.00173,0.00429
59.50000,1.02194,0.99307,0.00087,0.00174,0.00433
59.60000,1.02194,0.99298,0.00088,0.00175,0.00439
59.70000,1.02194,0.99298,0.00089,0.00177,0.00436
59.80000,1.02194,0.99307,0.00087,0.00174,0.00432
59.90000,1.02193,0.99314,0.00085,0.00172,0.00428
60.00000,1.02194,0.99328,0.00083,0.00169,0.00420
60.10000,1.02194,0.99339,0.00081,0.00166,0.00414
60.20000,1.02194,0.99335,0.00082,0.00167,0.00417
60.30000,1.02194,0.99314,0.00086,0.00172,0.00429
